1744987907911 0.056179775280898875 10
1744987907912 0.056179775280898875 10
1744987912092 0.11235955056179775 20
1744987912090 0.11235955056179775 20
1744987916356 0.16853932584269662 30
1744987916357 0.16853932584269662 30
1744987920361 0.2247191011235955 40
1744987920363 0.2247191011235955 40
1744987924489 0.2808988764044944 50
1744987924495 0.2808988764044944 50
1744987928512 0.33707865168539325 60
1744987928513 0.33707865168539325 60
1744987932569 0.39325842696629215 70
1744987932570 0.39325842696629215 70
1744987936619 0.449438202247191 80
1744987936620 0.449438202247191 80
1744987940999 0.5056179775280899 90
1744987941000 0.5056179775280899 90
1744987945067 0.5617977528089888 100
1744987945068 0.5617977528089888 100
1744987949119 0.6179775280898876 110
1744987949120 0.6179775280898876 110
1744987953157 0.6741573033707865 120
1744987953158 0.6741573033707865 120
1744987957595 0.7303370786516854 130
1744987957593 0.7303370786516854 130
1744987961976 0.7865168539325843 140
1744987961978 0.7865168539325843 140
1744987966464 0.8426966292134831 150
1744987966465 0.8426966292134831 150
1744987970691 0.898876404494382 160
1744987970691 0.898876404494382 160
1744987974967 0.9550561797752809 170
1744987974968 0.9550561797752809 170
1744988005914 1.0 178
1744988005915 1.0 178
1744988010721 1.0112359550561798 180
1744988010722 1.0112359550561798 180
1744988014848 1.0674157303370786 190
1744988014846 1.0674157303370786 190
1744988019127 1.1235955056179776 200
1744988019128 1.1235955056179776 200
1744988023848 1.1797752808988764 210
1744988023847 1.1797752808988764 210
1744988028932 1.2359550561797752 220
1744988028933 1.2359550561797752 220
1744988033409 1.2921348314606742 230
1744988033412 1.2921348314606742 230
1744988038740 1.348314606741573 240
1744988038742 1.348314606741573 240
1744988043606 1.404494382022472 250
1744988043608 1.404494382022472 250
1744988048954 1.4606741573033708 260
1744988048953 1.4606741573033708 260
1744988053332 1.5168539325842696 270
1744988053333 1.5168539325842696 270
1744988057542 1.5730337078651684 280
1744988057543 1.5730337078651684 280
1744988061776 1.6292134831460674 290
1744988061773 1.6292134831460674 290
1744988066047 1.6853932584269664 300
1744988066049 1.6853932584269664 300
1744988070396 1.7415730337078652 310
1744988070395 1.7415730337078652 310
1744988075536 1.797752808988764 320
1744988075536 1.797752808988764 320
1744988080031 1.8539325842696628 330
1744988080033 1.8539325842696628 330
1744988084444 1.9101123595505618 340
1744988084445 1.9101123595505618 340
1744988089435 1.9662921348314608 350
1744988089441 1.9662921348314608 350
1744988117357 2.0 356
1744988117358 2.0 356
1744988123719 2.0224719101123596 360
1744988123722 2.0224719101123596 360
1744988128955 2.0786516853932584 370
1744988128959 2.0786516853932584 370
1744988134431 2.134831460674157 380
1744988134432 2.134831460674157 380
1744988141342 2.191011235955056 390
1744988141340 2.191011235955056 390
1744988147587 2.247191011235955 400
1744988147591 2.247191011235955 400
1744988152468 2.303370786516854 410
1744988152469 2.303370786516854 410
1744988156891 2.359550561797753 420
1744988156890 2.359550561797753 420
1744988161744 2.4157303370786516 430
1744988161745 2.4157303370786516 430
1744988166247 2.4719101123595504 440
1744988166248 2.4719101123595504 440
1744988171332 2.5280898876404496 450
1744988171337 2.5280898876404496 450
1744988177004 2.5842696629213484 460
1744988177006 2.5842696629213484 460
1744988181658 2.640449438202247 470
1744988181660 2.640449438202247 470
1744988186432 2.696629213483146 480
1744988186433 2.696629213483146 480
1744988192644 2.752808988764045 490
1744988192643 2.752808988764045 490
1744988198733 2.808988764044944 500
1744988198747 2.808988764044944 500
1744988202979 2.865168539325843 510
1744988202981 2.865168539325843 510
1744988207294 2.9213483146067416 520
1744988207295 2.9213483146067416 520
1744988211876 2.9775280898876404 530
1744988211878 2.9775280898876404 530
1744988242482 3.0 534
1744988242483 3.0 534
1744988247683 3.0 534
1744988247687 3.0 534
1744988335798 3.0 534
1744988335799 3.0 534
1746639106704 3.0 534
1746639106704 3.0 534
