1744987907911 2.685885190963745 10
1744987907912 2.685885190963745 10
1744987912092 3.9821314811706543 20
1744987912090 3.9821314811706543 20
1744987916356 5.887429237365723 30
1744987916357 5.887429237365723 30
1744987920361 17.66649055480957 40
1744987920363 17.66649055480957 40
1744987924489 5.273139953613281 50
1744987924495 5.273139953613281 50
1744987928512 7.924316883087158 60
1744987928513 7.924316883087158 60
1744987932569 4.514214038848877 70
1744987932570 4.514214038848877 70
1744987936619 8.172338485717773 80
1744987936620 8.172338485717773 80
1744987940999 7.441546440124512 90
1744987941000 7.441546440124512 90
1744987945067 3.769092321395874 100
1744987945068 3.769092321395874 100
1744987949119 5.334153175354004 110
1744987949120 5.334153175354004 110
1744987953157 6.533088684082031 120
1744987953158 6.533088684082031 120
1744987957595 8.5047025680542 130
1744987957593 8.5047025680542 130
1744987961976 1.1051355600357056 140
1744987961978 1.1051355600357056 140
1744987966464 26.233579635620117 150
1744987966465 26.233579635620117 150
1744987970691 16.40314483642578 160
1744987970691 16.40314483642578 160
1744987974967 9.30191707611084 170
1744987974968 9.30191707611084 170
1744988010721 4.268508434295654 180
1744988010722 4.268508434295654 180
1744988014848 21.12162971496582 190
1744988014846 21.12162971496582 190
1744988019127 8.925586700439453 200
1744988019128 8.925586700439453 200
1744988023847 23.879274368286133 210
1744988023848 23.879274368286133 210
1744988028932 15.66492748260498 220
1744988028933 15.66492748260498 220
1744988033409 22.513296127319336 230
1744988033412 22.513296127319336 230
1744988038740 11.576683044433594 240
1744988038742 11.576683044433594 240
1744988043606 1.7473902702331543 250
1744988043608 1.7473902702331543 250
1744988048953 25.1844482421875 260
1744988048954 25.1844482421875 260
1744988053332 46.121253967285156 270
1744988053333 46.121253967285156 270
1744988057542 59.73088836669922 280
1744988057543 59.73088836669922 280
1744988061776 5.661954879760742 290
1744988061773 5.661954879760742 290
1744988066047 25.651105880737305 300
1744988066049 25.651105880737305 300
1744988070396 0.9202821254730225 310
1744988070395 0.9202821254730225 310
1744988075536 3.0159966945648193 320
1744988075536 3.0159966945648193 320
1744988080031 9.949910163879395 330
1744988080033 9.949910163879395 330
1744988084444 2.659583330154419 340
1744988084445 2.659583330154419 340
1744988089435 7.8221116065979 350
1744988089441 7.8221116065979 350
1744988123719 0.2643468976020813 360
1744988123722 0.2643468976020813 360
1744988128955 32.21797180175781 370
1744988128959 32.21797180175781 370
1744988134431 0.12683376669883728 380
1744988134432 0.12683376669883728 380
1744988141342 0.13343292474746704 390
1744988141340 0.13343292474746704 390
1744988147587 11.14097785949707 400
1744988147591 11.14097785949707 400
1744988152468 11.616323471069336 410
1744988152469 11.616323471069336 410
1744988156891 0.03776450455188751 420
1744988156890 0.03776450455188751 420
1744988161744 0.10710391402244568 430
1744988161745 0.10710391402244568 430
1744988166247 0.048488132655620575 440
1744988166248 0.048488132655620575 440
1744988171332 0.114655502140522 450
1744988171337 0.114655502140522 450
1744988177004 0.03459553048014641 460
1744988177006 0.03459553048014641 460
1744988181658 0.05319881811738014 470
1744988181660 0.05319881811738014 470
1744988186432 0.03555915504693985 480
1744988186433 0.03555915504693985 480
1744988192644 0.07137270271778107 490
1744988192643 0.07137270271778107 490
1744988198733 0.03710674121975899 500
1744988198747 0.03710674121975899 500
1744988202979 0.027246057987213135 510
1744988202981 0.027246057987213135 510
1744988207294 0.15682359039783478 520
1744988207295 0.15682359039783478 520
1744988211876 0.19806870818138123 530
1744988211878 0.19806870818138123 530
