1744987907911 4.906367041198502e-05 10
1744987907912 4.906367041198502e-05 10
1744987912092 4.812734082397004e-05 20
1744987912090 4.812734082397004e-05 20
1744987916356 4.719101123595506e-05 30
1744987916357 4.719101123595506e-05 30
1744987920361 4.625468164794008e-05 40
1744987920363 4.625468164794008e-05 40
1744987924489 4.531835205992509e-05 50
1744987924495 4.531835205992509e-05 50
1744987928512 4.438202247191011e-05 60
1744987928513 4.438202247191011e-05 60
1744987932569 4.344569288389513e-05 70
1744987932570 4.344569288389513e-05 70
1744987936619 4.250936329588015e-05 80
1744987936620 4.250936329588015e-05 80
1744987940999 4.157303370786517e-05 90
1744987941000 4.157303370786517e-05 90
1744987945067 4.063670411985019e-05 100
1744987945068 4.063670411985019e-05 100
1744987949119 3.970037453183521e-05 110
1744987949120 3.970037453183521e-05 110
1744987953157 3.876404494382023e-05 120
1744987953158 3.876404494382023e-05 120
1744987957595 3.782771535580524e-05 130
1744987957593 3.782771535580524e-05 130
1744987961976 3.689138576779027e-05 140
1744987961978 3.689138576779027e-05 140
1744987966464 3.595505617977528e-05 150
1744987966465 3.595505617977528e-05 150
1744987970691 3.5018726591760305e-05 160
1744987970691 3.5018726591760305e-05 160
1744987974967 3.408239700374532e-05 170
1744987974968 3.408239700374532e-05 170
1744988010721 3.314606741573034e-05 180
1744988010722 3.314606741573034e-05 180
1744988014848 3.220973782771536e-05 190
1744988014846 3.220973782771536e-05 190
1744988019127 3.1273408239700376e-05 200
1744988019128 3.1273408239700376e-05 200
1744988023848 3.0337078651685396e-05 210
1744988023847 3.0337078651685396e-05 210
1744988028932 2.940074906367041e-05 220
1744988028933 2.940074906367041e-05 220
1744988033409 2.846441947565543e-05 230
1744988033412 2.846441947565543e-05 230
1744988038740 2.752808988764045e-05 240
1744988038742 2.752808988764045e-05 240
1744988043606 2.6591760299625466e-05 250
1744988043608 2.6591760299625466e-05 250
1744988048954 2.565543071161049e-05 260
1744988048953 2.565543071161049e-05 260
1744988053332 2.4719101123595505e-05 270
1744988053333 2.4719101123595505e-05 270
1744988057542 2.3782771535580524e-05 280
1744988057543 2.3782771535580524e-05 280
1744988061776 2.2846441947565544e-05 290
1744988061773 2.2846441947565544e-05 290
1744988066047 2.1910112359550563e-05 300
1744988066049 2.1910112359550563e-05 300
1744988070396 2.0973782771535582e-05 310
1744988070395 2.0973782771535582e-05 310
1744988075536 2.00374531835206e-05 320
1744988075536 2.00374531835206e-05 320
1744988080031 1.9101123595505618e-05 330
1744988080033 1.9101123595505618e-05 330
1744988084444 1.8164794007490637e-05 340
1744988084445 1.8164794007490637e-05 340
1744988089435 1.7228464419475657e-05 350
1744988089441 1.7228464419475657e-05 350
1744988123719 1.6292134831460676e-05 360
1744988123722 1.6292134831460676e-05 360
1744988128955 1.5355805243445692e-05 370
1744988128959 1.5355805243445692e-05 370
1744988134431 1.4419475655430711e-05 380
1744988134432 1.4419475655430711e-05 380
1744988141342 1.348314606741573e-05 390
1744988141340 1.348314606741573e-05 390
1744988147587 1.254681647940075e-05 400
1744988147591 1.254681647940075e-05 400
1744988152468 1.161048689138577e-05 410
1744988152469 1.161048689138577e-05 410
1744988156891 1.0674157303370787e-05 420
1744988156890 1.0674157303370787e-05 420
1744988161744 9.737827715355806e-06 430
1744988161745 9.737827715355806e-06 430
1744988166247 8.801498127340826e-06 440
1744988166248 8.801498127340826e-06 440
1744988171332 7.865168539325843e-06 450
1744988171337 7.865168539325843e-06 450
1744988177004 6.928838951310862e-06 460
1744988177006 6.928838951310862e-06 460
1744988181658 5.9925093632958805e-06 470
1744988181660 5.9925093632958805e-06 470
1744988186432 5.056179775280899e-06 480
1744988186433 5.056179775280899e-06 480
1744988192644 4.1198501872659175e-06 490
1744988192643 4.1198501872659175e-06 490
1744988198733 3.1835205992509364e-06 500
1744988198747 3.1835205992509364e-06 500
1744988202979 2.247191011235955e-06 510
1744988202981 2.247191011235955e-06 510
1744988207294 1.310861423220974e-06 520
1744988207295 1.310861423220974e-06 520
1744988211876 3.7453183520599253e-07 530
1744988211878 3.7453183520599253e-07 530
