1744987907911 0.6514 10
1744987907912 0.6514 10
1744987912092 0.6811 20
1744987912090 0.6811 20
1744987916356 0.5776 30
1744987916357 0.5776 30
1744987920361 0.4699 40
1744987920363 0.4699 40
1744987924489 0.4415 50
1744987924495 0.4415 50
1744987928512 0.5908 60
1744987928513 0.5908 60
1744987932569 0.7061 70
1744987932570 0.7061 70
1744987936619 0.4445 80
1744987936620 0.4445 80
1744987940999 0.4691 90
1744987941000 0.4691 90
1744987945067 0.4133 100
1744987945068 0.4133 100
1744987949119 0.5943 110
1744987949120 0.5943 110
1744987953157 0.4715 120
1744987953158 0.4715 120
1744987957595 0.3186 130
1744987957593 0.3186 130
1744987961976 0.3499 140
1744987961978 0.3499 140
1744987966464 0.4628 150
1744987966465 0.4628 150
1744987970691 0.501 160
1744987970691 0.501 160
1744987974967 0.4423 170
1744987974968 0.4423 170
1744988010721 0.3144 180
1744988010722 0.3144 180
1744988014848 0.1681 190
1744988014846 0.1681 190
1744988019127 0.3839 200
1744988019128 0.3839 200
1744988023847 0.252 210
1744988023848 0.252 210
1744988028932 0.1456 220
1744988028933 0.1456 220
1744988033409 0.317 230
1744988033412 0.317 230
1744988038740 0.1992 240
1744988038742 0.1992 240
1744988043606 0.2124 250
1744988043608 0.2124 250
1744988048953 0.3053 260
1744988048954 0.3053 260
1744988053332 0.2402 270
1744988053333 0.2402 270
1744988057542 0.2899 280
1744988057543 0.2899 280
1744988061776 0.1543 290
1744988061773 0.1543 290
1744988066047 0.3387 300
1744988066049 0.3387 300
1744988070396 0.1114 310
1744988070395 0.1114 310
1744988075536 0.0912 320
1744988080031 0.0881 330
1744988080033 0.0881 330
1744988084444 0.3741 340
1744988084445 0.3741 340
1744988089435 0.4088 350
1744988089441 0.4088 350
1744988123722 0.0513 360
1744988128955 0.1752 370
1744988128959 0.1752 370
1744988134431 0.0447 380
1744988134432 0.0447 380
1744988141342 0.0036 390
1744988141340 0.0036 390
1744988147587 0.0162 400
1744988147591 0.0162 400
1744988152468 0.0795 410
1744988152469 0.0795 410
1744988156891 0.0845 420
1744988156890 0.0845 420
1744988161744 0.1182 430
1744988161745 0.1182 430
1744988166247 0.0605 440
1744988166248 0.0605 440
1744988171332 0.0783 450
1744988171337 0.0783 450
1744988177004 0.0637 460
1744988177006 0.0637 460
1744988181658 0.0076 470
1744988181660 0.0076 470
1744988186432 0.1315 480
1744988186433 0.1315 480
1744988192643 0.0443 490
1744988192644 0.0443 490
1744988198733 0.0256 500
1744988198747 0.0256 500
1744988202979 0.0265 510
1744988202981 0.0265 510
1744988207294 0.0619 520
1744988207295 0.0619 520
1744988211876 0.1121 530
1744988211878 0.1121 530
