1746959839176 0.5555555555555556 10
1746959839178 0.5555555555555556 10
1746959851257 1.0 18
1746959851258 1.0 18
1746959854326 1.1111111111111112 20
1746959854327 1.1111111111111112 20
1746959863969 1.6666666666666665 30
1746959863970 1.6666666666666665 30
1746959876288 2.0 36
1746959876287 2.0 36
1746959881154 2.2222222222222223 40
1746959881155 2.2222222222222223 40
1746959890932 2.7777777777777777 50
1746959890932 2.7777777777777777 50
1746959901763 3.0 54
1746959901764 3.0 54
1746959909732 3.3333333333333335 60
1746959909733 3.3333333333333335 60
1746959920009 3.888888888888889 70
1746959920009 3.888888888888889 70
1746959927073 4.0 72
1746959927074 4.0 72
1746959935134 4.444444444444445 80
1746959935135 4.444444444444445 80
1746959943255 5.0 90
1746959943257 5.0 90
1746959947726 5.0 90
1746959947725 5.0 90
1746959949117 5.0 90
1746959949117 5.0 90
