1746959839176 12.074649810791016 10
1746959839178 12.074649810791016 10
1746959854326 3.1260733604431152 20
1746959854327 3.1260733604431152 20
1746959863969 2.5781564712524414 30
1746959863970 2.5781564712524414 30
1746959881154 5.143238067626953 40
1746959881155 5.143238067626953 40
1746959890932 4.598283290863037 50
1746959890932 4.598283290863037 50
1746959909732 2.8866281509399414 60
1746959909733 2.8866281509399414 60
1746959920009 4.360199451446533 70
1746959920009 4.360199451446533 70
1746959935134 5.081484794616699 80
1746959935135 5.081484794616699 80
1746959943255 5.1004180908203125 90
1746959943257 5.1004180908203125 90
