1746959839176 4.4444444444444447e-05 10
1746959839178 4.4444444444444447e-05 10
1746959854326 3.888888888888889e-05 20
1746959854327 3.888888888888889e-05 20
1746959863969 3.3333333333333335e-05 30
1746959863970 3.3333333333333335e-05 30
1746959881154 2.777777777777778e-05 40
1746959881155 2.777777777777778e-05 40
1746959890932 2.2222222222222223e-05 50
1746959890932 2.2222222222222223e-05 50
1746959909732 1.6666666666666667e-05 60
1746959909733 1.6666666666666667e-05 60
1746959920009 1.1111111111111112e-05 70
1746959920009 1.1111111111111112e-05 70
1746959935134 5.555555555555556e-06 80
1746959935135 5.555555555555556e-06 80
1746959943255 0.0 90
1746959943257 0.0 90
