1747347428856 1.0 3
1747347428859 1.0 3
1747347432508 2.0 6
1747347432508 2.0 6
1747347435199 3.0 9
1747347435200 3.0 9
1747347437059 3.3333333333333335 10
1747347437060 3.3333333333333335 10
1747347437587 4.0 12
1747347437587 4.0 12
1747347440050 5.0 15
1747347440051 5.0 15
1747347443016 6.0 18
1747347443017 6.0 18
1747347445247 6.666666666666667 20
1747347445248 6.666666666666667 20
1747347445401 7.0 21
1747347445402 7.0 21
1747347447748 8.0 24
1747347447750 8.0 24
1747347449258 8.0 24
1747347449258 8.0 24
