1747393081834 0.10638297872340426 10
1747393081835 0.10638297872340426 10
1747393083820 0.2127659574468085 20
1747393083821 0.2127659574468085 20
1747393085780 0.3191489361702128 30
1747393085781 0.3191489361702128 30
1747393087775 0.425531914893617 40
1747393087776 0.425531914893617 40
1747393089763 0.5319148936170213 50
1747393089764 0.5319148936170213 50
1747393091746 0.6382978723404256 60
1747393091747 0.6382978723404256 60
1747393093723 0.7446808510638298 70
1747393093723 0.7446808510638298 70
1747393095684 0.851063829787234 80
1747393095686 0.851063829787234 80
1747393097652 0.9574468085106383 90
1747393097651 0.9574468085106383 90
1747393099667 1.0 94
1747393099668 1.0 94
1747393102423 1.0638297872340425 100
1747393102422 1.0638297872340425 100
1747393105727 1.1702127659574468 110
1747393105732 1.1702127659574468 110
1747393108067 1.2765957446808511 120
1747393108068 1.2765957446808511 120
1747393110051 1.3829787234042552 130
1747393110049 1.3829787234042552 130
1747393112050 1.4893617021276595 140
1747393112052 1.4893617021276595 140
1747393114038 1.5957446808510638 150
1747393114039 1.5957446808510638 150
1747393116048 1.702127659574468 160
1747393116048 1.702127659574468 160
1747393119719 1.8085106382978724 170
1747393119720 1.8085106382978724 170
1747393121679 1.9148936170212765 180
1747393121680 1.9148936170212765 180
1747393124442 2.0 188
1747393124443 2.0 188
1747393126880 2.021276595744681 190
1747393126882 2.021276595744681 190
1747393128932 2.127659574468085 200
1747393128933 2.127659574468085 200
1747393130942 2.2340425531914896 210
1747393130943 2.2340425531914896 210
1747393132933 2.3404255319148937 220
1747393132933 2.3404255319148937 220
1747393134915 2.4468085106382977 230
1747393134917 2.4468085106382977 230
1747393136911 2.5531914893617023 240
1747393136912 2.5531914893617023 240
1747393138894 2.6595744680851063 250
1747393138895 2.6595744680851063 250
1747393140864 2.7659574468085104 260
1747393140865 2.7659574468085104 260
1747393142924 2.872340425531915 270
1747393142925 2.872340425531915 270
1747393144992 2.978723404255319 280
1747393144994 2.978723404255319 280
1747393146709 3.0 282
1747393146711 3.0 282
1747393151238 3.0851063829787235 290
1747393151238 3.0851063829787235 290
1747393153313 3.1914893617021276 300
1747393153314 3.1914893617021276 300
1747393155416 3.297872340425532 310
1747393155418 3.297872340425532 310
1747393157481 3.404255319148936 320
1747393157483 3.404255319148936 320
1747393159572 3.5106382978723403 330
1747393159573 3.5106382978723403 330
1747393161615 3.617021276595745 340
1747393161617 3.617021276595745 340
1747393163660 3.723404255319149 350
1747393163662 3.723404255319149 350
1747393165719 3.829787234042553 360
1747393165721 3.829787234042553 360
1747393169495 3.9361702127659575 370
1747393169497 3.9361702127659575 370
1747393172042 4.0 376
1747393172038 4.0 376
1747393175176 4.042553191489362 380
1747393175178 4.042553191489362 380
1747393177182 4.148936170212766 390
1747393177180 4.148936170212766 390
1747393179209 4.25531914893617 400
1747393179210 4.25531914893617 400
1747393181195 4.361702127659575 410
1747393181196 4.361702127659575 410
1747393183186 4.468085106382979 420
1747393183187 4.468085106382979 420
1747393185229 4.574468085106383 430
1747393185230 4.574468085106383 430
1747393188921 4.680851063829787 440
1747393188922 4.680851063829787 440
1747393190909 4.787234042553192 450
1747393190911 4.787234042553192 450
1747393192900 4.8936170212765955 460
1747393192901 4.8936170212765955 460
1747393194843 5.0 470
1747393194845 5.0 470
1747393196187 5.0 470
1747393196188 5.0 470
1747393197687 5.0 470
1747393197688 5.0 470
