1747393081834 5.509495258331299 10
1747393081835 5.509495258331299 10
1747393083820 1.6873743534088135 20
1747393083821 1.6873743534088135 20
1747393085780 0.38747072219848633 30
1747393085781 0.38747072219848633 30
1747393087775 0.11350294202566147 40
1747393087776 0.11350294202566147 40
1747393089763 6.93613862991333 50
1747393089764 6.93613862991333 50
1747393091746 10.221437454223633 60
1747393091747 10.221437454223633 60
1747393093723 0.28494107723236084 70
1747393093723 0.28494107723236084 70
1747393095684 11.43588924407959 80
1747393095686 11.43588924407959 80
1747393097651 0.06801018118858337 90
1747393097652 0.06801018118858337 90
1747393102422 0.6970939636230469 100
1747393102423 0.6970939636230469 100
1747393105727 0.4764951169490814 110
1747393105732 0.4764951169490814 110
1747393108067 0.4109947085380554 120
1747393108068 0.4109947085380554 120
1747393110051 0.029300739988684654 130
1747393110049 0.029300739988684654 130
1747393112050 0.023009968921542168 140
1747393112052 0.023009968921542168 140
1747393114038 0.021950095891952515 150
1747393114039 0.021950095891952515 150
1747393116048 0.017307022586464882 160
1747393116048 0.017307022586464882 160
1747393119719 0.013897044584155083 170
1747393119720 0.013897044584155083 170
1747393121679 0.015299146063625813 180
1747393121680 0.015299146063625813 180
1747393126880 0.016913333907723427 190
1747393126882 0.016913333907723427 190
1747393128932 0.014864545315504074 200
1747393128933 0.014864545315504074 200
1747393130942 0.018154649063944817 210
1747393130943 0.018154649063944817 210
1747393132933 0.012740989215672016 220
1747393132933 0.012740989215672016 220
1747393134915 0.012422914616763592 230
1747393134917 0.012422914616763592 230
1747393136911 3.298029899597168 240
1747393136912 3.298029899597168 240
1747393138894 0.010208678431808949 250
1747393138895 0.010208678431808949 250
1747393140864 0.014224638231098652 260
1747393140865 0.014224638231098652 260
1747393142924 0.012968328781425953 270
1747393142925 0.012968328781425953 270
1747393144992 0.008103696629405022 280
1747393144994 0.008103696629405022 280
1747393151238 0.00859688501805067 290
1747393151238 0.00859688501805067 290
1747393153313 0.00830675195902586 300
1747393153314 0.00830675195902586 300
1747393155416 0.008447494357824326 310
1747393155418 0.008447494357824326 310
1747393157481 0.25603193044662476 320
1747393157483 0.25603193044662476 320
1747393159572 0.006820587906986475 330
1747393159573 0.006820587906986475 330
1747393161615 0.006277329754084349 340
1747393161617 0.006277329754084349 340
1747393163660 0.005631210282444954 350
1747393163662 0.005631210282444954 350
1747393165719 0.004477410111576319 360
1747393165721 0.004477410111576319 360
1747393169495 0.005095112137496471 370
1747393169497 0.005095112137496471 370
1747393175176 0.0038665630854666233 380
1747393175178 0.0038665630854666233 380
1747393177180 0.005069407634437084 390
1747393177182 0.005069407634437084 390
1747393179209 0.004219098947942257 400
1747393179210 0.004219098947942257 400
1747393181195 0.005153043661266565 410
1747393181196 0.005153043661266565 410
1747393183186 0.003984453622251749 420
1747393183187 0.003984453622251749 420
1747393185229 0.0030083463061600924 430
1747393185230 0.0030083463061600924 430
1747393188921 0.0037381909787654877 440
1747393188922 0.0037381909787654877 440
1747393190909 0.0038435780443251133 450
1747393190911 0.0038435780443251133 450
1747393192900 0.004006165079772472 460
1747393192901 0.004006165079772472 460
1747393194843 0.0030096429400146008 470
1747393194845 0.0030096429400146008 470
