1747393081834 4.946808510638298e-05 10
1747393081835 4.946808510638298e-05 10
1747393083820 4.893617021276596e-05 20
1747393083821 4.893617021276596e-05 20
1747393085780 4.840425531914894e-05 30
1747393085781 4.840425531914894e-05 30
1747393087775 4.787234042553192e-05 40
1747393087776 4.787234042553192e-05 40
1747393089763 4.734042553191489e-05 50
1747393089764 4.734042553191489e-05 50
1747393091746 4.680851063829788e-05 60
1747393091747 4.680851063829788e-05 60
1747393093723 4.627659574468085e-05 70
1747393093723 4.627659574468085e-05 70
1747393095684 4.574468085106383e-05 80
1747393095686 4.574468085106383e-05 80
1747393097651 4.5212765957446815e-05 90
1747393097652 4.5212765957446815e-05 90
1747393102423 4.468085106382979e-05 100
1747393102422 4.468085106382979e-05 100
1747393105727 4.414893617021277e-05 110
1747393105732 4.414893617021277e-05 110
1747393108067 4.3617021276595746e-05 120
1747393108068 4.3617021276595746e-05 120
1747393110051 4.3085106382978725e-05 130
1747393110049 4.3085106382978725e-05 130
1747393112050 4.2553191489361704e-05 140
1747393112052 4.2553191489361704e-05 140
1747393114038 4.2021276595744684e-05 150
1747393114039 4.2021276595744684e-05 150
1747393116048 4.148936170212766e-05 160
1747393116048 4.148936170212766e-05 160
1747393119719 4.095744680851064e-05 170
1747393119720 4.095744680851064e-05 170
1747393121679 4.0425531914893614e-05 180
1747393121680 4.0425531914893614e-05 180
1747393126880 3.9893617021276594e-05 190
1747393126882 3.9893617021276594e-05 190
1747393128932 3.936170212765958e-05 200
1747393128933 3.936170212765958e-05 200
1747393130942 3.882978723404255e-05 210
1747393130943 3.882978723404255e-05 210
1747393132933 3.829787234042553e-05 220
1747393132933 3.829787234042553e-05 220
1747393134915 3.776595744680852e-05 230
1747393134917 3.776595744680852e-05 230
1747393136911 3.723404255319149e-05 240
1747393136912 3.723404255319149e-05 240
1747393138894 3.670212765957447e-05 250
1747393138895 3.670212765957447e-05 250
1747393140864 3.617021276595745e-05 260
1747393140865 3.617021276595745e-05 260
1747393142924 3.563829787234043e-05 270
1747393142925 3.563829787234043e-05 270
1747393144992 3.5106382978723407e-05 280
1747393144994 3.5106382978723407e-05 280
1747393151238 3.4574468085106386e-05 290
1747393151238 3.4574468085106386e-05 290
1747393153313 3.4042553191489365e-05 300
1747393153314 3.4042553191489365e-05 300
1747393155416 3.3510638297872344e-05 310
1747393155418 3.3510638297872344e-05 310
1747393157481 3.2978723404255317e-05 320
1747393157483 3.2978723404255317e-05 320
1747393159572 3.2446808510638296e-05 330
1747393159573 3.2446808510638296e-05 330
1747393161615 3.191489361702128e-05 340
1747393161617 3.191489361702128e-05 340
1747393163660 3.1382978723404254e-05 350
1747393163662 3.1382978723404254e-05 350
1747393165719 3.085106382978723e-05 360
1747393165721 3.085106382978723e-05 360
1747393169495 3.0319148936170216e-05 370
1747393169497 3.0319148936170216e-05 370
1747393175176 2.9787234042553192e-05 380
1747393175178 2.9787234042553192e-05 380
1747393177180 2.925531914893617e-05 390
1747393177182 2.925531914893617e-05 390
1747393179209 2.8723404255319154e-05 400
1747393179210 2.8723404255319154e-05 400
1747393181195 2.819148936170213e-05 410
1747393181196 2.819148936170213e-05 410
1747393183186 2.765957446808511e-05 420
1747393183187 2.765957446808511e-05 420
1747393185229 2.7127659574468084e-05 430
1747393185230 2.7127659574468084e-05 430
1747393188921 2.6595744680851064e-05 440
1747393188922 2.6595744680851064e-05 440
1747393190909 2.6063829787234046e-05 450
1747393190911 2.6063829787234046e-05 450
1747393192900 2.5531914893617022e-05 460
1747393192901 2.5531914893617022e-05 460
1747393194843 2.5e-05 470
1747393194845 2.5e-05 470
