1747393081834 0.5842 10
1747393081835 0.5842 10
1747393083820 0.2769 20
1747393083821 0.2769 20
1747393085780 0.1656 30
1747393085781 0.1656 30
1747393087775 0.0291 40
1747393087776 0.0291 40
1747393089763 0.15 50
1747393089764 0.15 50
1747393091746 0.4071 60
1747393091747 0.4071 60
1747393093723 0.1465 70
1747393093723 0.1465 70
1747393095684 0.0982 80
1747393095686 0.0982 80
1747393097651 0.0302 90
1747393097652 0.0302 90
1747393102422 0.0669 100
1747393102423 0.0669 100
1747393105727 0.004 110
1747393105732 0.004 110
1747393108067 0.0448 120
1747393108068 0.0448 120
1747393110051 0.0082 130
1747393110049 0.0082 130
1747393112050 0.0341 140
1747393112052 0.0341 140
1747393114038 0.0051 150
1747393114039 0.0051 150
1747393116048 0.0017 160
1747393116048 0.0017 160
1747393119719 0.0122 170
1747393119720 0.0122 170
1747393121679 0.0636 180
1747393121680 0.0636 180
1747393126880 0.0011 190
1747393126882 0.0011 190
1747393128932 0.0012 200
1747393128933 0.0012 200
1747393130942 0.0011 210
1747393130943 0.0011 210
1747393132933 0.0298 220
1747393132933 0.0298 220
1747393134915 0.0008 230
1747393134917 0.0008 230
1747393136911 0.0405 240
1747393136912 0.0405 240
1747393138894 0.0437 250
1747393138895 0.0437 250
1747393140864 0.0008 260
1747393140865 0.0008 260
1747393142924 0.0007 270
1747393142925 0.0007 270
1747393144992 0.0006 280
1747393144994 0.0006 280
1747393151238 0.0005 290
1747393151238 0.0005 290
1747393153313 0.0005 300
1747393153314 0.0005 300
1747393155416 0.0004 310
1747393155418 0.0004 310
1747393157481 0.0277 320
1747393157483 0.0277 320
1747393159572 0.0261 330
1747393159573 0.0261 330
1747393161615 0.0005 340
1747393161617 0.0005 340
1747393163660 0.0003 350
1747393163662 0.0003 350
1747393165719 0.0003 360
1747393165721 0.0003 360
1747393169495 0.0003 370
1747393169497 0.0003 370
1747393175176 0.0003 380
1747393175178 0.0003 380
1747393177180 0.0002 390
1747393177182 0.0002 390
1747393179209 0.0002 400
1747393179210 0.0002 400
1747393181195 0.0002 410
1747393181196 0.0002 410
1747393183186 0.0002 420
1747393183187 0.0002 420
1747393185229 0.0002 430
1747393185230 0.0002 430
1747393188921 0.0002 440
1747393188922 0.0002 440
1747393190909 0.0002 450
1747393190911 0.0002 450
1747393192900 0.0002 460
1747393192901 0.0002 460
1747393194843 0.0002 470
1747393194845 0.0002 470
