1747388145307 0.11235955056179775 10
1747388145307 0.11235955056179775 10
1747388148998 0.2247191011235955 20
1747388148998 0.2247191011235955 20
1747388152714 0.33707865168539325 30
1747388152714 0.33707865168539325 30
1747388156502 0.449438202247191 40
1747388156504 0.449438202247191 40
1747388160257 0.5617977528089888 50
1747388160257 0.5617977528089888 50
1747388164034 0.6741573033707865 60
1747388164034 0.6741573033707865 60
1747388167858 0.7865168539325843 70
1747388167858 0.7865168539325843 70
1747388171817 0.898876404494382 80
1747388171817 0.898876404494382 80
1747388177496 1.0 89
1747388177496 1.0 89
1747388178969 1.0112359550561798 90
1747388178969 1.0112359550561798 90
1747388182763 1.1235955056179776 100
1747388182763 1.1235955056179776 100
1747388189839 1.2359550561797752 110
1747388189839 1.2359550561797752 110
1747388193697 1.348314606741573 120
1747388193697 1.348314606741573 120
1747388199272 1.4606741573033708 130
1747388199272 1.4606741573033708 130
1747388203136 1.5730337078651684 140
1747388203138 1.5730337078651684 140
1747388207007 1.6853932584269664 150
1747388207007 1.6853932584269664 150
1747388210817 1.797752808988764 160
1747388210819 1.797752808988764 160
1747388214610 1.9101123595505618 170
1747388214610 1.9101123595505618 170
1747388219905 2.0 178
1747388219905 2.0 178
1747388221680 2.0224719101123596 180
1747388221680 2.0224719101123596 180
1747388225578 2.134831460674157 190
1747388225578 2.134831460674157 190
1747388229440 2.247191011235955 200
1747388229440 2.247191011235955 200
1747388233299 2.359550561797753 210
1747388233305 2.359550561797753 210
1747388238865 2.4719101123595504 220
1747388238865 2.4719101123595504 220
1747388242818 2.5842696629213484 230
1747388242818 2.5842696629213484 230
1747388246686 2.696629213483146 240
1747388246686 2.696629213483146 240
1747388252276 2.808988764044944 250
1747388252276 2.808988764044944 250
1747388256178 2.9213483146067416 260
1747388256177 2.9213483146067416 260
1747388262922 3.0 267
1747388262921 3.0 267
1747388265190 3.033707865168539 270
1747388265192 3.033707865168539 270
1747388269108 3.146067415730337 280
1747388269108 3.146067415730337 280
1747388274611 3.258426966292135 290
1747388274612 3.258426966292135 290
1747388278461 3.370786516853933 300
1747388278461 3.370786516853933 300
1747388283965 3.4831460674157304 310
1747388283965 3.4831460674157304 310
1747388287896 3.595505617977528 320
1747388287898 3.595505617977528 320
1747388291783 3.7078651685393256 330
1747388291785 3.7078651685393256 330
1747388295659 3.8202247191011236 340
1747388295659 3.8202247191011236 340
1747388301157 3.932584269662921 350
1747388301157 3.932584269662921 350
1747388305785 4.0 356
1747388305785 4.0 356
1747388308305 4.044943820224719 360
1747388308305 4.044943820224719 360
1747388312124 4.157303370786517 370
1747388312124 4.157303370786517 370
1747388316015 4.269662921348314 380
1747388316015 4.269662921348314 380
1747388319904 4.382022471910112 390
1747388319906 4.382022471910112 390
1747388323847 4.49438202247191 400
1747388323863 4.49438202247191 400
1747388327830 4.606741573033708 410
1747388327830 4.606741573033708 410
1747388331727 4.719101123595506 420
1747388331728 4.719101123595506 420
1747388335586 4.831460674157303 430
1747388335586 4.831460674157303 430
1747388339470 4.943820224719101 440
1747388339470 4.943820224719101 440
1747388343657 5.0 445
1747388343657 5.0 445
1747388344543 5.0 445
1747388344546 5.0 445
