1747388145307 2.018808126449585 10
1747388145307 2.018808126449585 10
1747388148998 1.4381829500198364 20
1747388148998 1.4381829500198364 20
1747388152714 2.6854827404022217 30
1747388152714 2.6854827404022217 30
1747388156502 7.43170166015625 40
1747388156504 7.43170166015625 40
1747388160257 2.9591455459594727 50
1747388160257 2.9591455459594727 50
1747388164034 4.851670742034912 60
1747388164034 4.851670742034912 60
1747388167858 2.357301712036133 70
1747388167858 2.357301712036133 70
1747388171817 4.678127765655518 80
1747388171817 4.678127765655518 80
1747388178969 3.758859395980835 90
1747388178969 3.758859395980835 90
1747388182763 2.780268430709839 100
1747388182763 2.780268430709839 100
1747388189839 1.1184431314468384 110
1747388189839 1.1184431314468384 110
1747388193697 0.6055065989494324 120
1747388193697 0.6055065989494324 120
1747388199272 10.922873497009277 130
1747388199272 10.922873497009277 130
1747388203136 4.535003185272217 140
1747388203138 4.535003185272217 140
1747388207007 3.022925853729248 150
1747388207007 3.022925853729248 150
1747388210817 0.35078901052474976 160
1747388210819 0.35078901052474976 160
1747388214610 4.591530799865723 170
1747388214610 4.591530799865723 170
1747388221680 11.14643383026123 180
1747388221680 11.14643383026123 180
1747388225578 0.25614461302757263 190
1747388225578 0.25614461302757263 190
1747388229440 0.3638100028038025 200
1747388229440 0.3638100028038025 200
1747388233299 4.06415319442749 210
1747388233305 4.06415319442749 210
1747388238865 0.3003409504890442 220
1747388238865 0.3003409504890442 220
1747388242818 0.19637498259544373 230
1747388242818 0.19637498259544373 230
1747388246686 3.643515110015869 240
1747388246686 3.643515110015869 240
1747388252276 2.175625801086426 250
1747388252276 2.175625801086426 250
1747388256177 0.07349194586277008 260
1747388256178 0.07349194586277008 260
1747388265190 0.12258678674697876 270
1747388265192 0.12258678674697876 270
1747388269108 0.35385066270828247 280
1747388269108 0.35385066270828247 280
1747388274611 0.04704919457435608 290
1747388274612 0.04704919457435608 290
1747388278461 0.03475281596183777 300
1747388278461 0.03475281596183777 300
1747388283965 0.03918115794658661 310
1747388283965 0.03918115794658661 310
1747388287896 5.679757118225098 320
1747388287898 5.679757118225098 320
1747388291783 2.802943706512451 330
1747388291785 2.802943706512451 330
1747388295659 0.03787187114357948 340
1747388295659 0.03787187114357948 340
1747388301157 0.1763395071029663 350
1747388301157 0.1763395071029663 350
1747388308305 0.08115828782320023 360
1747388308305 0.08115828782320023 360
1747388312124 0.0230251532047987 370
1747388312124 0.0230251532047987 370
1747388316015 0.023829413577914238 380
1747388316015 0.023829413577914238 380
1747388319904 0.16329877078533173 390
1747388319906 0.16329877078533173 390
1747388323847 0.014734005555510521 400
1747388323863 0.014734005555510521 400
1747388327830 0.019427547231316566 410
1747388327830 0.019427547231316566 410
1747388331727 0.013486201874911785 420
1747388331728 0.013486201874911785 420
1747388335586 0.012035435996949673 430
1747388335586 0.012035435996949673 430
1747388339470 0.015545756556093693 440
1747388339470 0.015545756556093693 440
