1747388145307 4.943820224719101e-05 10
1747388145307 4.943820224719101e-05 10
1747388148998 4.8876404494382024e-05 20
1747388148998 4.8876404494382024e-05 20
1747388152714 4.831460674157304e-05 30
1747388152714 4.831460674157304e-05 30
1747388156502 4.7752808988764046e-05 40
1747388156504 4.7752808988764046e-05 40
1747388160257 4.719101123595506e-05 50
1747388160257 4.719101123595506e-05 50
1747388164034 4.662921348314607e-05 60
1747388164034 4.662921348314607e-05 60
1747388167858 4.606741573033708e-05 70
1747388167858 4.606741573033708e-05 70
1747388171817 4.550561797752809e-05 80
1747388171817 4.550561797752809e-05 80
1747388178969 4.4943820224719104e-05 90
1747388178969 4.4943820224719104e-05 90
1747388182763 4.438202247191011e-05 100
1747388182763 4.438202247191011e-05 100
1747388189839 4.3820224719101126e-05 110
1747388189839 4.3820224719101126e-05 110
1747388193697 4.3258426966292134e-05 120
1747388193697 4.3258426966292134e-05 120
1747388199272 4.269662921348315e-05 130
1747388199272 4.269662921348315e-05 130
1747388203136 4.2134831460674156e-05 140
1747388203138 4.2134831460674156e-05 140
1747388207007 4.157303370786517e-05 150
1747388207007 4.157303370786517e-05 150
1747388210817 4.1011235955056184e-05 160
1747388210819 4.1011235955056184e-05 160
1747388214610 4.044943820224719e-05 170
1747388214610 4.044943820224719e-05 170
1747388221680 3.98876404494382e-05 180
1747388221680 3.98876404494382e-05 180
1747388225578 3.9325842696629214e-05 190
1747388225578 3.9325842696629214e-05 190
1747388229440 3.876404494382023e-05 200
1747388229440 3.876404494382023e-05 200
1747388233299 3.8202247191011236e-05 210
1747388233305 3.8202247191011236e-05 210
1747388238865 3.764044943820225e-05 220
1747388238865 3.764044943820225e-05 220
1747388242818 3.7078651685393264e-05 230
1747388242818 3.7078651685393264e-05 230
1747388246686 3.651685393258427e-05 240
1747388246686 3.651685393258427e-05 240
1747388252276 3.595505617977528e-05 250
1747388252276 3.595505617977528e-05 250
1747388256177 3.5393258426966294e-05 260
1747388256178 3.5393258426966294e-05 260
1747388265190 3.483146067415731e-05 270
1747388265192 3.483146067415731e-05 270
1747388269108 3.4269662921348316e-05 280
1747388269108 3.4269662921348316e-05 280
1747388274611 3.370786516853933e-05 290
1747388274612 3.370786516853933e-05 290
1747388278461 3.314606741573034e-05 300
1747388278461 3.314606741573034e-05 300
1747388283965 3.258426966292135e-05 310
1747388283965 3.258426966292135e-05 310
1747388287896 3.202247191011236e-05 320
1747388287898 3.202247191011236e-05 320
1747388291783 3.1460674157303374e-05 330
1747388291785 3.1460674157303374e-05 330
1747388295659 3.089887640449438e-05 340
1747388295659 3.089887640449438e-05 340
1747388301157 3.0337078651685396e-05 350
1747388308305 2.9775280898876406e-05 360
1747388308305 2.9775280898876406e-05 360
1747388312124 2.9213483146067417e-05 370
1747388312124 2.9213483146067417e-05 370
1747388316015 2.8651685393258425e-05 380
1747388316015 2.8651685393258425e-05 380
1747388319904 2.8089887640449443e-05 390
1747388319906 2.8089887640449443e-05 390
1747388323847 2.752808988764045e-05 400
1747388323863 2.752808988764045e-05 400
1747388327830 2.696629213483146e-05 410
1747388327830 2.696629213483146e-05 410
1747388331727 2.6404494382022472e-05 420
1747388331728 2.6404494382022472e-05 420
1747388335586 2.5842696629213486e-05 430
1747388335586 2.5842696629213486e-05 430
1747388339470 2.5280898876404497e-05 440
1747388339470 2.5280898876404497e-05 440
