1747388145307 0.653 10
1747388145307 0.653 10
1747388148998 0.6641 20
1747388148998 0.6641 20
1747388152714 0.541 30
1747388152714 0.541 30
1747388156502 0.5532 40
1747388156504 0.5532 40
1747388160257 0.4544 50
1747388160257 0.4544 50
1747388164034 0.3752 60
1747388164034 0.3752 60
1747388167858 0.4022 70
1747388167858 0.4022 70
1747388171817 0.4756 80
1747388171817 0.4756 80
1747388178969 0.4229 90
1747388178969 0.4229 90
1747388182763 0.2883 100
1747388182763 0.2883 100
1747388189839 0.2676 110
1747388189839 0.2676 110
1747388193697 0.2233 120
1747388193697 0.2233 120
1747388199272 0.2065 130
1747388199272 0.2065 130
1747388203136 0.3003 140
1747388203138 0.3003 140
1747388207007 0.1413 150
1747388207007 0.1413 150
1747388210817 0.1741 160
1747388210819 0.1741 160
1747388214610 0.2236 170
1747388214610 0.2236 170
1747388221680 0.2022 180
1747388221680 0.2022 180
1747388225578 0.0872 190
1747388225578 0.0872 190
1747388229440 0.1411 200
1747388229440 0.1411 200
1747388233299 0.1138 210
1747388233305 0.1138 210
1747388238865 0.232 220
1747388238865 0.232 220
1747388242818 0.1722 230
1747388242818 0.1722 230
1747388246686 0.0832 240
1747388246686 0.0832 240
1747388252276 0.0922 250
1747388252276 0.0922 250
1747388256177 0.0706 260
1747388256178 0.0706 260
1747388265190 0.0855 270
1747388265192 0.0855 270
1747388269108 0.0339 280
1747388269108 0.0339 280
1747388274611 0.056 290
1747388274612 0.056 290
1747388278461 0.0487 300
1747388278461 0.0487 300
1747388283965 0.025 310
1747388283965 0.025 310
1747388287896 0.0585 320
1747388287898 0.0585 320
1747388291783 0.0758 330
1747388291785 0.0758 330
1747388295659 0.0062 340
1747388295659 0.0062 340
1747388301157 0.0465 350
1747388301157 0.0465 350
1747388308305 0.0178 360
1747388308305 0.0178 360
1747388312124 0.0205 370
1747388312124 0.0205 370
1747388316015 0.0014 380
1747388316015 0.0014 380
1747388319904 0.0016 390
1747388319906 0.0016 390
1747388323847 0.0009 400
1747388323863 0.0009 400
1747388327830 0.0013 410
1747388327830 0.0013 410
1747388331727 0.0047 420
1747388331728 0.0047 420
1747388335586 0.0574 430
1747388335586 0.0574 430
1747388339470 0.0014 440
1747388339470 0.0014 440
