1744047475374 0.056179775280898875 10
1744047475375 0.056179775280898875 10
1744047482460 0.11235955056179775 20
1744047482459 0.11235955056179775 20
1744047486360 0.16853932584269662 30
1744047486361 0.16853932584269662 30
1744047490236 0.2247191011235955 40
1744047490237 0.2247191011235955 40
1744047494123 0.2808988764044944 50
1744047494122 0.2808988764044944 50
1744047498008 0.33707865168539325 60
1744047498009 0.33707865168539325 60
1744047501910 0.39325842696629215 70
1744047501911 0.39325842696629215 70
1744047505810 0.449438202247191 80
1744047505811 0.449438202247191 80
1744047509747 0.5056179775280899 90
1744047509747 0.5056179775280899 90
1744047513654 0.5617977528089888 100
1744047513655 0.5617977528089888 100
1744047519118 0.6179775280898876 110
1744047519118 0.6179775280898876 110
1744047523041 0.6741573033707865 120
1744047523042 0.6741573033707865 120
1744047528606 0.7303370786516854 130
1744047528607 0.7303370786516854 130
1744047532549 0.7865168539325843 140
1744047532550 0.7865168539325843 140
1744047536481 0.8426966292134831 150
1744047536482 0.8426966292134831 150
1744047542037 0.898876404494382 160
1744047542038 0.898876404494382 160
1744047549190 0.9550561797752809 170
1744047549191 0.9550561797752809 170
1744047558447 1.0 178
1744047558448 1.0 178
1744047559255 1.0112359550561798 180
1744047559254 1.0112359550561798 180
1744047563240 1.0674157303370786 190
1744047563241 1.0674157303370786 190
1744047567227 1.1235955056179776 200
1744047567228 1.1235955056179776 200
1744047572664 1.1797752808988764 210
1744047572665 1.1797752808988764 210
1744047576673 1.2359550561797752 220
1744047576674 1.2359550561797752 220
1744047580675 1.2921348314606742 230
1744047580677 1.2921348314606742 230
1744047586302 1.348314606741573 240
1744047586303 1.348314606741573 240
1744047591935 1.404494382022472 250
1744047591935 1.404494382022472 250
1744047595924 1.4606741573033708 260
1744047595925 1.4606741573033708 260
1744047601551 1.5168539325842696 270
1744047601552 1.5168539325842696 270
1744047607231 1.5730337078651684 280
1744047607232 1.5730337078651684 280
1744047611325 1.6292134831460674 290
1744047611326 1.6292134831460674 290
1744047615344 1.6853932584269664 300
1744047615345 1.6853932584269664 300
1744047620839 1.7415730337078652 310
1744047620839 1.7415730337078652 310
1744047626503 1.797752808988764 320
1744047626504 1.797752808988764 320
1744047632154 1.8539325842696628 330
1744047632155 1.8539325842696628 330
1744047636166 1.9101123595505618 340
1744047636167 1.9101123595505618 340
1744047641904 1.9662921348314608 350
1744047641904 1.9662921348314608 350
1744047652549 2.0 356
1744047652549 2.0 356
1744047654245 2.0224719101123596 360
1744047654246 2.0224719101123596 360
1744047658414 2.0786516853932584 370
1744047658415 2.0786516853932584 370
1744047662582 2.134831460674157 380
1744047662589 2.134831460674157 380
1744047666765 2.191011235955056 390
1744047666766 2.191011235955056 390
1744047672611 2.247191011235955 400
1744047672612 2.247191011235955 400
1744047680046 2.303370786516854 410
1744047680046 2.303370786516854 410
1744047684220 2.359550561797753 420
1744047684217 2.359550561797753 420
1744047688412 2.4157303370786516 430
1744047688413 2.4157303370786516 430
1744047694164 2.4719101123595504 440
1744047694165 2.4719101123595504 440
1744047698270 2.5280898876404496 450
1744047698271 2.5280898876404496 450
1744047702371 2.5842696629213484 460
1744047702371 2.5842696629213484 460
1744047706454 2.640449438202247 470
1744047706453 2.640449438202247 470
1744047710563 2.696629213483146 480
1744047710564 2.696629213483146 480
1744047716307 2.752808988764045 490
1744047716308 2.752808988764045 490
1744047723659 2.808988764044944 500
1744047723662 2.808988764044944 500
1744047730099 2.865168539325843 510
1744047730097 2.865168539325843 510
1744047734490 2.9213483146067416 520
1744047734492 2.9213483146067416 520
1744047738844 2.9775280898876404 530
1744047738846 2.9775280898876404 530
1744047749544 3.0 534
1744047749547 3.0 534
1744047749538 3.0 534
1744047749539 3.0 534
1744047753073 3.0 534
1744047753073 3.0 534
