1744047475374 0.6766 10
1744047475375 0.6766 10
1744047482459 0.6503 20
1744047482460 0.6503 20
1744047486360 0.5913 30
1744047486361 0.5913 30
1744047490236 0.5219 40
1744047490237 0.5219 40
1744047494122 0.5266 50
1744047498008 0.4166 60
1744047498009 0.4166 60
1744047501910 0.5759 70
1744047501911 0.5759 70
1744047505810 0.4712 80
1744047505811 0.4712 80
1744047509747 0.4856 90
1744047509747 0.4856 90
1744047513654 0.5096 100
1744047513655 0.5096 100
1744047519118 0.5343 110
1744047519118 0.5343 110
1744047523041 0.3823 120
1744047523042 0.3823 120
1744047528606 0.238 130
1744047528607 0.238 130
1744047532549 0.6589 140
1744047532550 0.6589 140
1744047536481 0.8158 150
1744047536482 0.8158 150
1744047542037 0.5664 160
1744047542038 0.5664 160
1744047549190 0.3094 170
1744047549191 0.3094 170
1744047559254 0.459 180
1744047559255 0.459 180
1744047563240 0.197 190
1744047563241 0.197 190
1744047567227 0.2102 200
1744047567228 0.2102 200
1744047572664 0.3005 210
1744047572665 0.3005 210
1744047576673 0.3915 220
1744047576674 0.3915 220
1744047580675 0.2327 230
1744047580677 0.2327 230
1744047586302 0.3228 240
1744047586303 0.3228 240
1744047591935 0.111 250
1744047591935 0.111 250
1744047595924 0.2415 260
1744047595925 0.2415 260
1744047601552 0.358 270
1744047601551 0.358 270
1744047607231 0.7136 280
1744047607232 0.7136 280
1744047611325 0.1283 290
1744047611326 0.1283 290
1744047615344 0.1016 300
1744047615345 0.1016 300
1744047620839 0.3249 310
1744047620839 0.3249 310
1744047626503 0.2787 320
1744047626504 0.2787 320
1744047632154 0.1633 330
1744047632155 0.1633 330
1744047636166 0.1824 340
1744047636167 0.1824 340
1744047641904 0.1969 350
1744047641904 0.1969 350
1744047654245 0.0713 360
1744047654246 0.0713 360
1744047658414 0.1376 370
1744047658415 0.1376 370
1744047662582 0.025 380
1744047662589 0.025 380
1744047666765 0.0029 390
1744047666766 0.0029 390
1744047672611 0.1057 400
1744047672612 0.1057 400
1744047680046 0.0556 410
1744047680046 0.0556 410
1744047684217 0.0115 420
1744047684220 0.0115 420
1744047688412 0.0181 430
1744047688413 0.0181 430
1744047694164 0.0292 440
1744047694165 0.0292 440
1744047698270 0.0703 450
1744047698271 0.0703 450
1744047702371 0.2023 460
1744047702371 0.2023 460
1744047706454 0.0049 470
1744047706453 0.0049 470
1744047710563 0.0763 480
1744047710564 0.0763 480
1744047716307 0.0766 490
1744047716308 0.0766 490
1744047723659 0.0609 500
1744047723662 0.0609 500
1744047730097 0.1615 510
1744047730099 0.1615 510
1744047734490 0.0164 520
1744047734492 0.0164 520
1744047738844 0.0018 530
1744047738846 0.0018 530
