1747392622237 0.11235955056179775 10
1747392622237 0.11235955056179775 10
1747392625892 0.2247191011235955 20
1747392625893 0.2247191011235955 20
1747392631193 0.33707865168539325 30
1747392631195 0.33707865168539325 30
1747392634904 0.449438202247191 40
1747392634905 0.449438202247191 40
1747392638629 0.5617977528089888 50
1747392638630 0.5617977528089888 50
1747392642540 0.6741573033707865 60
1747392642540 0.6741573033707865 60
1747392646317 0.7865168539325843 70
1747392646318 0.7865168539325843 70
1747392650080 0.898876404494382 80
1747392650081 0.898876404494382 80
1747392655725 1.0 89
1747392655726 1.0 89
1747392657075 1.0112359550561798 90
1747392657075 1.0112359550561798 90
1747392662502 1.1235955056179776 100
1747392662503 1.1235955056179776 100
1747392667876 1.2359550561797752 110
1747392667877 1.2359550561797752 110
1747392671624 1.348314606741573 120
1747392671624 1.348314606741573 120
1747392675451 1.4606741573033708 130
1747392675452 1.4606741573033708 130
1747392679249 1.5730337078651684 140
1747392679249 1.5730337078651684 140
1747392683061 1.6853932584269664 150
1747392683061 1.6853932584269664 150
1747392686896 1.797752808988764 160
1747392686907 1.797752808988764 160
1747392690742 1.9101123595505618 170
1747392690744 1.9101123595505618 170
1747392697744 2.0 178
1747392697745 2.0 178
1747392699477 2.0224719101123596 180
1747392699478 2.0224719101123596 180
1747392703337 2.134831460674157 190
1747392703338 2.134831460674157 190
1747392707248 2.247191011235955 200
1747392707249 2.247191011235955 200
1747392711093 2.359550561797753 210
1747392711094 2.359550561797753 210
1747392716686 2.4719101123595504 220
1747392716685 2.4719101123595504 220
1747392722215 2.5842696629213484 230
1747392722218 2.5842696629213484 230
1747392726124 2.696629213483146 240
1747392726125 2.696629213483146 240
1747392729987 2.808988764044944 250
1747392729988 2.808988764044944 250
1747392733857 2.9213483146067416 260
1747392733858 2.9213483146067416 260
1747392740521 3.0 267
1747392740521 3.0 267
1747392742601 3.033707865168539 270
1747392742602 3.033707865168539 270
1747392746439 3.146067415730337 280
1747392746440 3.146067415730337 280
1747392750408 3.258426966292135 290
1747392750409 3.258426966292135 290
1747392754309 3.370786516853933 300
1747392754310 3.370786516853933 300
1747392758181 3.4831460674157304 310
1747392758182 3.4831460674157304 310
1747392762106 3.595505617977528 320
1747392762107 3.595505617977528 320
1747392766040 3.7078651685393256 330
1747392766041 3.7078651685393256 330
1747392769896 3.8202247191011236 340
1747392769897 3.8202247191011236 340
1747392773735 3.932584269662921 350
1747392773736 3.932584269662921 350
1747392778310 4.0 356
1747392778311 4.0 356
1747392779314 4.0 356
1747392779315 4.0 356
