1747392622237 0.782755434513092 10
1747392622237 0.782755434513092 10
1747392625892 3.4611527919769287 20
1747392625893 3.4611527919769287 20
1747392631193 6.306674957275391 30
1747392631195 6.306674957275391 30
1747392634904 5.004871845245361 40
1747392634905 5.004871845245361 40
1747392638629 6.368760108947754 50
1747392638630 6.368760108947754 50
1747392642540 3.2600202560424805 60
1747392642540 3.2600202560424805 60
1747392646317 9.982339859008789 70
1747392646318 9.982339859008789 70
1747392650080 2.1881492137908936 80
1747392650081 2.1881492137908936 80
1747392657075 6.565700531005859 90
1747392657075 6.565700531005859 90
1747392662502 8.135027885437012 100
1747392662503 8.135027885437012 100
1747392667876 9.613737106323242 110
1747392667877 9.613737106323242 110
1747392671624 7.566773414611816 120
1747392671624 7.566773414611816 120
1747392675451 7.914155006408691 130
1747392675452 7.914155006408691 130
1747392679249 4.843660831451416 140
1747392679249 4.843660831451416 140
1747392683061 11.815489768981934 150
1747392683061 11.815489768981934 150
1747392686896 4.390441417694092 160
1747392686907 4.390441417694092 160
1747392690742 3.124450445175171 170
1747392690744 3.124450445175171 170
1747392699477 7.8540730476379395 180
1747392699478 7.8540730476379395 180
1747392703337 15.386134147644043 190
1747392703338 15.386134147644043 190
1747392707248 11.224519729614258 200
1747392707249 11.224519729614258 200
1747392711093 7.29928731918335 210
1747392711094 7.29928731918335 210
1747392716686 0.585107684135437 220
1747392716685 0.585107684135437 220
1747392722215 6.212282657623291 230
1747392722218 6.212282657623291 230
1747392726124 0.8053728342056274 240
1747392726125 0.8053728342056274 240
1747392729987 1.5338246822357178 250
1747392729988 1.5338246822357178 250
1747392733857 3.6595141887664795 260
1747392733858 3.6595141887664795 260
1747392742601 0.5572866797447205 270
1747392742602 0.5572866797447205 270
1747392746439 3.578972578048706 280
1747392746440 3.578972578048706 280
1747392750408 5.422245025634766 290
1747392750409 5.422245025634766 290
1747392754309 0.09144972264766693 300
1747392754310 0.09144972264766693 300
1747392758181 0.21184156835079193 310
1747392758182 0.21184156835079193 310
1747392762106 37.62717056274414 320
1747392762107 37.62717056274414 320
1747392766040 8.926604270935059 330
1747392766041 8.926604270935059 330
1747392769896 7.014349460601807 340
1747392769897 7.014349460601807 340
1747392773735 0.05662545561790466 350
1747392773736 0.05662545561790466 350
