1747392622237 4.943820224719101e-05 10
1747392622237 4.943820224719101e-05 10
1747392625892 4.8876404494382024e-05 20
1747392625893 4.8876404494382024e-05 20
1747392631193 4.831460674157304e-05 30
1747392631195 4.831460674157304e-05 30
1747392634904 4.7752808988764046e-05 40
1747392634905 4.7752808988764046e-05 40
1747392638629 4.719101123595506e-05 50
1747392638630 4.719101123595506e-05 50
1747392642540 4.662921348314607e-05 60
1747392642540 4.662921348314607e-05 60
1747392646318 4.606741573033708e-05 70
1747392650080 4.550561797752809e-05 80
1747392650081 4.550561797752809e-05 80
1747392657075 4.4943820224719104e-05 90
1747392657075 4.4943820224719104e-05 90
1747392662502 4.438202247191011e-05 100
1747392662503 4.438202247191011e-05 100
1747392667876 4.3820224719101126e-05 110
1747392667877 4.3820224719101126e-05 110
1747392671624 4.3258426966292134e-05 120
1747392671624 4.3258426966292134e-05 120
1747392675451 4.269662921348315e-05 130
1747392675452 4.269662921348315e-05 130
1747392679249 4.2134831460674156e-05 140
1747392679249 4.2134831460674156e-05 140
1747392683061 4.157303370786517e-05 150
1747392683061 4.157303370786517e-05 150
1747392686896 4.1011235955056184e-05 160
1747392686907 4.1011235955056184e-05 160
1747392690742 4.044943820224719e-05 170
1747392690744 4.044943820224719e-05 170
1747392699477 3.98876404494382e-05 180
1747392699478 3.98876404494382e-05 180
1747392703337 3.9325842696629214e-05 190
1747392703338 3.9325842696629214e-05 190
1747392707248 3.876404494382023e-05 200
1747392707249 3.876404494382023e-05 200
1747392711093 3.8202247191011236e-05 210
1747392711094 3.8202247191011236e-05 210
1747392716686 3.764044943820225e-05 220
1747392716685 3.764044943820225e-05 220
1747392722215 3.7078651685393264e-05 230
1747392722218 3.7078651685393264e-05 230
1747392726124 3.651685393258427e-05 240
1747392726125 3.651685393258427e-05 240
1747392729987 3.595505617977528e-05 250
1747392729988 3.595505617977528e-05 250
1747392733857 3.5393258426966294e-05 260
1747392733858 3.5393258426966294e-05 260
1747392742601 3.483146067415731e-05 270
1747392742602 3.483146067415731e-05 270
1747392746439 3.4269662921348316e-05 280
1747392746440 3.4269662921348316e-05 280
1747392750408 3.370786516853933e-05 290
1747392750409 3.370786516853933e-05 290
1747392754309 3.314606741573034e-05 300
1747392754310 3.314606741573034e-05 300
1747392758181 3.258426966292135e-05 310
1747392758182 3.258426966292135e-05 310
1747392762106 3.202247191011236e-05 320
1747392762107 3.202247191011236e-05 320
1747392766040 3.1460674157303374e-05 330
1747392766041 3.1460674157303374e-05 330
1747392769896 3.089887640449438e-05 340
1747392769897 3.089887640449438e-05 340
1747392773735 3.0337078651685396e-05 350
1747392773736 3.0337078651685396e-05 350
