1747392622237 0.6601 10
1747392622237 0.6601 10
1747392625892 0.553 20
1747392625893 0.553 20
1747392631193 0.5732 30
1747392631195 0.5732 30
1747392634904 0.479 40
1747392634905 0.479 40
1747392638629 0.464 50
1747392638630 0.464 50
1747392642540 0.4639 60
1747392642540 0.4639 60
1747392646317 0.4231 70
1747392646318 0.4231 70
1747392650080 0.4821 80
1747392650081 0.4821 80
1747392657075 0.4269 90
1747392657075 0.4269 90
1747392662502 0.3057 100
1747392662503 0.3057 100
1747392667876 0.3373 110
1747392667877 0.3373 110
1747392671624 0.3864 120
1747392671624 0.3864 120
1747392675451 0.2854 130
1747392675452 0.2854 130
1747392679249 0.2046 140
1747392679249 0.2046 140
1747392683061 0.2518 150
1747392683061 0.2518 150
1747392686896 0.2777 160
1747392686907 0.2777 160
1747392690742 0.2609 170
1747392690744 0.2609 170
1747392699477 0.1184 180
1747392699478 0.1184 180
1747392703337 0.2041 190
1747392703338 0.2041 190
1747392707248 0.2961 200
1747392707249 0.2961 200
1747392711093 0.3028 210
1747392711094 0.3028 210
1747392716686 0.0988 220
1747392716685 0.0988 220
1747392722215 0.0951 230
1747392722218 0.0951 230
1747392726124 0.2089 240
1747392726125 0.2089 240
1747392729987 0.2121 250
1747392729988 0.2121 250
1747392733857 0.1439 260
1747392733858 0.1439 260
1747392742601 0.2011 270
1747392742602 0.2011 270
1747392746439 0.1276 280
1747392746440 0.1276 280
1747392750408 0.0565 290
1747392750409 0.0565 290
1747392754309 0.057 300
1747392754310 0.057 300
1747392758181 0.0284 310
1747392758182 0.0284 310
1747392762106 0.1845 320
1747392762107 0.1845 320
1747392766040 0.0904 330
1747392766041 0.0904 330
1747392769896 0.0861 340
1747392769897 0.0861 340
1747392773735 0.0467 350
1747392773736 0.0467 350
