1747415771381 0.22727272727272727 10
1747415771382 0.22727272727272727 10
1747415777052 0.45454545454545453 20
1747415777052 0.45454545454545453 20
1747415781024 0.6818181818181818 30
1747415781026 0.6818181818181818 30
1747415786697 0.9090909090909091 40
1747415786697 0.9090909090909091 40
1747415789283 1.0 44
1747415789283 1.0 44
1747415793668 1.1363636363636362 50
1747415793668 1.1363636363636362 50
1747415797651 1.3636363636363638 60
1747415797651 1.3636363636363638 60
1747415803318 1.5909090909090908 70
1747415803318 1.5909090909090908 70
1747415807498 1.8181818181818183 80
1747415807500 1.8181818181818183 80
1747415813583 2.0 88
1747415813587 2.0 88
1747415816540 2.0454545454545454 90
1747415816540 2.0454545454545454 90
1747415822277 2.2727272727272725 100
1747415822280 2.2727272727272725 100
1747415826742 2.5 110
1747415826743 2.5 110
1747415833986 2.7272727272727275 120
1747415833986 2.7272727272727275 120
1747415839609 2.9545454545454546 130
1747415839610 2.9545454545454546 130
1747415841377 3.0 132
1747415841378 3.0 132
1747415847737 3.1818181818181817 140
1747415847740 3.1818181818181817 140
1747415853497 3.409090909090909 150
1747415853496 3.409090909090909 150
1747415857420 3.6363636363636362 160
1747415857421 3.6363636363636362 160
1747415861338 3.8636363636363638 170
1747415861338 3.8636363636363638 170
1747415864694 4.0 176
1747415864695 4.0 176
1747415866404 4.0 176
1747415866404 4.0 176
