1747415771381 1.5002501010894775 10
1747415771382 1.5002501010894775 10
1747415777052 2.828216075897217 20
1747415777052 2.828216075897217 20
1747415781024 1.6979202032089233 30
1747415781026 1.6979202032089233 30
1747415786697 1.8434520959854126 40
1747415786697 1.8434520959854126 40
1747415793668 1.0334417819976807 50
1747415793668 1.0334417819976807 50
1747415797651 1.9601213932037354 60
1747415797651 1.9601213932037354 60
1747415803318 1.0802775621414185 70
1747415803318 1.0802775621414185 70
1747415807498 0.8567004799842834 80
1747415807500 0.8567004799842834 80
1747415816540 1.2218165397644043 90
1747415816540 1.2218165397644043 90
1747415822277 1.252466082572937 100
1747415822280 1.252466082572937 100
1747415826742 1.2677747011184692 110
1747415826743 1.2677747011184692 110
1747415833986 3.312095880508423 120
1747415833986 3.312095880508423 120
1747415839609 0.9752146005630493 130
1747415839610 0.9752146005630493 130
1747415847737 1.7768006324768066 140
1747415847740 1.7768006324768066 140
1747415853497 1.8196603059768677 150
1747415853496 1.8196603059768677 150
1747415857420 1.2670536041259766 160
1747415857421 1.2670536041259766 160
1747415861338 3.773303747177124 170
1747415861338 3.773303747177124 170
