1747415771381 4.886363636363637e-05 10
1747415771382 4.886363636363637e-05 10
1747415777052 4.772727272727273e-05 20
1747415777052 4.772727272727273e-05 20
1747415781024 4.659090909090909e-05 30
1747415781026 4.659090909090909e-05 30
1747415786697 4.545454545454546e-05 40
1747415786697 4.545454545454546e-05 40
1747415793668 4.431818181818182e-05 50
1747415793668 4.431818181818182e-05 50
1747415797651 4.318181818181819e-05 60
1747415797651 4.318181818181819e-05 60
1747415803318 4.204545454545455e-05 70
1747415803318 4.204545454545455e-05 70
1747415807498 4.0909090909090915e-05 80
1747415807500 4.0909090909090915e-05 80
1747415816540 3.9772727272727275e-05 90
1747415816540 3.9772727272727275e-05 90
1747415822277 3.8636363636363636e-05 100
1747415822280 3.8636363636363636e-05 100
1747415826742 3.7500000000000003e-05 110
1747415826743 3.7500000000000003e-05 110
1747415833986 3.6363636363636364e-05 120
1747415833986 3.6363636363636364e-05 120
1747415839609 3.522727272727273e-05 130
1747415839610 3.522727272727273e-05 130
1747415847737 3.409090909090909e-05 140
1747415847740 3.409090909090909e-05 140
1747415853497 3.295454545454545e-05 150
1747415853496 3.295454545454545e-05 150
1747415857420 3.181818181818182e-05 160
1747415857421 3.181818181818182e-05 160
1747415861338 3.068181818181818e-05 170
1747415861338 3.068181818181818e-05 170
