1747415771381 0.6771 10
1747415771382 0.6771 10
1747415777052 0.6912 20
1747415777052 0.6912 20
1747415781024 0.6619 30
1747415781026 0.6619 30
1747415786697 0.6965 40
1747415786697 0.6965 40
1747415793668 0.702 50
1747415793668 0.702 50
1747415797651 0.6965 60
1747415797651 0.6965 60
1747415803318 0.6831 70
1747415803318 0.6831 70
1747415807498 0.6705 80
1747415807500 0.6705 80
1747415816540 0.6661 90
1747415816540 0.6661 90
1747415822277 0.6761 100
1747415822280 0.6761 100
1747415826742 0.6649 110
1747415826743 0.6649 110
1747415833986 0.6908 120
1747415833986 0.6908 120
1747415839609 0.6774 130
1747415839610 0.6774 130
1747415847737 0.6644 140
1747415847740 0.6644 140
1747415853497 0.6968 150
1747415853496 0.6968 150
1747415857420 0.6766 160
1747415857421 0.6766 160
1747415861338 0.6735 170
1747415861338 0.6735 170
