1747416453984 0.11235955056179775 10
1747416453984 0.11235955056179775 10
1747416458002 0.2247191011235955 20
1747416458002 0.2247191011235955 20
1747416462389 0.33707865168539325 30
1747416462389 0.33707865168539325 30
1747416467553 0.449438202247191 40
1747416467553 0.449438202247191 40
1747416473122 0.5617977528089888 50
1747416473122 0.5617977528089888 50
1747416477116 0.6741573033707865 60
1747416477116 0.6741573033707865 60
1747416481153 0.7865168539325843 70
1747416481154 0.7865168539325843 70
1747416485176 0.898876404494382 80
1747416485176 0.898876404494382 80
1747416492695 1.0 89
1747416492694 1.0 89
1747416494896 1.0112359550561798 90
1747416494897 1.0112359550561798 90
1747416502121 1.1235955056179776 100
1747416502121 1.1235955056179776 100
1747416507790 1.2359550561797752 110
1747416507791 1.2359550561797752 110
1747416511951 1.348314606741573 120
1747416511952 1.348314606741573 120
1747416516104 1.4606741573033708 130
1747416516104 1.4606741573033708 130
1747416521805 1.5730337078651684 140
1747416521805 1.5730337078651684 140
1747416525871 1.6853932584269664 150
1747416525873 1.6853932584269664 150
1747416529956 1.797752808988764 160
1747416529956 1.797752808988764 160
1747416534070 1.9101123595505618 170
1747416534072 1.9101123595505618 170
1747416539520 2.0 178
1747416539521 2.0 178
1747416543814 2.0224719101123596 180
1747416543818 2.0224719101123596 180
1747416549889 2.134831460674157 190
1747416549889 2.134831460674157 190
1747416554024 2.247191011235955 200
1747416554024 2.247191011235955 200
1747416558174 2.359550561797753 210
1747416558174 2.359550561797753 210
1747416562390 2.4719101123595504 220
1747416562391 2.4719101123595504 220
1747416567037 2.5842696629213484 230
1747416567042 2.5842696629213484 230
1747416573932 2.696629213483146 240
1747416573933 2.696629213483146 240
1747416578147 2.808988764044944 250
1747416578149 2.808988764044944 250
1747416584031 2.9213483146067416 260
1747416584036 2.9213483146067416 260
1747416589768 3.0 267
1747416589768 3.0 267
1747416593425 3.033707865168539 270
1747416593425 3.033707865168539 270
1747416599669 3.146067415730337 280
1747416599669 3.146067415730337 280
1747416603877 3.258426966292135 290
1747416603877 3.258426966292135 290
1747416608048 3.370786516853933 300
1747416608048 3.370786516853933 300
1747416615538 3.4831460674157304 310
1747416615540 3.4831460674157304 310
1747416619594 3.595505617977528 320
1747416619594 3.595505617977528 320
1747416623678 3.7078651685393256 330
1747416623678 3.7078651685393256 330
1747416627864 3.8202247191011236 340
1747416627865 3.8202247191011236 340
1747416632060 3.932584269662921 350
1747416632060 3.932584269662921 350
1747416638523 4.0 356
1747416638523 4.0 356
1747416644036 4.044943820224719 360
1747416644035 4.044943820224719 360
1747416648362 4.157303370786517 370
1747416648362 4.157303370786517 370
1747416652582 4.269662921348314 380
1747416652583 4.269662921348314 380
1747416656778 4.382022471910112 390
1747416656779 4.382022471910112 390
1747416660980 4.49438202247191 400
1747416660980 4.49438202247191 400
1747416665196 4.606741573033708 410
1747416665196 4.606741573033708 410
1747416671013 4.719101123595506 420
1747416671013 4.719101123595506 420
1747416675197 4.831460674157303 430
1747416675197 4.831460674157303 430
1747416680996 4.943820224719101 440
1747416680997 4.943820224719101 440
1747416685372 5.0 445
1747416685373 5.0 445
1747416689447 5.056179775280899 450
1747416689447 5.056179775280899 450
1747416696835 5.168539325842697 460
1747416696835 5.168539325842697 460
1747416702871 5.280898876404494 470
1747416702873 5.280898876404494 470
1747416708710 5.393258426966292 480
1747416708712 5.393258426966292 480
1747416712921 5.50561797752809 490
1747416712931 5.50561797752809 490
1747416717082 5.617977528089888 500
1747416717082 5.617977528089888 500
1747416721298 5.730337078651686 510
1747416721298 5.730337078651686 510
1747416725483 5.842696629213483 520
1747416725483 5.842696629213483 520
1747416731353 5.955056179775281 530
1747416731351 5.955056179775281 530
1747416735417 6.0 534
1747416735417 6.0 534
1747416737264 6.0 534
1747416737263 6.0 534
