1747416453984 48.43209457397461 10
1747416453984 48.43209457397461 10
1747416458002 30.563676834106445 20
1747416458002 30.563676834106445 20
1747416462389 4.012063026428223 30
1747416462389 4.012063026428223 30
1747416467553 17.17652130126953 40
1747416467553 17.17652130126953 40
1747416473122 6.985759258270264 50
1747416473122 6.985759258270264 50
1747416477116 9.435112953186035 60
1747416477116 9.435112953186035 60
1747416481153 20.69942283630371 70
1747416481154 20.69942283630371 70
1747416485176 13.041667938232422 80
1747416485176 13.041667938232422 80
1747416494896 7.425645351409912 90
1747416494897 7.425645351409912 90
1747416502121 22.80866241455078 100
1747416502121 22.80866241455078 100
1747416507790 2.842444658279419 110
1747416507791 2.842444658279419 110
1747416511951 14.701738357543945 120
1747416511952 14.701738357543945 120
1747416516104 1.2026793956756592 130
1747416516104 1.2026793956756592 130
1747416521805 58.22346496582031 140
1747416521805 58.22346496582031 140
1747416525871 6.723831653594971 150
1747416525873 6.723831653594971 150
1747416529956 21.46285057067871 160
1747416529956 21.46285057067871 160
1747416534070 35.56238555908203 170
1747416534072 35.56238555908203 170
1747416543814 3.5387799739837646 180
1747416543818 3.5387799739837646 180
1747416549889 8.64745044708252 190
1747416549889 8.64745044708252 190
1747416554024 1.557285189628601 200
1747416554024 1.557285189628601 200
1747416558174 11.743437767028809 210
1747416558174 11.743437767028809 210
1747416562390 20.08307647705078 220
1747416562391 20.08307647705078 220
1747416567037 0.8999907374382019 230
1747416567042 0.8999907374382019 230
1747416573932 6.45893669128418 240
1747416573933 6.45893669128418 240
1747416578147 0.41101789474487305 250
1747416578149 0.41101789474487305 250
1747416584031 7.6079864501953125 260
1747416584036 7.6079864501953125 260
1747416593425 4.544035911560059 270
1747416593425 4.544035911560059 270
1747416599669 2.0968143939971924 280
1747416599669 2.0968143939971924 280
1747416603877 0.09358029067516327 290
1747416603877 0.09358029067516327 290
1747416608048 0.3091394901275635 300
1747416608048 0.3091394901275635 300
1747416615538 0.8925600051879883 310
1747416615540 0.8925600051879883 310
1747416619594 0.01830160804092884 320
1747416619594 0.01830160804092884 320
1747416623678 0.4002271294593811 330
1747416623678 0.4002271294593811 330
1747416627864 0.012498431839048862 340
1747416627865 0.012498431839048862 340
1747416632060 12.918631553649902 350
1747416632060 12.918631553649902 350
1747416644036 0.6496520638465881 360
1747416644035 0.6496520638465881 360
1747416648362 1.2998241186141968 370
1747416648362 1.2998241186141968 370
1747416652582 1.4005377292633057 380
1747416652583 1.4005377292633057 380
1747416656778 0.7004885077476501 390
1747416656779 0.7004885077476501 390
1747416660980 0.04045993089675903 400
1747416660980 0.04045993089675903 400
1747416665196 0.07062184810638428 410
1747416665196 0.07062184810638428 410
1747416671013 0.5165654420852661 420
1747416671013 0.5165654420852661 420
1747416675197 0.0905676856637001 430
1747416675197 0.0905676856637001 430
1747416680996 0.0162929929792881 440
1747416680997 0.0162929929792881 440
1747416689447 0.004930343013256788 450
1747416689447 0.004930343013256788 450
1747416696835 0.025386104360222816 460
1747416696835 0.025386104360222816 460
1747416702871 0.34608960151672363 470
1747416702873 0.34608960151672363 470
1747416708710 0.03811849653720856 480
1747416708712 0.03811849653720856 480
1747416712921 0.03088884800672531 490
1747416712931 0.03088884800672531 490
1747416717082 11.061041831970215 500
1747416717082 11.061041831970215 500
1747416721298 0.02288762666285038 510
1747416721298 0.02288762666285038 510
1747416725483 3.6976804733276367 520
1747416725483 3.6976804733276367 520
1747416731353 1.0586376190185547 530
1747416731351 1.0586376190185547 530
