1747416453984 4.943820224719101e-05 10
1747416453984 4.943820224719101e-05 10
1747416458002 4.8876404494382024e-05 20
1747416458002 4.8876404494382024e-05 20
1747416462389 4.831460674157304e-05 30
1747416462389 4.831460674157304e-05 30
1747416467553 4.7752808988764046e-05 40
1747416467553 4.7752808988764046e-05 40
1747416473122 4.719101123595506e-05 50
1747416473122 4.719101123595506e-05 50
1747416477116 4.662921348314607e-05 60
1747416477116 4.662921348314607e-05 60
1747416481153 4.606741573033708e-05 70
1747416481154 4.606741573033708e-05 70
1747416485176 4.550561797752809e-05 80
1747416485176 4.550561797752809e-05 80
1747416494896 4.4943820224719104e-05 90
1747416494897 4.4943820224719104e-05 90
1747416502121 4.438202247191011e-05 100
1747416502121 4.438202247191011e-05 100
1747416507790 4.3820224719101126e-05 110
1747416507791 4.3820224719101126e-05 110
1747416511951 4.3258426966292134e-05 120
1747416511952 4.3258426966292134e-05 120
1747416516104 4.269662921348315e-05 130
1747416516104 4.269662921348315e-05 130
1747416521805 4.2134831460674156e-05 140
1747416521805 4.2134831460674156e-05 140
1747416525871 4.157303370786517e-05 150
1747416525873 4.157303370786517e-05 150
1747416529956 4.1011235955056184e-05 160
1747416529956 4.1011235955056184e-05 160
1747416534070 4.044943820224719e-05 170
1747416534072 4.044943820224719e-05 170
1747416543814 3.98876404494382e-05 180
1747416543818 3.98876404494382e-05 180
1747416549889 3.9325842696629214e-05 190
1747416549889 3.9325842696629214e-05 190
1747416554024 3.876404494382023e-05 200
1747416554024 3.876404494382023e-05 200
1747416558174 3.8202247191011236e-05 210
1747416558174 3.8202247191011236e-05 210
1747416562390 3.764044943820225e-05 220
1747416562391 3.764044943820225e-05 220
1747416567037 3.7078651685393264e-05 230
1747416567042 3.7078651685393264e-05 230
1747416573932 3.651685393258427e-05 240
1747416573933 3.651685393258427e-05 240
1747416578147 3.595505617977528e-05 250
1747416578149 3.595505617977528e-05 250
1747416584031 3.5393258426966294e-05 260
1747416584036 3.5393258426966294e-05 260
1747416593425 3.483146067415731e-05 270
1747416593425 3.483146067415731e-05 270
1747416599669 3.4269662921348316e-05 280
1747416599669 3.4269662921348316e-05 280
1747416603877 3.370786516853933e-05 290
1747416603877 3.370786516853933e-05 290
1747416608048 3.314606741573034e-05 300
1747416608048 3.314606741573034e-05 300
1747416615538 3.258426966292135e-05 310
1747416615540 3.258426966292135e-05 310
1747416619594 3.202247191011236e-05 320
1747416619594 3.202247191011236e-05 320
1747416623678 3.1460674157303374e-05 330
1747416623678 3.1460674157303374e-05 330
1747416627864 3.089887640449438e-05 340
1747416627865 3.089887640449438e-05 340
1747416632060 3.0337078651685396e-05 350
1747416632060 3.0337078651685396e-05 350
1747416644036 2.9775280898876406e-05 360
1747416644035 2.9775280898876406e-05 360
1747416648362 2.9213483146067417e-05 370
1747416648362 2.9213483146067417e-05 370
1747416652582 2.8651685393258425e-05 380
1747416652583 2.8651685393258425e-05 380
1747416656778 2.8089887640449443e-05 390
1747416656779 2.8089887640449443e-05 390
1747416660980 2.752808988764045e-05 400
1747416660980 2.752808988764045e-05 400
1747416665196 2.696629213483146e-05 410
1747416665196 2.696629213483146e-05 410
1747416671013 2.6404494382022472e-05 420
1747416671013 2.6404494382022472e-05 420
1747416675197 2.5842696629213486e-05 430
1747416675197 2.5842696629213486e-05 430
1747416680996 2.5280898876404497e-05 440
1747416680997 2.5280898876404497e-05 440
1747416689447 2.4719101123595505e-05 450
1747416689447 2.4719101123595505e-05 450
1747416696835 2.415730337078652e-05 460
1747416696835 2.415730337078652e-05 460
1747416702871 2.359550561797753e-05 470
1747416702873 2.359550561797753e-05 470
1747416708710 2.303370786516854e-05 480
1747416708712 2.303370786516854e-05 480
1747416712921 2.2471910112359552e-05 490
1747416712931 2.2471910112359552e-05 490
1747416717082 2.1910112359550563e-05 500
1747416717082 2.1910112359550563e-05 500
1747416721298 2.1348314606741574e-05 510
1747416721298 2.1348314606741574e-05 510
1747416725483 2.0786516853932585e-05 520
1747416725483 2.0786516853932585e-05 520
1747416731353 2.0224719101123596e-05 530
1747416731351 2.0224719101123596e-05 530
