1747416453984 1.1955 10
1747416453984 1.1955 10
1747416458002 0.7442 20
1747416458002 0.7442 20
1747416462389 0.5926 30
1747416462389 0.5926 30
1747416467553 0.5444 40
1747416467553 0.5444 40
1747416473122 0.5236 50
1747416473122 0.5236 50
1747416477116 0.4282 60
1747416477116 0.4282 60
1747416481153 0.3288 70
1747416481154 0.3288 70
1747416485176 0.5543 80
1747416485176 0.5543 80
1747416494896 0.329 90
1747416494897 0.329 90
1747416502121 0.4228 100
1747416502121 0.4228 100
1747416507790 0.2593 110
1747416507791 0.2593 110
1747416511951 0.1827 120
1747416511952 0.1827 120
1747416516104 0.1472 130
1747416516104 0.1472 130
1747416521805 0.6106 140
1747416521805 0.6106 140
1747416525871 0.2433 150
1747416525873 0.2433 150
1747416529956 0.2133 160
1747416529956 0.2133 160
1747416534070 0.3067 170
1747416534072 0.3067 170
1747416543814 0.1636 180
1747416543818 0.1636 180
1747416549889 0.2587 190
1747416549889 0.2587 190
1747416554024 0.101 200
1747416554024 0.101 200
1747416558174 0.1612 210
1747416558174 0.1612 210
1747416562390 0.1193 220
1747416562391 0.1193 220
1747416567037 0.1795 230
1747416567042 0.1795 230
1747416573932 0.1173 240
1747416573933 0.1173 240
1747416578147 0.1859 250
1747416578149 0.1859 250
1747416584031 0.1229 260
1747416584036 0.1229 260
1747416593425 0.0867 270
1747416593425 0.0867 270
1747416599669 0.0286 280
1747416599669 0.0286 280
1747416603877 0.053 290
1747416603877 0.053 290
1747416608048 0.0038 300
1747416608048 0.0038 300
1747416615538 0.1024 310
1747416615540 0.1024 310
1747416619594 0.0034 320
1747416619594 0.0034 320
1747416623678 0.1297 330
1747416623678 0.1297 330
1747416627864 0.1047 340
1747416627865 0.1047 340
1747416632060 0.1094 350
1747416632060 0.1094 350
1747416644036 0.1177 360
1747416644035 0.1177 360
1747416648362 0.0346 370
1747416648362 0.0346 370
1747416652582 0.0638 380
1747416652583 0.0638 380
1747416656778 0.0349 390
1747416656779 0.0349 390
1747416660980 0.1228 400
1747416660980 0.1228 400
1747416665196 0.0037 410
1747416665196 0.0037 410
1747416671013 0.0242 420
1747416671013 0.0242 420
1747416675197 0.0367 430
1747416675197 0.0367 430
1747416680996 0.0333 440
1747416680997 0.0333 440
1747416689447 0.0523 450
1747416689447 0.0523 450
1747416696835 0.0114 460
1747416696835 0.0114 460
1747416702871 0.001 470
1747416702873 0.001 470
1747416708710 0.0174 480
1747416708712 0.0174 480
1747416712921 0.001 490
1747416712931 0.001 490
1747416717082 0.0034 500
1747416717082 0.0034 500
1747416721298 0.0001 510
1747416721298 0.0001 510
1747416725483 0.0017 520
1747416725483 0.0017 520
1747416731353 0.0024 530
1747416731351 0.0024 530
