1747393733472 0.10638297872340426 10
1747393733473 0.10638297872340426 10
1747393737145 0.2127659574468085 20
1747393737146 0.2127659574468085 20
1747393740867 0.3191489361702128 30
1747393740867 0.3191489361702128 30
1747393744575 0.425531914893617 40
1747393744576 0.425531914893617 40
1747393748310 0.5319148936170213 50
1747393748312 0.5319148936170213 50
1747393752194 0.6382978723404256 60
1747393752195 0.6382978723404256 60
1747393756069 0.7446808510638298 70
1747393756070 0.7446808510638298 70
1747393759966 0.851063829787234 80
1747393759967 0.851063829787234 80
1747393763867 0.9574468085106383 90
1747393763869 0.9574468085106383 90
1747393767860 1.0 94
1747393767862 1.0 94
1747393771966 1.0638297872340425 100
1747393771967 1.0638297872340425 100
1747393775806 1.1702127659574468 110
1747393775808 1.1702127659574468 110
1747393779621 1.2765957446808511 120
1747393779623 1.2765957446808511 120
1747393783415 1.3829787234042552 130
1747393783417 1.3829787234042552 130
1747393787206 1.4893617021276595 140
1747393787207 1.4893617021276595 140
1747393790999 1.5957446808510638 150
1747393791000 1.5957446808510638 150
1747393794885 1.702127659574468 160
1747393794887 1.702127659574468 160
1747393798791 1.8085106382978724 170
1747393798792 1.8085106382978724 170
1747393802622 1.9148936170212765 180
1747393802623 1.9148936170212765 180
1747393808036 2.0 188
1747393808038 2.0 188
1747393810650 2.021276595744681 190
1747393810652 2.021276595744681 190
1747393814488 2.127659574468085 200
1747393814489 2.127659574468085 200
1747393818314 2.2340425531914896 210
1747393818317 2.2340425531914896 210
1747393822232 2.3404255319148937 220
1747393822233 2.3404255319148937 220
1747393826154 2.4468085106382977 230
1747393826155 2.4468085106382977 230
1747393830029 2.5531914893617023 240
1747393830030 2.5531914893617023 240
1747393833813 2.6595744680851063 250
1747393833815 2.6595744680851063 250
1747393837652 2.7659574468085104 260
1747393837653 2.7659574468085104 260
1747393841453 2.872340425531915 270
1747393841453 2.872340425531915 270
1747393845241 2.978723404255319 280
1747393845242 2.978723404255319 280
1747393848368 3.0 282
1747393848369 3.0 282
1747393852945 3.0851063829787235 290
1747393852946 3.0851063829787235 290
1747393856763 3.1914893617021276 300
1747393856765 3.1914893617021276 300
1747393860553 3.297872340425532 310
1747393860554 3.297872340425532 310
1747393864429 3.404255319148936 320
1747393864430 3.404255319148936 320
1747393868350 3.5106382978723403 330
1747393868351 3.5106382978723403 330
1747393872272 3.617021276595745 340
1747393872273 3.617021276595745 340
1747393876215 3.723404255319149 350
1747393876215 3.723404255319149 350
1747393880191 3.829787234042553 360
1747393880192 3.829787234042553 360
1747393884145 3.9361702127659575 370
1747393884146 3.9361702127659575 370
1747393888847 4.0 376
1747393888848 4.0 376
1747393891807 4.042553191489362 380
1747393891807 4.042553191489362 380
1747393895620 4.148936170212766 390
1747393895620 4.148936170212766 390
1747393899418 4.25531914893617 400
1747393899419 4.25531914893617 400
1747393903257 4.361702127659575 410
1747393903256 4.361702127659575 410
1747393907167 4.468085106382979 420
1747393907168 4.468085106382979 420
1747393911120 4.574468085106383 430
1747393911121 4.574468085106383 430
1747393915063 4.680851063829787 440
1747393915065 4.680851063829787 440
1747393918999 4.787234042553192 450
1747393919000 4.787234042553192 450
1747393922939 4.8936170212765955 460
1747393922941 4.8936170212765955 460
1747393926708 5.0 470
1747393926709 5.0 470
1747393929336 5.0 470
1747393929338 5.0 470
1747393936918 5.1063829787234045 480
1747393936920 5.1063829787234045 480
1747393940793 5.212765957446808 490
1747393940795 5.212765957446808 490
1747393944718 5.319148936170213 500
1747393944719 5.319148936170213 500
1747393948668 5.425531914893617 510
1747393948670 5.425531914893617 510
1747393952667 5.531914893617021 520
1747393952668 5.531914893617021 520
1747393956743 5.638297872340425 530
1747393956740 5.638297872340425 530
1747393960698 5.74468085106383 540
1747393960699 5.74468085106383 540
1747393964763 5.851063829787234 550
1747393964764 5.851063829787234 550
1747393968695 5.957446808510638 560
1747393968696 5.957446808510638 560
1747393972678 6.0 564
1747393972679 6.0 564
1747393974344 6.0 564
1747393974345 6.0 564
