1747393733472 2.4848787784576416 10
1747393733473 2.4848787784576416 10
1747393737145 13.23613166809082 20
1747393737146 13.23613166809082 20
1747393740867 10.194599151611328 30
1747393740867 10.194599151611328 30
1747393744575 15.8076810836792 40
1747393744576 15.8076810836792 40
1747393748310 0.8507748246192932 50
1747393748312 0.8507748246192932 50
1747393752194 0.18419644236564636 60
1747393752195 0.18419644236564636 60
1747393756069 2.041438102722168 70
1747393756070 2.041438102722168 70
1747393759966 0.05892599746584892 80
1747393759967 0.05892599746584892 80
1747393763867 0.15777210891246796 90
1747393763869 0.15777210891246796 90
1747393771966 17.289133071899414 100
1747393771967 17.289133071899414 100
1747393775806 0.028426820412278175 110
1747393775808 0.028426820412278175 110
1747393779621 0.29013392329216003 120
1747393779623 0.29013392329216003 120
1747393783415 1.1788908243179321 130
1747393783417 1.1788908243179321 130
1747393787206 0.018307510763406754 140
1747393787207 0.018307510763406754 140
1747393790999 0.011228728108108044 150
1747393791000 0.011228728108108044 150
1747393794885 0.009320246987044811 160
1747393794887 0.009320246987044811 160
1747393798791 0.014648279175162315 170
1747393798792 0.014648279175162315 170
1747393802622 0.006728333421051502 180
1747393802623 0.006728333421051502 180
1747393810650 0.009362384676933289 190
1747393810652 0.009362384676933289 190
1747393814488 0.007342074066400528 200
1747393814489 0.007342074066400528 200
1747393818314 0.0052659772336483 210
1747393818317 0.0052659772336483 210
1747393822232 0.00513857277110219 220
1747393822233 0.00513857277110219 220
1747393826154 0.004894126672297716 230
1747393826155 0.004894126672297716 230
1747393830029 0.004771951586008072 240
1747393830030 0.004771951586008072 240
1747393833813 0.003780311206355691 250
1747393833815 0.003780311206355691 250
1747393837652 0.003959448076784611 260
1747393837653 0.003959448076784611 260
1747393841453 0.004438269883394241 270
1747393841453 0.004438269883394241 270
1747393845241 0.0032133208587765694 280
1747393845242 0.0032133208587765694 280
1747393852945 0.00443685008212924 290
1747393852946 0.00443685008212924 290
1747393856763 0.002687285654246807 300
1747393856765 0.002687285654246807 300
1747393860553 0.0026851966977119446 310
1747393860554 0.0026851966977119446 310
1747393864429 0.0029693522956222296 320
1747393864430 0.0029693522956222296 320
1747393868350 0.0026438243221491575 330
1747393868351 0.0026438243221491575 330
1747393872272 0.0023647041525691748 340
1747393872273 0.0023647041525691748 340
1747393876215 0.012974097393453121 350
1747393876215 0.012974097393453121 350
1747393880191 0.0022113851737231016 360
1747393880192 0.0022113851737231016 360
1747393884145 0.0027361339889466763 370
1747393884146 0.0027361339889466763 370
1747393891807 0.002238217741250992 380
1747393891807 0.002238217741250992 380
1747393895620 0.002071074675768614 390
1747393895620 0.002071074675768614 390
1747393899418 0.0025696412194520235 400
1747393899419 0.0025696412194520235 400
1747393903257 0.0018883916782215238 410
1747393903256 0.0018883916782215238 410
1747393907167 0.002140688244253397 420
1747393907168 0.002140688244253397 420
1747393911120 0.0053530121222138405 430
1747393911121 0.0053530121222138405 430
1747393915063 0.0017930229660123587 440
1747393915065 0.0017930229660123587 440
1747393918999 0.0023193596862256527 450
1747393919000 0.0023193596862256527 450
1747393922939 0.0014247586950659752 460
1747393922941 0.0014247586950659752 460
1747393926708 0.013374178670346737 470
1747393926709 0.013374178670346737 470
1747393936918 0.001299584866501391 480
1747393936920 0.001299584866501391 480
1747393940793 0.0014271417167037725 490
1747393940795 0.0014271417167037725 490
1747393944718 0.0012403534492477775 500
1747393944719 0.0012403534492477775 500
1747393948668 0.0013019059551879764 510
1747393948670 0.0013019059551879764 510
1747393952667 0.0013138590147718787 520
1747393952668 0.0013138590147718787 520
1747393956743 0.001141278655268252 530
1747393956740 0.001141278655268252 530
1747393960698 0.0019120487850159407 540
1747393960699 0.0019120487850159407 540
1747393964763 0.0011964308796450496 550
1747393964764 0.0011964308796450496 550
1747393968695 0.0014343691291287541 560
1747393968696 0.0014343691291287541 560
