1747393733472 4.946808510638298e-05 10
1747393733473 4.946808510638298e-05 10
1747393737145 4.893617021276596e-05 20
1747393737146 4.893617021276596e-05 20
1747393740867 4.840425531914894e-05 30
1747393740867 4.840425531914894e-05 30
1747393744575 4.787234042553192e-05 40
1747393744576 4.787234042553192e-05 40
1747393748310 4.734042553191489e-05 50
1747393748312 4.734042553191489e-05 50
1747393752194 4.680851063829788e-05 60
1747393752195 4.680851063829788e-05 60
1747393756069 4.627659574468085e-05 70
1747393756070 4.627659574468085e-05 70
1747393759966 4.574468085106383e-05 80
1747393759967 4.574468085106383e-05 80
1747393763867 4.5212765957446815e-05 90
1747393763869 4.5212765957446815e-05 90
1747393771966 4.468085106382979e-05 100
1747393771967 4.468085106382979e-05 100
1747393775806 4.414893617021277e-05 110
1747393775808 4.414893617021277e-05 110
1747393779621 4.3617021276595746e-05 120
1747393779623 4.3617021276595746e-05 120
1747393783415 4.3085106382978725e-05 130
1747393783417 4.3085106382978725e-05 130
1747393787206 4.2553191489361704e-05 140
1747393787207 4.2553191489361704e-05 140
1747393790999 4.2021276595744684e-05 150
1747393791000 4.2021276595744684e-05 150
1747393794885 4.148936170212766e-05 160
1747393794887 4.148936170212766e-05 160
1747393798791 4.095744680851064e-05 170
1747393798792 4.095744680851064e-05 170
1747393802622 4.0425531914893614e-05 180
1747393802623 4.0425531914893614e-05 180
1747393810650 3.9893617021276594e-05 190
1747393810652 3.9893617021276594e-05 190
1747393814488 3.936170212765958e-05 200
1747393814489 3.936170212765958e-05 200
1747393818314 3.882978723404255e-05 210
1747393818317 3.882978723404255e-05 210
1747393822232 3.829787234042553e-05 220
1747393822233 3.829787234042553e-05 220
1747393826154 3.776595744680852e-05 230
1747393826155 3.776595744680852e-05 230
1747393830029 3.723404255319149e-05 240
1747393830030 3.723404255319149e-05 240
1747393833813 3.670212765957447e-05 250
1747393833815 3.670212765957447e-05 250
1747393837652 3.617021276595745e-05 260
1747393837653 3.617021276595745e-05 260
1747393841453 3.563829787234043e-05 270
1747393841453 3.563829787234043e-05 270
1747393845241 3.5106382978723407e-05 280
1747393845242 3.5106382978723407e-05 280
1747393852945 3.4574468085106386e-05 290
1747393852946 3.4574468085106386e-05 290
1747393856763 3.4042553191489365e-05 300
1747393856765 3.4042553191489365e-05 300
1747393860553 3.3510638297872344e-05 310
1747393860554 3.3510638297872344e-05 310
1747393864429 3.2978723404255317e-05 320
1747393864430 3.2978723404255317e-05 320
1747393868350 3.2446808510638296e-05 330
1747393868351 3.2446808510638296e-05 330
1747393872272 3.191489361702128e-05 340
1747393872273 3.191489361702128e-05 340
1747393876215 3.1382978723404254e-05 350
1747393876215 3.1382978723404254e-05 350
1747393880191 3.085106382978723e-05 360
1747393880192 3.085106382978723e-05 360
1747393884145 3.0319148936170216e-05 370
1747393884146 3.0319148936170216e-05 370
1747393891807 2.9787234042553192e-05 380
1747393891807 2.9787234042553192e-05 380
1747393895620 2.925531914893617e-05 390
1747393895620 2.925531914893617e-05 390
1747393899418 2.8723404255319154e-05 400
1747393899419 2.8723404255319154e-05 400
1747393903257 2.819148936170213e-05 410
1747393903256 2.819148936170213e-05 410
1747393907167 2.765957446808511e-05 420
1747393907168 2.765957446808511e-05 420
1747393911120 2.7127659574468084e-05 430
1747393911121 2.7127659574468084e-05 430
1747393915063 2.6595744680851064e-05 440
1747393915065 2.6595744680851064e-05 440
1747393918999 2.6063829787234046e-05 450
1747393919000 2.6063829787234046e-05 450
1747393922939 2.5531914893617022e-05 460
1747393922941 2.5531914893617022e-05 460
1747393926708 2.5e-05 470
1747393926709 2.5e-05 470
1747393936918 2.446808510638298e-05 480
1747393936920 2.446808510638298e-05 480
1747393940793 2.393617021276596e-05 490
1747393940795 2.393617021276596e-05 490
1747393944718 2.340425531914894e-05 500
1747393944719 2.340425531914894e-05 500
1747393948668 2.2872340425531915e-05 510
1747393948670 2.2872340425531915e-05 510
1747393952667 2.2340425531914894e-05 520
1747393952668 2.2340425531914894e-05 520
1747393956743 2.1808510638297873e-05 530
1747393956740 2.1808510638297873e-05 530
1747393960698 2.1276595744680852e-05 540
1747393960699 2.1276595744680852e-05 540
1747393964763 2.074468085106383e-05 550
1747393964764 2.074468085106383e-05 550
1747393968695 2.0212765957446807e-05 560
1747393968696 2.0212765957446807e-05 560
