1747393733472 0.503 10
1747393733473 0.503 10
1747393737145 0.185 20
1747393737146 0.185 20
1747393740867 0.0735 30
1747393740867 0.0735 30
1747393744575 0.0841 40
1747393744576 0.0841 40
1747393748310 0.0733 50
1747393748312 0.0733 50
1747393752194 0.1109 60
1747393752195 0.1109 60
1747393756069 0.1222 70
1747393756070 0.1222 70
1747393759966 0.036 80
1747393759967 0.036 80
1747393763867 0.0504 90
1747393763869 0.0504 90
1747393771966 0.0624 100
1747393771967 0.0624 100
1747393775806 0.0159 110
1747393775808 0.0159 110
1747393779621 0.0018 120
1747393779623 0.0018 120
1747393783415 0.0138 130
1747393783417 0.0138 130
1747393787206 0.001 140
1747393787207 0.001 140
1747393790999 0.005 150
1747393791000 0.005 150
1747393794885 0.001 160
1747393794887 0.001 160
1747393798791 0.0452 170
1747393798792 0.0452 170
1747393802622 0.0006 180
1747393802623 0.0006 180
1747393810650 0.0004 190
1747393810652 0.0004 190
1747393814488 0.0004 200
1747393814489 0.0004 200
1747393818314 0.0004 210
1747393818317 0.0004 210
1747393822232 0.0003 220
1747393822233 0.0003 220
1747393826154 0.0003 230
1747393826155 0.0003 230
1747393830029 0.0003 240
1747393830030 0.0003 240
1747393833813 0.0002 250
1747393833815 0.0002 250
1747393837652 0.0002 260
1747393837653 0.0002 260
1747393841453 0.0002 270
1747393841453 0.0002 270
1747393845241 0.0002 280
1747393845242 0.0002 280
1747393852945 0.0002 290
1747393852946 0.0002 290
1747393856763 0.0002 300
1747393856765 0.0002 300
1747393860553 0.0002 310
1747393860554 0.0002 310
1747393864429 0.0002 320
1747393864430 0.0002 320
1747393868350 0.0001 330
1747393868351 0.0001 330
1747393872272 0.0001 340
1747393872273 0.0001 340
1747393876215 0.0001 350
1747393876215 0.0001 350
1747393880191 0.0001 360
1747393880192 0.0001 360
1747393884145 0.0001 370
1747393884146 0.0001 370
1747393891807 0.0001 380
1747393891807 0.0001 380
1747393895620 0.0001 390
1747393895620 0.0001 390
1747393899418 0.0001 400
1747393899419 0.0001 400
1747393903256 0.0001 410
1747393903257 0.0001 410
1747393907167 0.0001 420
1747393907168 0.0001 420
1747393911120 0.0001 430
1747393911121 0.0001 430
1747393915063 0.0001 440
1747393915065 0.0001 440
1747393918999 0.0001 450
1747393919000 0.0001 450
1747393922939 0.0001 460
1747393922941 0.0001 460
1747393926708 0.0001 470
1747393926709 0.0001 470
1747393936918 0.0001 480
1747393936920 0.0001 480
1747393940793 0.0001 490
1747393940795 0.0001 490
1747393944718 0.0001 500
1747393944719 0.0001 500
1747393948668 0.0001 510
1747393948670 0.0001 510
1747393952667 0.0001 520
1747393952668 0.0001 520
1747393956740 0.0001 530
1747393956743 0.0001 530
1747393960698 0.0001 540
1747393960699 0.0001 540
1747393964763 0.0001 550
1747393964764 0.0001 550
1747393968695 0.0001 560
1747393968696 0.0001 560
