1747378439552 0.10638297872340426 10
1747378439552 0.10638297872340426 10
1747378444842 0.2127659574468085 20
1747378444842 0.2127659574468085 20
1747378448510 0.3191489361702128 30
1747378448510 0.3191489361702128 30
1747378452192 0.425531914893617 40
1747378452192 0.425531914893617 40
1747378455889 0.5319148936170213 50
1747378455889 0.5319148936170213 50
1747378459587 0.6382978723404256 60
1747378459587 0.6382978723404256 60
1747378463297 0.7446808510638298 70
1747378463297 0.7446808510638298 70
1747378467011 0.851063829787234 80
1747378467013 0.851063829787234 80
1747378470719 0.9574468085106383 90
1747378470721 0.9574468085106383 90
1747378476179 1.0 94
1747378476179 1.0 94
1747378479905 1.0638297872340425 100
1747378479905 1.0638297872340425 100
1747378483622 1.1702127659574468 110
1747378483622 1.1702127659574468 110
1747378487340 1.2765957446808511 120
1747378487342 1.2765957446808511 120
1747378491059 1.3829787234042552 130
1747378491059 1.3829787234042552 130
1747378494782 1.4893617021276595 140
1747378494782 1.4893617021276595 140
1747378498502 1.5957446808510638 150
1747378498502 1.5957446808510638 150
1747378505492 1.702127659574468 160
1747378505492 1.702127659574468 160
1747378509207 1.8085106382978724 170
1747378509207 1.8085106382978724 170
1747378514571 1.9148936170212765 180
1747378514571 1.9148936170212765 180
1747378521514 2.0 188
1747378521514 2.0 188
1747378523574 2.021276595744681 190
1747378523574 2.021276595744681 190
1747378527295 2.127659574468085 200
1747378527295 2.127659574468085 200
1747378532637 2.2340425531914896 210
1747378532637 2.2340425531914896 210
1747378537972 2.3404255319148937 220
1747378537972 2.3404255319148937 220
1747378541694 2.4468085106382977 230
1747378541694 2.4468085106382977 230
1747378545401 2.5531914893617023 240
1747378545401 2.5531914893617023 240
1747378549118 2.6595744680851063 250
1747378549118 2.6595744680851063 250
1747378552829 2.7659574468085104 260
1747378552829 2.7659574468085104 260
1747378556548 2.872340425531915 270
1747378556548 2.872340425531915 270
1747378560276 2.978723404255319 280
1747378560276 2.978723404255319 280
1747378565016 3.0 282
1747378565016 3.0 282
1747378569343 3.0851063829787235 290
1747378569343 3.0851063829787235 290
1747378574666 3.1914893617021276 300
1747378574666 3.1914893617021276 300
1747378578386 3.297872340425532 310
1747378578386 3.297872340425532 310
1747378582096 3.404255319148936 320
1747378582096 3.404255319148936 320
1747378585831 3.5106382978723403 330
1747378585831 3.5106382978723403 330
1747378589561 3.617021276595745 340
1747378589561 3.617021276595745 340
1747378593293 3.723404255319149 350
1747378593293 3.723404255319149 350
1747378597012 3.829787234042553 360
1747378597012 3.829787234042553 360
1747378600750 3.9361702127659575 370
1747378600750 3.9361702127659575 370
1747378605311 4.0 376
1747378605311 4.0 376
1747378608246 4.042553191489362 380
1747378608246 4.042553191489362 380
1747378611988 4.148936170212766 390
1747378611988 4.148936170212766 390
1747378615726 4.25531914893617 400
1747378615726 4.25531914893617 400
1747378619474 4.361702127659575 410
1747378619474 4.361702127659575 410
1747378624882 4.468085106382979 420
1747378624882 4.468085106382979 420
1747378628611 4.574468085106383 430
1747378628611 4.574468085106383 430
1747378632344 4.680851063829787 440
1747378632344 4.680851063829787 440
1747378636085 4.787234042553192 450
1747378636085 4.787234042553192 450
1747378641458 4.8936170212765955 460
1747378641458 4.8936170212765955 460
1747378645046 5.0 470
1747378645046 5.0 470
1747378647524 5.0 470
1747378647524 5.0 470
1747378652637 5.1063829787234045 480
1747378652637 5.1063829787234045 480
1747378656373 5.212765957446808 490
1747378656373 5.212765957446808 490
1747378660115 5.319148936170213 500
1747378660131 5.319148936170213 500
1747378665485 5.425531914893617 510
1747378665485 5.425531914893617 510
1747378669228 5.531914893617021 520
1747378669228 5.531914893617021 520
1747378672972 5.638297872340425 530
1747378672972 5.638297872340425 530
1747378676711 5.74468085106383 540
1747378676711 5.74468085106383 540
1747378682106 5.851063829787234 550
1747378682106 5.851063829787234 550
1747378685841 5.957446808510638 560
1747378685841 5.957446808510638 560
1747378689658 6.0 564
1747378689658 6.0 564
1747378690985 6.0 564
1747378690985 6.0 564
