1747378439552 10.57837200164795 10
1747378439552 10.57837200164795 10
1747378444842 1.1638246774673462 20
1747378444842 1.1638246774673462 20
1747378448510 2.2974801063537598 30
1747378448510 2.2974801063537598 30
1747378452192 5.044322490692139 40
1747378452192 5.044322490692139 40
1747378455889 1.3739726543426514 50
1747378455889 1.3739726543426514 50
1747378459587 4.407877445220947 60
1747378459587 4.407877445220947 60
1747378463297 0.18475398421287537 70
1747378463297 0.18475398421287537 70
1747378467011 10.629637718200684 80
1747378467013 10.629637718200684 80
1747378470719 0.5517843961715698 90
1747378470721 0.5517843961715698 90
1747378479905 0.06381610035896301 100
1747378479905 0.06381610035896301 100
1747378483622 13.684475898742676 110
1747378483622 13.684475898742676 110
1747378487340 0.1112990602850914 120
1747378487342 0.1112990602850914 120
1747378491059 55.79574966430664 130
1747378491059 55.79574966430664 130
1747378494782 0.05354473367333412 140
1747378494782 0.05354473367333412 140
1747378498502 0.028283925727009773 150
1747378498502 0.028283925727009773 150
1747378505492 0.023633699864149094 160
1747378505492 0.023633699864149094 160
1747378509207 0.01771620102226734 170
1747378509207 0.01771620102226734 170
1747378514571 85.8548812866211 180
1747378514571 85.8548812866211 180
1747378523574 0.01513076014816761 190
1747378523574 0.01513076014816761 190
1747378527295 0.012866634875535965 200
1747378527295 0.012866634875535965 200
1747378532637 0.012556759640574455 210
1747378532637 0.012556759640574455 210
1747378537972 0.01931772753596306 220
1747378537972 0.01931772753596306 220
1747378541694 0.015006200410425663 230
1747378541694 0.015006200410425663 230
1747378545401 0.013453925028443336 240
1747378545401 0.013453925028443336 240
1747378549118 0.009779246523976326 250
1747378549118 0.009779246523976326 250
1747378552829 0.0078093442134559155 260
1747378552829 0.0078093442134559155 260
1747378556548 0.007367628160864115 270
1747378556548 0.007367628160864115 270
1747378560276 0.006432472262531519 280
1747378560276 0.006432472262531519 280
1747378569343 0.005632133223116398 290
1747378569343 0.005632133223116398 290
1747378574666 0.005425530020147562 300
1747378574666 0.005425530020147562 300
1747378578386 0.005649670958518982 310
1747378578386 0.005649670958518982 310
1747378582096 0.005303784739226103 320
1747378582096 0.005303784739226103 320
1747378585831 0.004244398791342974 330
1747378585831 0.004244398791342974 330
1747378589561 0.0046716914512217045 340
1747378589561 0.0046716914512217045 340
1747378593293 0.004283236805349588 350
1747378593293 0.004283236805349588 350
1747378597012 0.004092954099178314 360
1747378597012 0.004092954099178314 360
1747378600750 0.0035956704523414373 370
1747378600750 0.0035956704523414373 370
1747378608246 0.003396686166524887 380
1747378608246 0.003396686166524887 380
1747378611988 0.00294759520329535 390
1747378611988 0.00294759520329535 390
1747378615726 0.003424848197028041 400
1747378615726 0.003424848197028041 400
1747378619474 0.003007733728736639 410
1747378619474 0.003007733728736639 410
1747378624882 0.003161107888445258 420
1747378624882 0.003161107888445258 420
1747378628611 0.0025492398999631405 430
1747378628611 0.0025492398999631405 430
1747378632344 0.0028931819833815098 440
1747378632344 0.0028931819833815098 440
1747378636085 0.0026878032367676497 450
1747378636085 0.0026878032367676497 450
1747378641458 0.002318090293556452 460
1747378641458 0.002318090293556452 460
1747378645046 0.0020746993832290173 470
1747378645046 0.0020746993832290173 470
1747378652637 0.0024015626404434443 480
1747378652637 0.0024015626404434443 480
1747378656373 0.002079741330817342 490
1747378656373 0.002079741330817342 490
1747378660115 0.00380677729845047 500
1747378660131 0.00380677729845047 500
1747378665485 0.001977706328034401 510
1747378665485 0.001977706328034401 510
1747378669228 0.0021434123627841473 520
1747378669228 0.0021434123627841473 520
1747378672972 0.0020564026199281216 530
1747378676711 0.0019474003929644823 540
1747378676711 0.0019474003929644823 540
1747378682106 0.002018740400671959 550
1747378682106 0.002018740400671959 550
1747378685841 0.0019050298724323511 560
1747378685841 0.0019050298724323511 560
