1747378439552 4.946808510638298e-05 10
1747378439552 4.946808510638298e-05 10
1747378444842 4.893617021276596e-05 20
1747378444842 4.893617021276596e-05 20
1747378448510 4.840425531914894e-05 30
1747378448510 4.840425531914894e-05 30
1747378452192 4.787234042553192e-05 40
1747378452192 4.787234042553192e-05 40
1747378455889 4.734042553191489e-05 50
1747378455889 4.734042553191489e-05 50
1747378459587 4.680851063829788e-05 60
1747378459587 4.680851063829788e-05 60
1747378463297 4.627659574468085e-05 70
1747378463297 4.627659574468085e-05 70
1747378467011 4.574468085106383e-05 80
1747378467013 4.574468085106383e-05 80
1747378470719 4.5212765957446815e-05 90
1747378470721 4.5212765957446815e-05 90
1747378479905 4.468085106382979e-05 100
1747378479905 4.468085106382979e-05 100
1747378483622 4.414893617021277e-05 110
1747378483622 4.414893617021277e-05 110
1747378487340 4.3617021276595746e-05 120
1747378487342 4.3617021276595746e-05 120
1747378491059 4.3085106382978725e-05 130
1747378491059 4.3085106382978725e-05 130
1747378494782 4.2553191489361704e-05 140
1747378494782 4.2553191489361704e-05 140
1747378498502 4.2021276595744684e-05 150
1747378498502 4.2021276595744684e-05 150
1747378505492 4.148936170212766e-05 160
1747378505492 4.148936170212766e-05 160
1747378509207 4.095744680851064e-05 170
1747378509207 4.095744680851064e-05 170
1747378514571 4.0425531914893614e-05 180
1747378514571 4.0425531914893614e-05 180
1747378523574 3.9893617021276594e-05 190
1747378523574 3.9893617021276594e-05 190
1747378527295 3.936170212765958e-05 200
1747378527295 3.936170212765958e-05 200
1747378532637 3.882978723404255e-05 210
1747378532637 3.882978723404255e-05 210
1747378537972 3.829787234042553e-05 220
1747378537972 3.829787234042553e-05 220
1747378541694 3.776595744680852e-05 230
1747378541694 3.776595744680852e-05 230
1747378545401 3.723404255319149e-05 240
1747378545401 3.723404255319149e-05 240
1747378549118 3.670212765957447e-05 250
1747378549118 3.670212765957447e-05 250
1747378552829 3.617021276595745e-05 260
1747378552829 3.617021276595745e-05 260
1747378556548 3.563829787234043e-05 270
1747378556548 3.563829787234043e-05 270
1747378560276 3.5106382978723407e-05 280
1747378560276 3.5106382978723407e-05 280
1747378569343 3.4574468085106386e-05 290
1747378569343 3.4574468085106386e-05 290
1747378574666 3.4042553191489365e-05 300
1747378574666 3.4042553191489365e-05 300
1747378578386 3.3510638297872344e-05 310
1747378578386 3.3510638297872344e-05 310
1747378582096 3.2978723404255317e-05 320
1747378582096 3.2978723404255317e-05 320
1747378585831 3.2446808510638296e-05 330
1747378585831 3.2446808510638296e-05 330
1747378589561 3.191489361702128e-05 340
1747378589561 3.191489361702128e-05 340
1747378593293 3.1382978723404254e-05 350
1747378593293 3.1382978723404254e-05 350
1747378597012 3.085106382978723e-05 360
1747378597012 3.085106382978723e-05 360
1747378600750 3.0319148936170216e-05 370
1747378600750 3.0319148936170216e-05 370
1747378608246 2.9787234042553192e-05 380
1747378608246 2.9787234042553192e-05 380
1747378611988 2.925531914893617e-05 390
1747378611988 2.925531914893617e-05 390
1747378615726 2.8723404255319154e-05 400
1747378615726 2.8723404255319154e-05 400
1747378619474 2.819148936170213e-05 410
1747378619474 2.819148936170213e-05 410
1747378624882 2.765957446808511e-05 420
1747378624882 2.765957446808511e-05 420
1747378628611 2.7127659574468084e-05 430
1747378628611 2.7127659574468084e-05 430
1747378632344 2.6595744680851064e-05 440
1747378632344 2.6595744680851064e-05 440
1747378636085 2.6063829787234046e-05 450
1747378636085 2.6063829787234046e-05 450
1747378641458 2.5531914893617022e-05 460
1747378641458 2.5531914893617022e-05 460
1747378645046 2.5e-05 470
1747378645046 2.5e-05 470
1747378652637 2.446808510638298e-05 480
1747378652637 2.446808510638298e-05 480
1747378656373 2.393617021276596e-05 490
1747378656373 2.393617021276596e-05 490
1747378660115 2.340425531914894e-05 500
1747378660131 2.340425531914894e-05 500
1747378665485 2.2872340425531915e-05 510
1747378665485 2.2872340425531915e-05 510
1747378669228 2.2340425531914894e-05 520
1747378669228 2.2340425531914894e-05 520
1747378672972 2.1808510638297873e-05 530
1747378672972 2.1808510638297873e-05 530
1747378676711 2.1276595744680852e-05 540
1747378676711 2.1276595744680852e-05 540
1747378682106 2.074468085106383e-05 550
1747378682106 2.074468085106383e-05 550
1747378685841 2.0212765957446807e-05 560
1747378685841 2.0212765957446807e-05 560
