1747378439552 0.5444 10
1747378439552 0.5444 10
1747378444842 0.1637 20
1747378444842 0.1637 20
1747378448510 0.0985 30
1747378448510 0.0985 30
1747378452192 0.1943 40
1747378452192 0.1943 40
1747378455889 0.4158 50
1747378455889 0.4158 50
1747378459587 0.1421 60
1747378459587 0.1421 60
1747378463297 0.1371 70
1747378463297 0.1371 70
1747378467011 0.194 80
1747378467013 0.194 80
1747378470719 0.0393 90
1747378470721 0.0393 90
1747378479905 0.202 100
1747378479905 0.202 100
1747378483622 0.1397 110
1747378483622 0.1397 110
1747378487340 0.0065 120
1747378487342 0.0065 120
1747378491059 0.0062 130
1747378491059 0.0062 130
1747378494782 0.0527 140
1747378494782 0.0527 140
1747378498502 0.0571 150
1747378498502 0.0571 150
1747378505492 0.0174 160
1747378505492 0.0174 160
1747378509207 0.0008 170
1747378509207 0.0008 170
1747378514571 0.0695 180
1747378514571 0.0695 180
1747378523574 0.0032 190
1747378523574 0.0032 190
1747378527295 0.0006 200
1747378527295 0.0006 200
1747378532637 0.0004 210
1747378532637 0.0004 210
1747378537972 0.0773 220
1747378537972 0.0773 220
1747378541694 0.002 230
1747378541694 0.002 230
1747378545401 0.0009 240
1747378545401 0.0009 240
1747378549118 0.0277 250
1747378549118 0.0277 250
1747378552829 0.0003 260
1747378552829 0.0003 260
1747378556548 0.0003 270
1747378556548 0.0003 270
1747378560276 0.0003 280
1747378560276 0.0003 280
1747378569343 0.0002 290
1747378569343 0.0002 290
1747378574666 0.0002 300
1747378574666 0.0002 300
1747378578386 0.0002 310
1747378578386 0.0002 310
1747378582096 0.0002 320
1747378582096 0.0002 320
1747378585831 0.0002 330
1747378585831 0.0002 330
1747378589561 0.0002 340
1747378589561 0.0002 340
1747378593293 0.0002 350
1747378593293 0.0002 350
1747378597012 0.0002 360
1747378597012 0.0002 360
1747378600750 0.0001 370
1747378600750 0.0001 370
1747378608246 0.0001 380
1747378608246 0.0001 380
1747378611988 0.0001 390
1747378611988 0.0001 390
1747378615726 0.0001 400
1747378615726 0.0001 400
1747378619474 0.0001 410
1747378619474 0.0001 410
1747378624882 0.0001 420
1747378624882 0.0001 420
1747378628611 0.0001 430
1747378628611 0.0001 430
1747378632344 0.0001 440
1747378632344 0.0001 440
1747378636085 0.0001 450
1747378636085 0.0001 450
1747378641458 0.0001 460
1747378641458 0.0001 460
1747378645046 0.0001 470
1747378645046 0.0001 470
1747378652637 0.0001 480
1747378652637 0.0001 480
1747378656373 0.0001 490
1747378656373 0.0001 490
1747378660115 0.0001 500
1747378660131 0.0001 500
1747378665485 0.0001 510
1747378665485 0.0001 510
1747378669228 0.0001 520
1747378669228 0.0001 520
1747378672972 0.0001 530
1747378672972 0.0001 530
1747378676711 0.0001 540
1747378676711 0.0001 540
1747378682106 0.0001 550
1747378682106 0.0001 550
1747378685841 0.0001 560
1747378685841 0.0001 560
