1747374181249 0.11235955056179775 10
1747374181249 0.11235955056179775 10
1747374186544 0.2247191011235955 20
1747374186544 0.2247191011235955 20
1747374191902 0.33707865168539325 30
1747374191902 0.33707865168539325 30
1747374195771 0.449438202247191 40
1747374195772 0.449438202247191 40
1747374199557 0.5617977528089888 50
1747374199557 0.5617977528089888 50
1747374203388 0.6741573033707865 60
1747374203389 0.6741573033707865 60
1747374207306 0.7865168539325843 70
1747374207307 0.7865168539325843 70
1747374211217 0.898876404494382 80
1747374211217 0.898876404494382 80
1747374220217 1.0 89
1747374220217 1.0 89
1747374222060 1.0112359550561798 90
1747374222061 1.0112359550561798 90
1747374227533 1.1235955056179776 100
1747374227533 1.1235955056179776 100
1747374231456 1.2359550561797752 110
1747374231457 1.2359550561797752 110
1747374235507 1.348314606741573 120
1747374235508 1.348314606741573 120
1747374241054 1.4606741573033708 130
1747374241055 1.4606741573033708 130
1747374247538 1.5730337078651684 140
1747374247541 1.5730337078651684 140
1747374251999 1.6853932584269664 150
1747374252000 1.6853932584269664 150
1747374255817 1.797752808988764 160
1747374255816 1.797752808988764 160
1747374259635 1.9101123595505618 170
1747374259635 1.9101123595505618 170
1747374264956 2.0 178
1747374264956 2.0 178
1747374267126 2.0224719101123596 180
1747374267127 2.0224719101123596 180
1747374271288 2.134831460674157 190
1747374271288 2.134831460674157 190
1747374275137 2.247191011235955 200
1747374275139 2.247191011235955 200
1747374279024 2.359550561797753 210
1747374279025 2.359550561797753 210
1747374284628 2.4719101123595504 220
1747374284628 2.4719101123595504 220
1747374288494 2.5842696629213484 230
1747374288495 2.5842696629213484 230
1747374293987 2.696629213483146 240
1747374293988 2.696629213483146 240
1747374297881 2.808988764044944 250
1747374297881 2.808988764044944 250
1747374301722 2.9213483146067416 260
1747374301724 2.9213483146067416 260
1747374306839 3.0 267
1747374306840 3.0 267
1747374309481 3.033707865168539 270
1747374309482 3.033707865168539 270
1747374313267 3.146067415730337 280
1747374313268 3.146067415730337 280
1747374317145 3.258426966292135 290
1747374317145 3.258426966292135 290
1747374321027 3.370786516853933 300
1747374321027 3.370786516853933 300
1747374324905 3.4831460674157304 310
1747374324906 3.4831460674157304 310
1747374328803 3.595505617977528 320
1747374328804 3.595505617977528 320
1747374332810 3.7078651685393256 330
1747374332811 3.7078651685393256 330
1747374336765 3.8202247191011236 340
1747374336765 3.8202247191011236 340
1747374340724 3.932584269662921 350
1747374340725 3.932584269662921 350
1747374347099 4.0 356
1747374347100 4.0 356
1747374350593 4.044943820224719 360
1747374350594 4.044943820224719 360
1747374357875 4.157303370786517 370
1747374357876 4.157303370786517 370
1747374361981 4.269662921348314 380
1747374361980 4.269662921348314 380
1747374367684 4.382022471910112 390
1747374367684 4.382022471910112 390
1747374371602 4.49438202247191 400
1747374371603 4.49438202247191 400
1747374375529 4.606741573033708 410
1747374375530 4.606741573033708 410
1747374380660 4.719101123595506 420
1747374380665 4.719101123595506 420
1747374386602 4.831460674157303 430
1747374386606 4.831460674157303 430
1747374390922 4.943820224719101 440
1747374390923 4.943820224719101 440
1747374395412 5.0 445
1747374395414 5.0 445
1747374398602 5.0 445
1747374398603 5.0 445
