1747374181249 8.771990776062012 10
1747374181249 8.771990776062012 10
1747374186544 2.791353940963745 20
1747374186544 2.791353940963745 20
1747374191902 2.0407140254974365 30
1747374191902 2.0407140254974365 30
1747374195771 2.6984870433807373 40
1747374195772 2.6984870433807373 40
1747374199557 6.393991470336914 50
1747374199557 6.393991470336914 50
1747374203388 5.944734573364258 60
1747374203389 5.944734573364258 60
1747374207306 4.493602752685547 70
1747374207307 4.493602752685547 70
1747374211217 5.103728771209717 80
1747374211217 5.103728771209717 80
1747374222060 3.3661093711853027 90
1747374222061 3.3661093711853027 90
1747374227533 5.7574462890625 100
1747374227533 5.7574462890625 100
1747374231456 18.701984405517578 110
1747374231457 18.701984405517578 110
1747374235507 6.726064682006836 120
1747374235508 6.726064682006836 120
1747374241054 8.250004768371582 130
1747374241055 8.250004768371582 130
1747374247538 3.526632308959961 140
1747374247541 3.526632308959961 140
1747374251999 3.439678430557251 150
1747374252000 3.439678430557251 150
1747374255817 13.607873916625977 160
1747374255816 13.607873916625977 160
1747374259635 8.584153175354004 170
1747374259635 8.584153175354004 170
1747374267126 3.589797019958496 180
1747374267127 3.589797019958496 180
1747374271288 8.291409492492676 190
1747374271288 8.291409492492676 190
1747374275137 1.451379418373108 200
1747374275139 1.451379418373108 200
1747374279024 0.4719316363334656 210
1747374279025 0.4719316363334656 210
1747374284628 1.921638011932373 220
1747374284628 1.921638011932373 220
1747374288494 17.4678897857666 230
1747374288495 17.4678897857666 230
1747374293987 4.093168258666992 240
1747374293988 4.093168258666992 240
1747374297881 7.793410301208496 250
1747374297881 7.793410301208496 250
1747374301722 6.8361945152282715 260
1747374301724 6.8361945152282715 260
1747374309481 4.2180070877075195 270
1747374309482 4.2180070877075195 270
1747374313267 0.11978653073310852 280
1747374313268 0.11978653073310852 280
1747374317145 0.10291069746017456 290
1747374317145 0.10291069746017456 290
1747374321027 0.08329092711210251 300
1747374321027 0.08329092711210251 300
1747374324905 35.81224822998047 310
1747374324906 35.81224822998047 310
1747374328803 0.2470715045928955 320
1747374328804 0.2470715045928955 320
1747374332810 0.11833598464727402 330
1747374332811 0.11833598464727402 330
1747374336765 0.20533780753612518 340
1747374336765 0.20533780753612518 340
1747374340724 0.05244991555809975 350
1747374340725 0.05244991555809975 350
1747374350593 0.04684052988886833 360
1747374350594 0.04684052988886833 360
1747374357875 0.21430671215057373 370
1747374357876 0.21430671215057373 370
1747374361980 0.04276768118143082 380
1747374361981 0.04276768118143082 380
1747374367684 0.012331896461546421 390
1747374367684 0.012331896461546421 390
1747374371602 0.014507993124425411 400
1747374371603 0.014507993124425411 400
1747374375529 7.067143440246582 410
1747374375530 7.067143440246582 410
1747374380660 9.402106285095215 420
1747374380665 9.402106285095215 420
1747374386602 27.587678909301758 430
1747374386606 27.587678909301758 430
1747374390922 0.008543637581169605 440
1747374390923 0.008543637581169605 440
