1747374181249 4.943820224719101e-05 10
1747374181249 4.943820224719101e-05 10
1747374186544 4.8876404494382024e-05 20
1747374186544 4.8876404494382024e-05 20
1747374191902 4.831460674157304e-05 30
1747374191902 4.831460674157304e-05 30
1747374195771 4.7752808988764046e-05 40
1747374195772 4.7752808988764046e-05 40
1747374199557 4.719101123595506e-05 50
1747374199557 4.719101123595506e-05 50
1747374203388 4.662921348314607e-05 60
1747374203389 4.662921348314607e-05 60
1747374207306 4.606741573033708e-05 70
1747374207307 4.606741573033708e-05 70
1747374211217 4.550561797752809e-05 80
1747374211217 4.550561797752809e-05 80
1747374222060 4.4943820224719104e-05 90
1747374222061 4.4943820224719104e-05 90
1747374227533 4.438202247191011e-05 100
1747374227533 4.438202247191011e-05 100
1747374231456 4.3820224719101126e-05 110
1747374231457 4.3820224719101126e-05 110
1747374235507 4.3258426966292134e-05 120
1747374235508 4.3258426966292134e-05 120
1747374241054 4.269662921348315e-05 130
1747374241055 4.269662921348315e-05 130
1747374247538 4.2134831460674156e-05 140
1747374247541 4.2134831460674156e-05 140
1747374251999 4.157303370786517e-05 150
1747374252000 4.157303370786517e-05 150
1747374255817 4.1011235955056184e-05 160
1747374255816 4.1011235955056184e-05 160
1747374259635 4.044943820224719e-05 170
1747374259635 4.044943820224719e-05 170
1747374267126 3.98876404494382e-05 180
1747374267127 3.98876404494382e-05 180
1747374271288 3.9325842696629214e-05 190
1747374271288 3.9325842696629214e-05 190
1747374275137 3.876404494382023e-05 200
1747374275139 3.876404494382023e-05 200
1747374279024 3.8202247191011236e-05 210
1747374279025 3.8202247191011236e-05 210
1747374284628 3.764044943820225e-05 220
1747374284628 3.764044943820225e-05 220
1747374288494 3.7078651685393264e-05 230
1747374288495 3.7078651685393264e-05 230
1747374293987 3.651685393258427e-05 240
1747374293988 3.651685393258427e-05 240
1747374297881 3.595505617977528e-05 250
1747374297881 3.595505617977528e-05 250
1747374301722 3.5393258426966294e-05 260
1747374301724 3.5393258426966294e-05 260
1747374309481 3.483146067415731e-05 270
1747374309482 3.483146067415731e-05 270
1747374313267 3.4269662921348316e-05 280
1747374313268 3.4269662921348316e-05 280
1747374317145 3.370786516853933e-05 290
1747374317145 3.370786516853933e-05 290
1747374321027 3.314606741573034e-05 300
1747374321027 3.314606741573034e-05 300
1747374324905 3.258426966292135e-05 310
1747374324906 3.258426966292135e-05 310
1747374328803 3.202247191011236e-05 320
1747374328804 3.202247191011236e-05 320
1747374332810 3.1460674157303374e-05 330
1747374332811 3.1460674157303374e-05 330
1747374336765 3.089887640449438e-05 340
1747374336765 3.089887640449438e-05 340
1747374340724 3.0337078651685396e-05 350
1747374340725 3.0337078651685396e-05 350
1747374350593 2.9775280898876406e-05 360
1747374350594 2.9775280898876406e-05 360
1747374357875 2.9213483146067417e-05 370
1747374357876 2.9213483146067417e-05 370
1747374361981 2.8651685393258425e-05 380
1747374361980 2.8651685393258425e-05 380
1747374367684 2.8089887640449443e-05 390
1747374367684 2.8089887640449443e-05 390
1747374371602 2.752808988764045e-05 400
1747374371603 2.752808988764045e-05 400
1747374375529 2.696629213483146e-05 410
1747374375530 2.696629213483146e-05 410
1747374380660 2.6404494382022472e-05 420
1747374380665 2.6404494382022472e-05 420
1747374386602 2.5842696629213486e-05 430
1747374386606 2.5842696629213486e-05 430
1747374390922 2.5280898876404497e-05 440
1747374390923 2.5280898876404497e-05 440
