1747374181249 0.6815 10
1747374181249 0.6815 10
1747374186544 0.6627 20
1747374186544 0.6627 20
1747374191902 0.5886 30
1747374191902 0.5886 30
1747374195771 0.6377 40
1747374195772 0.6377 40
1747374199557 0.5841 50
1747374199557 0.5841 50
1747374203388 0.5621 60
1747374203389 0.5621 60
1747374207306 0.5431 70
1747374207307 0.5431 70
1747374211217 0.4607 80
1747374222060 0.3823 90
1747374222061 0.3823 90
1747374227533 0.4145 100
1747374227533 0.4145 100
1747374231456 0.3702 110
1747374231457 0.3702 110
1747374235507 0.3562 120
1747374235508 0.3562 120
1747374241054 0.3184 130
1747374241055 0.3184 130
1747374247538 0.3151 140
1747374247541 0.3151 140
1747374251999 0.1909 150
1747374252000 0.1909 150
1747374255816 0.3615 160
1747374259635 0.382 170
1747374259635 0.382 170
1747374267126 0.3728 180
1747374267127 0.3728 180
1747374271288 0.2551 190
1747374271288 0.2551 190
1747374275137 0.1715 200
1747374275139 0.1715 200
1747374279024 0.1231 210
1747374279025 0.1231 210
1747374284628 0.1753 220
1747374284628 0.1753 220
1747374288494 0.2148 230
1747374288495 0.2148 230
1747374293987 0.1392 240
1747374293988 0.1392 240
1747374297881 0.1409 250
1747374297881 0.1409 250
1747374301722 0.1983 260
1747374301724 0.1983 260
1747374309481 0.1719 270
1747374309482 0.1719 270
1747374313267 0.051 280
1747374313268 0.051 280
1747374317145 0.0249 290
1747374317145 0.0249 290
1747374321027 0.0146 300
1747374321027 0.0146 300
1747374324905 0.1676 310
1747374324906 0.1676 310
1747374328803 0.0486 320
1747374328804 0.0486 320
1747374332810 0.0523 330
1747374332811 0.0523 330
1747374336765 0.0748 340
1747374336765 0.0748 340
1747374340724 0.0755 350
1747374340725 0.0755 350
1747374350593 0.0225 360
1747374350594 0.0225 360
1747374357875 0.0016 370
1747374357876 0.0016 370
1747374361980 0.0251 380
1747374361981 0.0251 380
1747374367684 0.0007 390
1747374367684 0.0007 390
1747374371602 0.0007 400
1747374371603 0.0007 400
1747374375529 0.0307 410
1747374375530 0.0307 410
1747374380660 0.0101 420
1747374380665 0.0101 420
1747374386602 0.1474 430
1747374386606 0.1474 430
1747374390922 0.0827 440
1747374390923 0.0827 440
