1747231915542 0.5555555555555556 10
1747231915542 0.5555555555555556 10
1747231922707 1.0 18
1747231922707 1.0 18
1747231925703 1.1111111111111112 20
1747231925704 1.1111111111111112 20
1747231935625 1.6666666666666665 30
1747231935625 1.6666666666666665 30
1747231941356 2.0 36
1747231941354 2.0 36
1747231946092 2.2222222222222223 40
1747231946092 2.2222222222222223 40
1747231954611 2.7777777777777777 50
1747231954611 2.7777777777777777 50
1747231960263 3.0 54
1747231960263 3.0 54
1747231969681 3.3333333333333335 60
1747231969681 3.3333333333333335 60
1747231981094 3.888888888888889 70
1747231981095 3.888888888888889 70
1747231985151 4.0 72
1747231985151 4.0 72
1747231996222 4.444444444444445 80
1747231996222 4.444444444444445 80
1747232007442 5.0 90
1747232007442 5.0 90
1747232008379 5.0 90
1747232008379 5.0 90
1747232025494 5.555555555555555 100
1747232025494 5.555555555555555 100
1747232033411 6.0 108
1747232033411 6.0 108
1747232036403 6.111111111111111 110
1747232036403 6.111111111111111 110
1747232047851 6.666666666666667 120
1747232047851 6.666666666666667 120
1747232055130 7.0 126
1747232055130 7.0 126
1747232056449 7.0 126
1747232056449 7.0 126
