1747231915542 3.043450355529785 10
1747231915542 3.043450355529785 10
1747231925703 6.044021129608154 20
1747231925704 6.044021129608154 20
1747231935625 9.076897621154785 30
1747231935625 9.076897621154785 30
1747231946092 42.5513801574707 40
1747231946092 42.5513801574707 40
1747231954611 2.1059041023254395 50
1747231954611 2.1059041023254395 50
1747231969681 3.9361965656280518 60
1747231969681 3.9361965656280518 60
1747231981094 1.9602853059768677 70
1747231981095 1.9602853059768677 70
1747231996222 0.14786678552627563 80
1747231996222 0.14786678552627563 80
1747232007442 1.188836932182312 90
1747232007442 1.188836932182312 90
1747232025494 0.07665421813726425 100
1747232025494 0.07665421813726425 100
1747232036403 0.013551103882491589 110
1747232036403 0.013551103882491589 110
1747232047851 0.032529979944229126 120
1747232047851 0.032529979944229126 120
