1747231915542 9.444444444444444e-05 10
1747231915542 9.444444444444444e-05 10
1747231925703 8.888888888888889e-05 20
1747231925704 8.888888888888889e-05 20
1747231935625 8.333333333333334e-05 30
1747231935625 8.333333333333334e-05 30
1747231946092 7.777777777777778e-05 40
1747231946092 7.777777777777778e-05 40
1747231954611 7.222222222222222e-05 50
1747231954611 7.222222222222222e-05 50
1747231969681 6.666666666666667e-05 60
1747231969681 6.666666666666667e-05 60
1747231981094 6.111111111111112e-05 70
1747231981095 6.111111111111112e-05 70
1747231996222 5.555555555555556e-05 80
1747231996222 5.555555555555556e-05 80
1747232007442 5e-05 90
1747232007442 5e-05 90
1747232025494 4.4444444444444447e-05 100
1747232025494 4.4444444444444447e-05 100
1747232036403 3.888888888888889e-05 110
1747232036403 3.888888888888889e-05 110
1747232047851 3.3333333333333335e-05 120
1747232047851 3.3333333333333335e-05 120
