1747231915542 0.6304 10
1747231915542 0.6304 10
1747231925703 0.5741 20
1747231925704 0.5741 20
1747231935625 0.4212 30
1747231935625 0.4212 30
1747231946092 0.3218 40
1747231946092 0.3218 40
1747231954611 0.2371 50
1747231954611 0.2371 50
1747231969681 0.1195 60
1747231969681 0.1195 60
1747231981094 0.2694 70
1747231981095 0.2694 70
1747231996222 0.0224 80
1747231996222 0.0224 80
1747232007442 0.3202 90
1747232007442 0.3202 90
1747232025494 0.0112 100
1747232025494 0.0112 100
1747232036403 0.1262 110
1747232036403 0.1262 110
1747232047851 0.1322 120
1747232047851 0.1322 120
