1747375415859 0.11235955056179775 10
1747375415859 0.11235955056179775 10
1747375419534 0.2247191011235955 20
1747375419534 0.2247191011235955 20
1747375424967 0.33707865168539325 30
1747375424967 0.33707865168539325 30
1747375430485 0.449438202247191 40
1747375430485 0.449438202247191 40
1747375434394 0.5617977528089888 50
1747375434394 0.5617977528089888 50
1747375438316 0.6741573033707865 60
1747375438316 0.6741573033707865 60
1747375442307 0.7865168539325843 70
1747375442307 0.7865168539325843 70
1747375447846 0.898876404494382 80
1747375447846 0.898876404494382 80
1747375455257 1.0 89
1747375455257 1.0 89
1747375457566 1.0112359550561798 90
1747375457566 1.0112359550561798 90
1747375461369 1.1235955056179776 100
1747375461371 1.1235955056179776 100
1747375465103 1.2359550561797752 110
1747375465103 1.2359550561797752 110
1747375470546 1.348314606741573 120
1747375470546 1.348314606741573 120
1747375475988 1.4606741573033708 130
1747375475988 1.4606741573033708 130
1747375479780 1.5730337078651684 140
1747375479780 1.5730337078651684 140
1747375486724 1.6853932584269664 150
1747375486730 1.6853932584269664 150
1747375490993 1.797752808988764 160
1747375490995 1.797752808988764 160
1747375495032 1.9101123595505618 170
1747375495032 1.9101123595505618 170
1747375502028 2.0 178
1747375502028 2.0 178
1747375504841 2.0224719101123596 180
1747375504841 2.0224719101123596 180
1747375512068 2.134831460674157 190
1747375512068 2.134831460674157 190
1747375517541 2.247191011235955 200
1747375517541 2.247191011235955 200
1747375521475 2.359550561797753 210
1747375521475 2.359550561797753 210
1747375525237 2.4719101123595504 220
1747375525237 2.4719101123595504 220
1747375530706 2.5842696629213484 230
1747375530706 2.5842696629213484 230
1747375534552 2.696629213483146 240
1747375534552 2.696629213483146 240
1747375538325 2.808988764044944 250
1747375538325 2.808988764044944 250
1747375542100 2.9213483146067416 260
1747375542100 2.9213483146067416 260
1747375547049 3.0 267
1747375547049 3.0 267
1747375551318 3.033707865168539 270
1747375551318 3.033707865168539 270
1747375556752 3.146067415730337 280
1747375556752 3.146067415730337 280
1747375562152 3.258426966292135 290
1747375562152 3.258426966292135 290
1747375565909 3.370786516853933 300
1747375565909 3.370786516853933 300
1747375569668 3.4831460674157304 310
1747375569668 3.4831460674157304 310
1747375575092 3.595505617977528 320
1747375575092 3.595505617977528 320
1747375578859 3.7078651685393256 330
1747375578859 3.7078651685393256 330
1747375584276 3.8202247191011236 340
1747375584276 3.8202247191011236 340
1747375589810 3.932584269662921 350
1747375589814 3.932584269662921 350
1747375594615 4.0 356
1747375594615 4.0 356
1747375597777 4.044943820224719 360
1747375597777 4.044943820224719 360
1747375603304 4.157303370786517 370
1747375603312 4.157303370786517 370
1747375609011 4.269662921348314 380
1747375609011 4.269662921348314 380
1747375613093 4.382022471910112 390
1747375613093 4.382022471910112 390
1747375617105 4.49438202247191 400
1747375617105 4.49438202247191 400
1747375622577 4.606741573033708 410
1747375622561 4.606741573033708 410
1747375626472 4.719101123595506 420
1747375626472 4.719101123595506 420
1747375630471 4.831460674157303 430
1747375630474 4.831460674157303 430
1747375634358 4.943820224719101 440
1747375634374 4.943820224719101 440
1747375638495 5.0 445
1747375638495 5.0 445
1747375641946 5.056179775280899 450
1747375641946 5.056179775280899 450
1747375647385 5.168539325842697 460
1747375647385 5.168539325842697 460
1747375651338 5.280898876404494 470
1747375651338 5.280898876404494 470
1747375656861 5.393258426966292 480
1747375656861 5.393258426966292 480
1747375662345 5.50561797752809 490
1747375662345 5.50561797752809 490
1747375666211 5.617977528089888 500
1747375666211 5.617977528089888 500
1747375670052 5.730337078651686 510
1747375670052 5.730337078651686 510
1747375673965 5.842696629213483 520
1747375673967 5.842696629213483 520
1747375677911 5.955056179775281 530
1747375677911 5.955056179775281 530
1747375683363 6.0 534
1747375683363 6.0 534
1747375685038 6.0 534
1747375685038 6.0 534
