1747375415859 4.146894931793213 10
1747375415859 4.146894931793213 10
1747375419534 1.3857043981552124 20
1747375419534 1.3857043981552124 20
1747375424967 9.116399765014648 30
1747375424967 9.116399765014648 30
1747375430485 5.631158351898193 40
1747375430485 5.631158351898193 40
1747375434394 3.261294364929199 50
1747375434394 3.261294364929199 50
1747375438316 4.449577331542969 60
1747375438316 4.449577331542969 60
1747375442307 9.360143661499023 70
1747375442307 9.360143661499023 70
1747375447846 11.869811058044434 80
1747375447846 11.869811058044434 80
1747375457566 10.096330642700195 90
1747375457566 10.096330642700195 90
1747375461369 3.7374672889709473 100
1747375461371 3.7374672889709473 100
1747375465103 35.494483947753906 110
1747375465103 35.494483947753906 110
1747375470546 14.180846214294434 120
1747375470546 14.180846214294434 120
1747375475988 3.2000062465667725 130
1747375475988 3.2000062465667725 130
1747375479780 26.964038848876953 140
1747375479780 26.964038848876953 140
1747375486724 12.22977352142334 150
1747375486730 12.22977352142334 150
1747375490993 10.658286094665527 160
1747375490995 10.658286094665527 160
1747375495032 18.01740837097168 170
1747375495032 18.01740837097168 170
1747375504841 8.710494995117188 180
1747375504841 8.710494995117188 180
1747375512068 4.6703386306762695 190
1747375512068 4.6703386306762695 190
1747375517541 12.87645149230957 200
1747375517541 12.87645149230957 200
1747375521475 20.744964599609375 210
1747375521475 20.744964599609375 210
1747375525237 18.41058921813965 220
1747375525237 18.41058921813965 220
1747375530706 26.60678482055664 230
1747375530706 26.60678482055664 230
1747375534552 2.0823917388916016 240
1747375534552 2.0823917388916016 240
1747375538325 21.49336051940918 250
1747375538325 21.49336051940918 250
1747375542100 6.828135013580322 260
1747375542100 6.828135013580322 260
1747375551318 4.295835494995117 270
1747375551318 4.295835494995117 270
1747375556752 0.9262235164642334 280
1747375556752 0.9262235164642334 280
1747375562152 15.351611137390137 290
1747375562152 15.351611137390137 290
1747375565909 0.9373341798782349 300
1747375565909 0.9373341798782349 300
1747375569668 0.09510538727045059 310
1747375569668 0.09510538727045059 310
1747375575092 1.6334904432296753 320
1747375575092 1.6334904432296753 320
1747375578859 0.16299207508563995 330
1747375578859 0.16299207508563995 330
1747375584276 0.17641352117061615 340
1747375584276 0.17641352117061615 340
1747375589810 20.002559661865234 350
1747375589814 20.002559661865234 350
1747375597777 21.2707462310791 360
1747375597777 21.2707462310791 360
1747375603304 0.3406796455383301 370
1747375603312 0.3406796455383301 370
1747375609011 2.944952964782715 380
1747375609011 2.944952964782715 380
1747375613093 49.842864990234375 390
1747375613093 49.842864990234375 390
1747375617105 0.1808544099330902 400
1747375617105 0.1808544099330902 400
1747375622577 1.91823410987854 410
1747375622561 1.91823410987854 410
1747375626472 0.3461582064628601 420
1747375626472 0.3461582064628601 420
1747375630471 8.343583106994629 430
1747375630474 8.343583106994629 430
1747375634358 0.3080434203147888 440
1747375634374 0.3080434203147888 440
1747375641946 5.530001640319824 450
1747375641946 5.530001640319824 450
1747375647385 0.19136817753314972 460
1747375647385 0.19136817753314972 460
1747375651338 0.2923975884914398 470
1747375651338 0.2923975884914398 470
1747375656861 0.08582977205514908 480
1747375656861 0.08582977205514908 480
1747375662345 3.291386842727661 490
1747375662345 3.291386842727661 490
1747375666211 0.11694010347127914 500
1747375666211 0.11694010347127914 500
1747375670052 0.1098473072052002 510
1747375670052 0.1098473072052002 510
1747375673965 0.1694425344467163 520
1747375673967 0.1694425344467163 520
1747375677911 0.10315316915512085 530
1747375677911 0.10315316915512085 530
