1747375415859 4.943820224719101e-05 10
1747375415859 4.943820224719101e-05 10
1747375419534 4.8876404494382024e-05 20
1747375419534 4.8876404494382024e-05 20
1747375424967 4.831460674157304e-05 30
1747375424967 4.831460674157304e-05 30
1747375430485 4.7752808988764046e-05 40
1747375430485 4.7752808988764046e-05 40
1747375434394 4.719101123595506e-05 50
1747375434394 4.719101123595506e-05 50
1747375438316 4.662921348314607e-05 60
1747375438316 4.662921348314607e-05 60
1747375442307 4.606741573033708e-05 70
1747375442307 4.606741573033708e-05 70
1747375447846 4.550561797752809e-05 80
1747375447846 4.550561797752809e-05 80
1747375457566 4.4943820224719104e-05 90
1747375457566 4.4943820224719104e-05 90
1747375461369 4.438202247191011e-05 100
1747375461371 4.438202247191011e-05 100
1747375465103 4.3820224719101126e-05 110
1747375465103 4.3820224719101126e-05 110
1747375470546 4.3258426966292134e-05 120
1747375470546 4.3258426966292134e-05 120
1747375475988 4.269662921348315e-05 130
1747375475988 4.269662921348315e-05 130
1747375479780 4.2134831460674156e-05 140
1747375479780 4.2134831460674156e-05 140
1747375486724 4.157303370786517e-05 150
1747375486730 4.157303370786517e-05 150
1747375490993 4.1011235955056184e-05 160
1747375490995 4.1011235955056184e-05 160
1747375495032 4.044943820224719e-05 170
1747375495032 4.044943820224719e-05 170
1747375504841 3.98876404494382e-05 180
1747375504841 3.98876404494382e-05 180
1747375512068 3.9325842696629214e-05 190
1747375512068 3.9325842696629214e-05 190
1747375517541 3.876404494382023e-05 200
1747375517541 3.876404494382023e-05 200
1747375521475 3.8202247191011236e-05 210
1747375521475 3.8202247191011236e-05 210
1747375525237 3.764044943820225e-05 220
1747375525237 3.764044943820225e-05 220
1747375530706 3.7078651685393264e-05 230
1747375530706 3.7078651685393264e-05 230
1747375534552 3.651685393258427e-05 240
1747375534552 3.651685393258427e-05 240
1747375538325 3.595505617977528e-05 250
1747375538325 3.595505617977528e-05 250
1747375542100 3.5393258426966294e-05 260
1747375542100 3.5393258426966294e-05 260
1747375551318 3.483146067415731e-05 270
1747375551318 3.483146067415731e-05 270
1747375556752 3.4269662921348316e-05 280
1747375556752 3.4269662921348316e-05 280
1747375562152 3.370786516853933e-05 290
1747375562152 3.370786516853933e-05 290
1747375565909 3.314606741573034e-05 300
1747375565909 3.314606741573034e-05 300
1747375569668 3.258426966292135e-05 310
1747375569668 3.258426966292135e-05 310
1747375575092 3.202247191011236e-05 320
1747375575092 3.202247191011236e-05 320
1747375578859 3.1460674157303374e-05 330
1747375578859 3.1460674157303374e-05 330
1747375584276 3.089887640449438e-05 340
1747375584276 3.089887640449438e-05 340
1747375589810 3.0337078651685396e-05 350
1747375589814 3.0337078651685396e-05 350
1747375597777 2.9775280898876406e-05 360
1747375597777 2.9775280898876406e-05 360
1747375603304 2.9213483146067417e-05 370
1747375603312 2.9213483146067417e-05 370
1747375609011 2.8651685393258425e-05 380
1747375609011 2.8651685393258425e-05 380
1747375613093 2.8089887640449443e-05 390
1747375613093 2.8089887640449443e-05 390
1747375617105 2.752808988764045e-05 400
1747375617105 2.752808988764045e-05 400
1747375622577 2.696629213483146e-05 410
1747375622561 2.696629213483146e-05 410
1747375626472 2.6404494382022472e-05 420
1747375626472 2.6404494382022472e-05 420
1747375630471 2.5842696629213486e-05 430
1747375630474 2.5842696629213486e-05 430
1747375634358 2.5280898876404497e-05 440
1747375634374 2.5280898876404497e-05 440
1747375641946 2.4719101123595505e-05 450
1747375641946 2.4719101123595505e-05 450
1747375647385 2.415730337078652e-05 460
1747375647385 2.415730337078652e-05 460
1747375651338 2.359550561797753e-05 470
1747375651338 2.359550561797753e-05 470
1747375656861 2.303370786516854e-05 480
1747375656861 2.303370786516854e-05 480
1747375662345 2.2471910112359552e-05 490
1747375662345 2.2471910112359552e-05 490
1747375666211 2.1910112359550563e-05 500
1747375666211 2.1910112359550563e-05 500
1747375670052 2.1348314606741574e-05 510
1747375670052 2.1348314606741574e-05 510
1747375673965 2.0786516853932585e-05 520
1747375673967 2.0786516853932585e-05 520
1747375677911 2.0224719101123596e-05 530
1747375677911 2.0224719101123596e-05 530
