1747375415859 0.5861 10
1747375415859 0.5861 10
1747375419534 0.6419 20
1747375419534 0.6419 20
1747375424967 0.6378 30
1747375424967 0.6378 30
1747375430485 0.6361 40
1747375430485 0.6361 40
1747375434394 0.5419 50
1747375434394 0.5419 50
1747375438316 0.4995 60
1747375438316 0.4995 60
1747375442307 0.5073 70
1747375442307 0.5073 70
1747375447846 0.5457 80
1747375447846 0.5457 80
1747375457566 0.4254 90
1747375457566 0.4254 90
1747375461369 0.3828 100
1747375461371 0.3828 100
1747375465103 0.3394 110
1747375465103 0.3394 110
1747375470546 0.5946 120
1747375470546 0.5946 120
1747375475988 0.4959 130
1747375475988 0.4959 130
1747375479780 0.4727 140
1747375479780 0.4727 140
1747375486724 0.3721 150
1747375486730 0.3721 150
1747375490993 0.2637 160
1747375490995 0.2637 160
1747375495032 0.346 170
1747375495032 0.346 170
1747375504841 0.375 180
1747375504841 0.375 180
1747375512068 0.2308 190
1747375512068 0.2308 190
1747375517541 0.1955 200
1747375517541 0.1955 200
1747375521475 0.3283 210
1747375521475 0.3283 210
1747375525237 0.1929 220
1747375525237 0.1929 220
1747375530706 0.2619 230
1747375530706 0.2619 230
1747375534552 0.2741 240
1747375534552 0.2741 240
1747375538325 0.2084 250
1747375538325 0.2084 250
1747375542100 0.3227 260
1747375542100 0.3227 260
1747375551318 0.2116 270
1747375551318 0.2116 270
1747375556752 0.1936 280
1747375556752 0.1936 280
1747375562152 0.1443 290
1747375562152 0.1443 290
1747375565909 0.1095 300
1747375565909 0.1095 300
1747375569668 0.1303 310
1747375569668 0.1303 310
1747375575092 0.36 320
1747375575092 0.36 320
1747375578859 0.1616 330
1747375578859 0.1616 330
1747375584276 0.2488 340
1747375584276 0.2488 340
1747375589810 0.2222 350
1747375589814 0.2222 350
1747375597777 0.1209 360
1747375597777 0.1209 360
1747375603304 0.0748 370
1747375603312 0.0748 370
1747375609011 0.1038 380
1747375609011 0.1038 380
1747375613093 0.2016 390
1747375613093 0.2016 390
1747375617105 0.0895 400
1747375617105 0.0895 400
1747375622577 0.1181 410
1747375622561 0.1181 410
1747375626472 0.053 420
1747375626472 0.053 420
1747375630471 0.1948 430
1747375630474 0.1948 430
1747375634358 0.0187 440
1747375634374 0.0187 440
1747375641946 0.0517 450
1747375641946 0.0517 450
1747375647385 0.1249 460
1747375647385 0.1249 460
1747375651338 0.1294 470
1747375651338 0.1294 470
1747375656861 0.0039 480
1747375656861 0.0039 480
1747375662345 0.0368 490
1747375662345 0.0368 490
1747375666211 0.0726 500
1747375666211 0.0726 500
1747375670052 0.0537 510
1747375670052 0.0537 510
1747375673965 0.146 520
1747375673967 0.146 520
1747375677911 0.0348 530
1747375677911 0.0348 530
