1747347337956 1.0 5
1747347337957 1.0 5
1747347341123 2.0 10
1747347341124 2.0 10
1747347341249 2.0 10
1747347341250 2.0 10
1747347344502 3.0 15
1747347344503 3.0 15
1747347347649 4.0 20
1747347347650 4.0 20
1747347347787 4.0 20
1747347347786 4.0 20
1747347351144 5.0 25
1747347351144 5.0 25
1747347356591 6.0 30
1747347356591 6.0 30
1747347356727 6.0 30
1747347356728 6.0 30
1747347360075 7.0 35
1747347360076 7.0 35
1747347363246 8.0 40
1747347363247 8.0 40
1747347363376 8.0 40
1747347363375 8.0 40
1747347367461 9.0 45
1747347367462 9.0 45
1747347370509 10.0 50
1747347370509 10.0 50
1747347370639 10.0 50
1747347370639 10.0 50
1747347372123 10.0 50
1747347372123 10.0 50
