1747385554891 0.0228310502283105 10
1747385559060 0.045662100456621 20
1747385559059 0.045662100456621 20
1747385562820 0.0684931506849315 30
1747385562819 0.0684931506849315 30
1747385566656 0.091324200913242 40
1747385566657 0.091324200913242 40
1747385570606 0.1141552511415525 50
1747385570608 0.1141552511415525 50
1747385574537 0.136986301369863 60
1747385574538 0.136986301369863 60
1747385578467 0.1598173515981735 70
1747385578467 0.1598173515981735 70
1747385582341 0.182648401826484 80
1747385582342 0.182648401826484 80
1747385587904 0.2054794520547945 90
1747385587904 0.2054794520547945 90
1747385593433 0.228310502283105 100
1747385593434 0.228310502283105 100
1747385597368 0.2511415525114155 110
1747385597369 0.2511415525114155 110
1747385601306 0.273972602739726 120
1747385601307 0.273972602739726 120
1747385605247 0.2968036529680365 130
1747385605248 0.2968036529680365 130
1747385609190 0.319634703196347 140
1747385609191 0.319634703196347 140
1747385613142 0.3424657534246575 150
1747385613143 0.3424657534246575 150
1747385620523 0.365296803652968 160
1747385620524 0.365296803652968 160
1747385624441 0.3881278538812785 170
1747385624442 0.3881278538812785 170
1747385628368 0.410958904109589 180
1747385628369 0.410958904109589 180
1747385632261 0.4337899543378995 190
1747385632262 0.4337899543378995 190
1747385636097 0.45662100456621 200
1747385636098 0.45662100456621 200
1747385639996 0.4794520547945205 210
1747385639996 0.4794520547945205 210
1747385645595 0.502283105022831 220
1747385645597 0.502283105022831 220
1747385649489 0.5251141552511416 230
1747385649490 0.5251141552511416 230
1747385653400 0.547945205479452 240
1747385653399 0.547945205479452 240
1747385657357 0.5707762557077626 250
1747385657357 0.5707762557077626 250
1747385661267 0.593607305936073 260
1747385661267 0.593607305936073 260
1747385666834 0.6164383561643836 270
1747385666850 0.6164383561643836 270
1747385670764 0.639269406392694 280
1747385670764 0.639269406392694 280
1747385676349 0.6621004566210046 290
1747385676350 0.6621004566210046 290
1747385680236 0.684931506849315 300
1747385680236 0.684931506849315 300
1747385685783 0.7077625570776256 310
1747385685784 0.7077625570776256 310
1747385689640 0.730593607305936 320
1747385689640 0.730593607305936 320
1747385693477 0.7534246575342466 330
1747385693477 0.7534246575342466 330
1747385697464 0.776255707762557 340
1747385697465 0.776255707762557 340
1747385701396 0.7990867579908676 350
1747385701397 0.7990867579908676 350
1747385706984 0.821917808219178 360
1747385706984 0.821917808219178 360
1747385712530 0.8447488584474886 370
1747385712530 0.8447488584474886 370
1747385716446 0.867579908675799 380
1747385716447 0.867579908675799 380
1747385722018 0.8904109589041096 390
1747385722018 0.8904109589041096 390
1747385725950 0.91324200913242 400
1747385725951 0.91324200913242 400
1747385731495 0.9360730593607306 410
1747385731496 0.9360730593607306 410
1747385735410 0.958904109589041 420
1747385735411 0.958904109589041 420
1747385739330 0.9817351598173516 430
1747385739331 0.9817351598173516 430
1747385754243 1.0 438
1747385754242 1.0 438
1747385756553 1.004566210045662 440
1747385756554 1.004566210045662 440
1747385760515 1.0273972602739727 450
1747385760516 1.0273972602739727 450
1747385766175 1.0502283105022832 460
1747385766176 1.0502283105022832 460
1747385771799 1.0730593607305936 470
1747385771800 1.0730593607305936 470
1747385776111 1.095890410958904 480
1747385776114 1.095890410958904 480
1747385783024 1.1187214611872145 490
1747385783025 1.1187214611872145 490
1747385786990 1.1415525114155252 500
1747385786990 1.1415525114155252 500
1747385792563 1.1643835616438356 510
1747385792563 1.1643835616438356 510
1747385796491 1.187214611872146 520
1747385796491 1.187214611872146 520
1747385803780 1.2100456621004567 530
1747385803781 1.2100456621004567 530
1747385810996 1.2328767123287672 540
1747385810996 1.2328767123287672 540
1747385814926 1.2557077625570776 550
1747385814926 1.2557077625570776 550
1747385818870 1.278538812785388 560
1747385818871 1.278538812785388 560
1747385824548 1.3013698630136985 570
1747385824548 1.3013698630136985 570
1747385828446 1.3242009132420092 580
1747385828447 1.3242009132420092 580
1747385832369 1.3470319634703196 590
1747385832369 1.3470319634703196 590
1747385837928 1.36986301369863 600
1747385837930 1.36986301369863 600
1747385841859 1.3926940639269407 610
1747385841861 1.3926940639269407 610
1747385845779 1.4155251141552512 620
1747385845779 1.4155251141552512 620
1747385851438 1.4383561643835616 630
1747385851438 1.4383561643835616 630
1747385855353 1.461187214611872 640
1747385855355 1.461187214611872 640
1747385859312 1.4840182648401825 650
1747385859312 1.4840182648401825 650
1747385864956 1.5068493150684932 660
1747385864957 1.5068493150684932 660
1747385868889 1.5296803652968036 670
1747385868889 1.5296803652968036 670
1747385872827 1.5525114155251143 680
1747385872827 1.5525114155251143 680
1747385876827 1.5753424657534247 690
1747385876828 1.5753424657534247 690
1747385882522 1.5981735159817352 700
1747385882523 1.5981735159817352 700
1747385886518 1.6210045662100456 710
1747385886519 1.6210045662100456 710
1747385892071 1.643835616438356 720
1747385892072 1.643835616438356 720
1747385896030 1.6666666666666665 730
1747385896031 1.6666666666666665 730
1747385901780 1.6894977168949772 740
1747385901780 1.6894977168949772 740
1747385907397 1.7123287671232876 750
1747385907397 1.7123287671232876 750
1747385911378 1.7351598173515983 760
1747385911379 1.7351598173515983 760
1747385917036 1.7579908675799087 770
1747385917036 1.7579908675799087 770
1747385922685 1.7808219178082192 780
1747385922685 1.7808219178082192 780
1747385926638 1.8036529680365296 790
1747385926638 1.8036529680365296 790
1747385932220 1.82648401826484 800
1747385932220 1.82648401826484 800
1747385936151 1.8493150684931505 810
1747385936152 1.8493150684931505 810
1747385941667 1.8721461187214612 820
1747385941667 1.8721461187214612 820
1747385947230 1.8949771689497716 830
1747385947231 1.8949771689497716 830
1747385954349 1.9178082191780823 840
1747385954349 1.9178082191780823 840
1747385958215 1.9406392694063928 850
1747385958217 1.9406392694063928 850
1747385963712 1.9634703196347032 860
1747385963712 1.9634703196347032 860
1747385969249 1.9863013698630136 870
1747385969250 1.9863013698630136 870
1747385986380 2.0 876
1747385986381 2.0 876
1747385989448 2.009132420091324 880
1747385989449 2.009132420091324 880
1747385995048 2.0319634703196345 890
1747385995048 2.0319634703196345 890
1747385999060 2.0547945205479454 900
1747385999061 2.0547945205479454 900
1747386004568 2.077625570776256 910
1747386004568 2.077625570776256 910
1747386008450 2.1004566210045663 920
1747386008451 2.1004566210045663 920
1747386012340 2.1232876712328768 930
1747386012340 2.1232876712328768 930
1747386016468 2.146118721461187 940
1747386016468 2.146118721461187 940
1747386020429 2.1689497716894977 950
1747386020429 2.1689497716894977 950
1747386024436 2.191780821917808 960
1747386024436 2.191780821917808 960
1747386028450 2.2146118721461185 970
1747386028450 2.2146118721461185 970
1747386032403 2.237442922374429 980
1747386032403 2.237442922374429 980
1747386038050 2.26027397260274 990
1747386038050 2.26027397260274 990
1747386042118 2.2831050228310503 1000
1747386042119 2.2831050228310503 1000
1747386046509 2.3059360730593608 1010
1747386046509 2.3059360730593608 1010
1747386050500 2.328767123287671 1020
1747386050500 2.328767123287671 1020
1747386054498 2.3515981735159817 1030
1747386054499 2.3515981735159817 1030
1747386060257 2.374429223744292 1040
1747386060258 2.374429223744292 1040
1747386064278 2.3972602739726026 1050
1747386064277 2.3972602739726026 1050
1747386068271 2.4200913242009134 1060
1747386068271 2.4200913242009134 1060
1747386072270 2.442922374429224 1070
1747386072270 2.442922374429224 1070
1747386076192 2.4657534246575343 1080
1747386076208 2.4657534246575343 1080
1747386080172 2.4885844748858448 1090
1747386080172 2.4885844748858448 1090
1747386084138 2.5114155251141552 1100
1747386084138 2.5114155251141552 1100
1747386088112 2.5342465753424657 1110
1747386088112 2.5342465753424657 1110
1747386092114 2.557077625570776 1120
1747386092114 2.557077625570776 1120
1747386096133 2.5799086757990866 1130
1747386096133 2.5799086757990866 1130
1747386100204 2.602739726027397 1140
1747386100204 2.602739726027397 1140
1747386104324 2.625570776255708 1150
1747386104324 2.625570776255708 1150
1747386108431 2.6484018264840183 1160
1747386108431 2.6484018264840183 1160
1747386112531 2.671232876712329 1170
1747386112531 2.671232876712329 1170
1747386116537 2.6940639269406392 1180
1747386116537 2.6940639269406392 1180
1747386122280 2.7168949771689497 1190
1747386122278 2.7168949771689497 1190
1747386128084 2.73972602739726 1200
1747386128084 2.73972602739726 1200
1747386132603 2.762557077625571 1210
1747386132603 2.762557077625571 1210
1747386136675 2.7853881278538815 1220
1747386136675 2.7853881278538815 1220
1747386142281 2.808219178082192 1230
1747386142281 2.808219178082192 1230
1747386146402 2.8310502283105023 1240
1747386146400 2.8310502283105023 1240
1747386152153 2.853881278538813 1250
1747386152153 2.853881278538813 1250
1747386158019 2.8767123287671232 1260
1747386158017 2.8767123287671232 1260
1747386163550 2.8995433789954337 1270
1747386163550 2.8995433789954337 1270
1747386167485 2.922374429223744 1280
1747386167485 2.922374429223744 1280
1747386171399 2.9452054794520546 1290
1747386171415 2.9452054794520546 1290
1747386175308 2.968036529680365 1300
1747386175308 2.968036529680365 1300
1747386179261 2.990867579908676 1310
1747386179259 2.990867579908676 1310
1747386194382 3.0 1314
1747386194384 3.0 1314
1747386198500 3.0136986301369864 1320
1747386198500 3.0136986301369864 1320
1747386202396 3.036529680365297 1330
1747386202396 3.036529680365297 1330
1747386206336 3.0593607305936072 1340
1747386206336 3.0593607305936072 1340
1747386210240 3.0821917808219177 1350
1747386210240 3.0821917808219177 1350
1747386216006 3.105022831050228 1360
1747386216006 3.105022831050228 1360
1747386220049 3.127853881278539 1370
1747386220049 3.127853881278539 1370
1747386223996 3.1506849315068495 1380
1747386223996 3.1506849315068495 1380
1747386227973 3.17351598173516 1390
1747386227973 3.17351598173516 1390
1747386231967 3.1963470319634704 1400
1747386231967 3.1963470319634704 1400
1747386237629 3.219178082191781 1410
1747386237629 3.219178082191781 1410
1747386241623 3.2420091324200913 1420
1747386241623 3.2420091324200913 1420
1747386245644 3.2648401826484017 1430
1747386245645 3.2648401826484017 1430
1747386249698 3.287671232876712 1440
1747386249698 3.287671232876712 1440
1747386257029 3.3105022831050226 1450
1747386257037 3.3105022831050226 1450
1747386261069 3.3333333333333335 1460
1747386261069 3.3333333333333335 1460
1747386265054 3.356164383561644 1470
1747386265054 3.356164383561644 1470
1747386270538 3.3789954337899544 1480
1747386270538 3.3789954337899544 1480
1747386274739 3.401826484018265 1490
1747386274739 3.401826484018265 1490
1747386281986 3.4246575342465753 1500
1747386281986 3.4246575342465753 1500
1747386285920 3.4474885844748857 1510
1747386285920 3.4474885844748857 1510
1747386291493 3.470319634703196 1520
1747386291501 3.470319634703196 1520
1747386295470 3.493150684931507 1530
1747386295470 3.493150684931507 1530
1747386299366 3.5159817351598175 1540
1747386299366 3.5159817351598175 1540
1747386303285 3.538812785388128 1550
1747386303285 3.538812785388128 1550
1747386308869 3.5616438356164384 1560
1747386308869 3.5616438356164384 1560
1747386312796 3.584474885844749 1570
1747386312796 3.584474885844749 1570
1747386316867 3.6073059360730593 1580
1747386316869 3.6073059360730593 1580
1747386320819 3.6301369863013697 1590
1747386320820 3.6301369863013697 1590
1747386326658 3.65296803652968 1600
1747386326658 3.65296803652968 1600
1747386333638 3.6757990867579906 1610
1747386333638 3.6757990867579906 1610
1747386337574 3.6986301369863015 1620
1747386337574 3.6986301369863015 1620
1747386341575 3.721461187214612 1630
1747386341575 3.721461187214612 1630
1747386345551 3.7442922374429224 1640
1747386345551 3.7442922374429224 1640
1747386351138 3.767123287671233 1650
1747386351140 3.767123287671233 1650
1747386355075 3.7899543378995433 1660
1747386355075 3.7899543378995433 1660
1747386359003 3.8127853881278537 1670
1747386359003 3.8127853881278537 1670
1747386362916 3.8356164383561646 1680
1747386362916 3.8356164383561646 1680
1747386367005 3.858447488584475 1690
1747386367006 3.858447488584475 1690
1747386374199 3.8812785388127855 1700
1747386374199 3.8812785388127855 1700
1747386378097 3.904109589041096 1710
1747386378097 3.904109589041096 1710
1747386382006 3.9269406392694064 1720
1747386382006 3.9269406392694064 1720
1747386385931 3.949771689497717 1730
1747386385931 3.949771689497717 1730
1747386389859 3.9726027397260273 1740
1747386389859 3.9726027397260273 1740
1747386393789 3.9954337899543377 1750
1747386393805 3.9954337899543377 1750
1747386409652 4.0 1752
1747386409652 4.0 1752
1747386416165 4.018264840182648 1760
1747386416165 4.018264840182648 1760
1747386421757 4.041095890410959 1770
1747386421757 4.041095890410959 1770
1747386428928 4.063926940639269 1780
1747386428928 4.063926940639269 1780
1747386436214 4.0867579908675795 1790
1747386436214 4.0867579908675795 1790
1747386440148 4.109589041095891 1800
1747386440148 4.109589041095891 1800
1747386444033 4.132420091324201 1810
1747386444049 4.132420091324201 1810
1747386447939 4.155251141552512 1820
1747386447939 4.155251141552512 1820
1747386451899 4.178082191780822 1830
1747386451899 4.178082191780822 1830
1747386455840 4.200913242009133 1840
1747386455840 4.200913242009133 1840
1747386459784 4.223744292237443 1850
1747386459784 4.223744292237443 1850
1747386463697 4.2465753424657535 1860
1747386463697 4.2465753424657535 1860
1747386467744 4.269406392694064 1870
1747386467744 4.269406392694064 1870
1747386471831 4.292237442922374 1880
1747386471833 4.292237442922374 1880
1747386477410 4.315068493150685 1890
1747386477410 4.315068493150685 1890
1747386481308 4.337899543378995 1900
1747386481308 4.337899543378995 1900
1747386486821 4.360730593607306 1910
1747386486821 4.360730593607306 1910
1747386490686 4.383561643835616 1920
1747386490686 4.383561643835616 1920
1747386494659 4.406392694063927 1930
1747386494674 4.406392694063927 1930
1747386500270 4.429223744292237 1940
1747386500270 4.429223744292237 1940
1747386504248 4.4520547945205475 1950
1747386504248 4.4520547945205475 1950
1747386508546 4.474885844748858 1960
1747386508546 4.474885844748858 1960
1747386513842 4.497716894977169 1970
1747386513844 4.497716894977169 1970
1747386517796 4.52054794520548 1980
1747386517796 4.52054794520548 1980
1747386521718 4.54337899543379 1990
1747386521718 4.54337899543379 1990
1747386525703 4.566210045662101 2000
1747386525701 4.566210045662101 2000
1747386529657 4.589041095890411 2010
1747386529657 4.589041095890411 2010
1747386533544 4.6118721461187215 2020
1747386533544 4.6118721461187215 2020
1747386539113 4.634703196347032 2030
1747386539113 4.634703196347032 2030
1747386543005 4.657534246575342 2040
1747386543005 4.657534246575342 2040
1747386546925 4.680365296803653 2050
1747386546925 4.680365296803653 2050
1747386552472 4.703196347031963 2060
1747386552472 4.703196347031963 2060
1747386558020 4.726027397260274 2070
1747386558020 4.726027397260274 2070
1747386561887 4.748858447488584 2080
1747386561901 4.748858447488584 2080
1747386565769 4.771689497716895 2090
1747386565769 4.771689497716895 2090
1747386571285 4.794520547945205 2100
1747386571285 4.794520547945205 2100
1747386575153 4.817351598173516 2110
1747386575153 4.817351598173516 2110
1747386579048 4.840182648401827 2120
1747386579048 4.840182648401827 2120
1747386583100 4.863013698630137 2130
1747386583100 4.863013698630137 2130
1747386587189 4.885844748858448 2140
1747386587189 4.885844748858448 2140
1747386591138 4.908675799086758 2150
1747386591138 4.908675799086758 2150
1747386595243 4.931506849315069 2160
1747386595247 4.931506849315069 2160
1747386600804 4.954337899543379 2170
1747386600806 4.954337899543379 2170
1747386606369 4.9771689497716896 2180
1747386606369 4.9771689497716896 2180
1747386610168 5.0 2190
1747386610168 5.0 2190
1747386625313 5.0 2190
1747386625313 5.0 2190
1747386626901 5.0 2190
1747386626901 5.0 2190
