1747385554888 5.153501987457275 10
1747385554891 5.153501987457275 10
1747385559060 3.412519931793213 20
1747385559059 3.412519931793213 20
1747385562820 4.656733512878418 30
1747385562819 4.656733512878418 30
1747385566656 5.083812236785889 40
1747385566657 5.083812236785889 40
1747385570606 33.25178909301758 50
1747385570608 33.25178909301758 50
1747385574537 3.322146415710449 60
1747385574538 3.322146415710449 60
1747385578467 18.392675399780273 70
1747385578467 18.392675399780273 70
1747385582341 2.007746934890747 80
1747385582342 2.007746934890747 80
1747385587904 5.182921409606934 90
1747385587904 5.182921409606934 90
1747385593433 0.14813105762004852 100
1747385593434 0.14813105762004852 100
1747385597368 2.621279239654541 110
1747385597369 2.621279239654541 110
1747385601306 29.054691314697266 120
1747385601307 29.054691314697266 120
1747385605247 0.43695497512817383 130
1747385605248 0.43695497512817383 130
1747385609190 38.124061584472656 140
1747385609191 38.124061584472656 140
1747385613142 20.588088989257812 150
1747385613143 20.588088989257812 150
1747385620523 0.33025315403938293 160
1747385620524 0.33025315403938293 160
1747385624441 0.7362546324729919 170
1747385624442 0.7362546324729919 170
1747385628368 7.897866249084473 180
1747385628369 7.897866249084473 180
1747385632261 1.33973228931427 190
1747385632262 1.33973228931427 190
1747385636097 0.04615406692028046 200
1747385636098 0.04615406692028046 200
1747385639996 10.955418586730957 210
1747385639996 10.955418586730957 210
1747385645595 9.195341110229492 220
1747385645597 9.195341110229492 220
1747385649489 4.160745620727539 230
1747385649490 4.160745620727539 230
1747385653400 0.1566978543996811 240
1747385653399 0.1566978543996811 240
1747385657357 33.82691192626953 250
1747385657357 33.82691192626953 250
1747385661267 6.407392978668213 260
1747385661267 6.407392978668213 260
1747385666834 13.845157623291016 270
1747385666850 13.845157623291016 270
1747385670764 25.176454544067383 280
1747385670764 25.176454544067383 280
1747385676349 0.06825318932533264 290
1747385676350 0.06825318932533264 290
1747385680236 16.47224998474121 300
1747385680236 16.47224998474121 300
1747385685783 2.3946692943573 310
1747385685784 2.3946692943573 310
1747385689640 0.06554257869720459 320
1747385689640 0.06554257869720459 320
1747385693477 0.020777534693479538 330
1747385693477 0.020777534693479538 330
1747385697464 5.332849502563477 340
1747385697465 5.332849502563477 340
1747385701396 14.94367790222168 350
1747385701397 14.94367790222168 350
1747385706984 13.413969993591309 360
1747385706984 13.413969993591309 360
1747385712530 0.3566139042377472 370
1747385712530 0.3566139042377472 370
1747385716446 9.476099967956543 380
1747385716447 9.476099967956543 380
1747385722018 0.1960444152355194 390
1747385722018 0.1960444152355194 390
1747385725950 0.039790648967027664 400
1747385725951 0.039790648967027664 400
1747385731495 19.54358673095703 410
1747385731496 19.54358673095703 410
1747385735410 10.68408489227295 420
1747385735411 10.68408489227295 420
1747385739330 0.05437353253364563 430
1747385739331 0.05437353253364563 430
1747385756553 0.015351234935224056 440
1747385756554 0.015351234935224056 440
1747385760515 0.06075490266084671 450
1747385760516 0.06075490266084671 450
1747385766175 0.015907784923911095 460
1747385766176 0.015907784923911095 460
1747385771799 0.02673838660120964 470
1747385771800 0.02673838660120964 470
1747385776111 0.024964001029729843 480
1747385776114 0.024964001029729843 480
1747385783024 0.019475383684039116 490
1747385783025 0.019475383684039116 490
1747385786990 0.06593582034111023 500
1747385786990 0.06593582034111023 500
1747385792563 36.84212875366211 510
1747385792563 36.84212875366211 510
1747385796491 0.016156982630491257 520
1747385796491 0.016156982630491257 520
1747385803780 6.233713150024414 530
1747385803781 6.233713150024414 530
1747385810996 0.0046832445077598095 540
1747385810996 0.0046832445077598095 540
1747385814926 2.9803714752197266 550
1747385814926 2.9803714752197266 550
1747385818870 0.04966074228286743 560
1747385818871 0.04966074228286743 560
1747385824548 0.2358124703168869 570
1747385824548 0.2358124703168869 570
1747385828446 9.692166328430176 580
1747385828447 9.692166328430176 580
1747385832369 41.69193649291992 590
1747385832369 41.69193649291992 590
1747385837928 0.02123180404305458 600
1747385837930 0.02123180404305458 600
1747385841859 6.049650192260742 610
1747385841861 6.049650192260742 610
1747385845779 18.2409610748291 620
1747385845779 18.2409610748291 620
1747385851438 7.119849681854248 630
1747385851438 7.119849681854248 630
1747385855353 0.11813127249479294 640
1747385855355 0.11813127249479294 640
1747385859312 0.11377697438001633 650
1747385859312 0.11377697438001633 650
1747385864956 0.00621053809300065 660
1747385864957 0.00621053809300065 660
1747385868889 0.006229772698134184 670
1747385868889 0.006229772698134184 670
1747385872827 0.012301241979002953 680
1747385872827 0.012301241979002953 680
1747385876827 0.01596401073038578 690
1747385876828 0.01596401073038578 690
1747385882522 52.440616607666016 700
1747385882523 52.440616607666016 700
1747385886518 0.02089669182896614 710
1747385886519 0.02089669182896614 710
1747385892071 0.9346115589141846 720
1747385892072 0.9346115589141846 720
1747385896030 0.010857902467250824 730
1747385896031 0.010857902467250824 730
1747385901780 0.010680478997528553 740
1747385901780 0.010680478997528553 740
1747385907397 0.01944480650126934 750
1747385907397 0.01944480650126934 750
1747385911378 43.840694427490234 760
1747385911379 43.840694427490234 760
1747385917036 0.04491080716252327 770
1747385917036 0.04491080716252327 770
1747385922685 18.425491333007812 780
1747385922685 18.425491333007812 780
1747385926638 0.02503296360373497 790
1747385926638 0.02503296360373497 790
1747385932220 0.01746532879769802 800
1747385932220 0.01746532879769802 800
1747385936151 0.03655605763196945 810
1747385936152 0.03655605763196945 810
1747385941667 0.029394421726465225 820
1747385941667 0.029394421726465225 820
1747385947230 0.02366488240659237 830
1747385947231 0.02366488240659237 830
1747385954349 0.027221255004405975 840
1747385954349 0.027221255004405975 840
1747385958215 0.04430169612169266 850
1747385958217 0.04430169612169266 850
1747385963712 0.016215836629271507 860
1747385963712 0.016215836629271507 860
1747385969249 0.016513966023921967 870
1747385969250 0.016513966023921967 870
1747385989448 0.017832038924098015 880
1747385989449 0.017832038924098015 880
1747385995048 0.013434371910989285 890
1747385995048 0.013434371910989285 890
1747385999060 0.006829043384641409 900
1747385999061 0.006829043384641409 900
1747386004568 0.17633332312107086 910
1747386004568 0.17633332312107086 910
1747386008450 0.016737807542085648 920
1747386008451 0.016737807542085648 920
1747386012340 0.04949157312512398 930
1747386012340 0.04949157312512398 930
1747386016468 0.015873515978455544 940
1747386016468 0.015873515978455544 940
1747386020429 0.011209001764655113 950
1747386020429 0.011209001764655113 950
1747386024436 0.5198008418083191 960
1747386024436 0.5198008418083191 960
1747386028450 0.008274509571492672 970
1747386028450 0.008274509571492672 970
1747386032403 0.004069115500897169 980
1747386032403 0.004069115500897169 980
1747386038050 0.004447982180863619 990
1747386038050 0.004447982180863619 990
1747386042118 0.004033772740513086 1000
1747386042119 0.004033772740513086 1000
1747386046509 0.004832565784454346 1010
1747386046509 0.004832565784454346 1010
1747386050500 0.013309542089700699 1020
1747386050500 0.013309542089700699 1020
1747386054498 0.0029726435896009207 1030
1747386054499 0.0029726435896009207 1030
1747386060257 65.99951171875 1040
1747386060258 65.99951171875 1040
1747386064278 0.0036127613857388496 1050
1747386064277 0.0036127613857388496 1050
1747386068271 0.0023178148549050093 1060
1747386068271 0.0023178148549050093 1060
1747386072270 1.57274329662323 1070
1747386072270 1.57274329662323 1070
1747386076192 0.01450604759156704 1080
1747386076208 0.01450604759156704 1080
1747386080172 0.014739777892827988 1090
1747386080172 0.014739777892827988 1090
1747386084138 0.01056376751512289 1100
1747386084138 0.01056376751512289 1100
1747386088112 0.007867921143770218 1110
1747386088112 0.007867921143770218 1110
1747386092114 0.008518452756106853 1120
1747386092114 0.008518452756106853 1120
1747386096133 0.003408140502870083 1130
1747386096133 0.003408140502870083 1130
1747386100204 0.007574750110507011 1140
1747386100204 0.007574750110507011 1140
1747386104324 0.006000356748700142 1150
1747386104324 0.006000356748700142 1150
1747386108431 0.0025804690085351467 1160
1747386108431 0.0025804690085351467 1160
1747386112531 0.002219585468992591 1170
1747386112531 0.002219585468992591 1170
1747386116537 0.042948976159095764 1180
1747386116537 0.042948976159095764 1180
1747386122278 0.01093224622309208 1190
1747386122280 0.01093224622309208 1190
1747386128084 0.0024589819367974997 1200
1747386128084 0.0024589819367974997 1200
1747386132603 15.791443824768066 1210
1747386132603 15.791443824768066 1210
1747386136675 0.0015895719407126307 1220
1747386136675 0.0015895719407126307 1220
1747386142281 0.0014806368853896856 1230
1747386142281 0.0014806368853896856 1230
1747386146402 0.0073324646800756454 1240
1747386146400 0.0073324646800756454 1240
1747386152153 0.168007954955101 1250
1747386152153 0.168007954955101 1250
1747386158019 0.02623835764825344 1260
1747386158017 0.02623835764825344 1260
1747386163550 0.0019738716073334217 1270
1747386163550 0.0019738716073334217 1270
1747386167485 0.017853789031505585 1280
1747386167485 0.017853789031505585 1280
1747386171399 0.0012181459460407495 1290
1747386171415 0.0012181459460407495 1290
1747386175308 0.9482737183570862 1300
1747386175308 0.9482737183570862 1300
1747386179261 0.0009931272361427546 1310
1747386179259 0.0009931272361427546 1310
1747386198500 0.0013550965813919902 1320
1747386198500 0.0013550965813919902 1320
1747386202396 0.0009853985393419862 1330
1747386202396 0.0009853985393419862 1330
1747386206336 0.0013158729998394847 1340
1747386206336 0.0013158729998394847 1340
1747386210240 0.0009867267217487097 1350
1747386210240 0.0009867267217487097 1350
1747386216006 0.0016349293291568756 1360
1747386216006 0.0016349293291568756 1360
1747386220049 0.01130923442542553 1370
1747386220049 0.01130923442542553 1370
1747386223996 0.0008685137145221233 1380
1747386223996 0.0008685137145221233 1380
1747386227973 0.0009599478798918426 1390
1747386227973 0.0009599478798918426 1390
1747386231967 0.0009672397281974554 1400
1747386231967 0.0009672397281974554 1400
1747386237629 0.0008091243798844516 1410
1747386237629 0.0008091243798844516 1410
1747386241623 0.0007121710805222392 1420
1747386241623 0.0007121710805222392 1420
1747386245644 0.0007166432333178818 1430
1747386245645 0.0007166432333178818 1430
1747386249698 0.0008758429321460426 1440
1747386249698 0.0008758429321460426 1440
1747386257029 0.0007831964758224785 1450
1747386257037 0.0007831964758224785 1450
1747386261069 0.0010013203136622906 1460
1747386261069 0.0010013203136622906 1460
1747386265054 0.0008181937737390399 1470
1747386265054 0.0008181937737390399 1470
1747386270538 0.0007903151563368738 1480
1747386270538 0.0007903151563368738 1480
1747386274739 0.0006657828926108778 1490
1747386274739 0.0006657828926108778 1490
1747386281986 0.0009426329052075744 1500
1747386281986 0.0009426329052075744 1500
1747386285920 0.0008953949436545372 1510
1747386285920 0.0008953949436545372 1510
1747386291493 0.9963113069534302 1520
1747386291501 0.9963113069534302 1520
1747386295470 0.000604285451117903 1530
1747386295470 0.000604285451117903 1530
1747386299366 0.0008875220082700253 1540
1747386299366 0.0008875220082700253 1540
1747386303285 0.000495918735396117 1550
1747386303285 0.000495918735396117 1550
1747386308869 0.000533597485627979 1560
1747386308869 0.000533597485627979 1560
1747386312796 0.000586059526540339 1570
1747386312796 0.000586059526540339 1570
1747386316867 0.014580406248569489 1580
1747386316869 0.014580406248569489 1580
1747386320819 0.000517358654178679 1590
1747386320820 0.000517358654178679 1590
1747386326658 0.0016715076053515077 1600
1747386326658 0.0016715076053515077 1600
1747386333638 0.007352463435381651 1610
1747386333638 0.007352463435381651 1610
1747386337574 0.000683118007145822 1620
1747386337574 0.000683118007145822 1620
1747386341575 0.0013606279389932752 1630
1747386341575 0.0013606279389932752 1630
1747386345551 0.0006226904806680977 1640
1747386345551 0.0006226904806680977 1640
1747386351138 0.014408271759748459 1650
1747386351140 0.014408271759748459 1650
1747386355075 0.0007211557240225375 1660
1747386355075 0.0007211557240225375 1660
1747386359003 0.010191632434725761 1670
1747386359003 0.010191632434725761 1670
1747386362916 0.0006153929862193763 1680
1747386362916 0.0006153929862193763 1680
1747386367005 0.002976503688842058 1690
1747386367006 0.002976503688842058 1690
1747386374199 6.500999450683594 1700
1747386374199 6.500999450683594 1700
1747386378097 0.0007830302929505706 1710
1747386378097 0.0007830302929505706 1710
1747386382006 0.0010567320277914405 1720
1747386382006 0.0010567320277914405 1720
1747386385931 0.0017854184843599796 1730
1747386385931 0.0017854184843599796 1730
1747386389859 0.0008053285419009626 1740
1747386389859 0.0008053285419009626 1740
1747386393789 0.0029630407225340605 1750
1747386393805 0.0029630407225340605 1750
1747386416165 0.0008779533091001213 1760
1747386416165 0.0008779533091001213 1760
1747386421757 0.0014546160819008946 1770
1747386421757 0.0014546160819008946 1770
1747386428928 0.0006722559337504208 1780
1747386428928 0.0006722559337504208 1780
1747386436214 0.000617939920630306 1790
1747386436214 0.000617939920630306 1790
1747386440148 1.1921823024749756 1800
1747386440148 1.1921823024749756 1800
1747386444033 0.0020543469581753016 1810
1747386444049 0.0020543469581753016 1810
1747386447939 0.00047087069833651185 1820
1747386447939 0.00047087069833651185 1820
1747386451899 0.0005356145557016134 1830
1747386451899 0.0005356145557016134 1830
1747386455840 0.0007834032876417041 1840
1747386455840 0.0007834032876417041 1840
1747386459784 0.00067832664353773 1850
1747386459784 0.00067832664353773 1850
1747386463697 0.0007200560648925602 1860
1747386463697 0.0007200560648925602 1860
1747386467744 0.0005160545697435737 1870
1747386467744 0.0005160545697435737 1870
1747386471831 0.000791114813182503 1880
1747386471833 0.000791114813182503 1880
1747386477410 0.0005183157045394182 1890
1747386477410 0.0005183157045394182 1890
1747386481308 0.00418089609593153 1900
1747386481308 0.00418089609593153 1900
1747386486821 0.0007034819573163986 1910
1747386486821 0.0007034819573163986 1910
1747386490686 0.0003685278061311692 1920
1747386490686 0.0003685278061311692 1920
1747386494659 0.000470714527182281 1930
1747386494674 0.000470714527182281 1930
1747386500270 0.0003911203530151397 1940
1747386500270 0.0003911203530151397 1940
1747386504248 0.003044607350602746 1950
1747386504248 0.003044607350602746 1950
1747386508546 0.0003423137532081455 1960
1747386508546 0.0003423137532081455 1960
1747386513842 0.0003966108779422939 1970
1747386513844 0.0003966108779422939 1970
1747386517796 0.001613953267224133 1980
1747386517796 0.001613953267224133 1980
1747386521718 0.0018292076420038939 1990
1747386521718 0.0018292076420038939 1990
1747386525703 0.0003795535594690591 2000
1747386525701 0.0003795535594690591 2000
1747386529657 0.0012122016632929444 2010
1747386529657 0.0012122016632929444 2010
1747386533544 0.0003592973225750029 2020
1747386533544 0.0003592973225750029 2020
1747386539113 0.00180620769970119 2030
1747386539113 0.00180620769970119 2030
1747386543005 0.001077772700227797 2040
1747386543005 0.001077772700227797 2040
1747386546925 0.0005247883382253349 2050
1747386546925 0.0005247883382253349 2050
1747386552472 0.00034633063478395343 2060
1747386552472 0.00034633063478395343 2060
1747386558020 0.0005823567043989897 2070
1747386558020 0.0005823567043989897 2070
1747386561887 0.00042831257451325655 2080
1747386561901 0.00042831257451325655 2080
1747386565769 47.975341796875 2090
1747386565769 47.975341796875 2090
1747386571285 0.003148294985294342 2100
1747386571285 0.003148294985294342 2100
1747386575153 0.0004899304476566613 2110
1747386575153 0.0004899304476566613 2110
1747386579048 0.00033222342608496547 2120
1747386579048 0.00033222342608496547 2120
1747386583100 0.0003988498938269913 2130
1747386583100 0.0003988498938269913 2130
1747386587189 0.00033737384364940226 2140
1747386587189 0.00033737384364940226 2140
1747386591138 0.0004963138489983976 2150
1747386591138 0.0004963138489983976 2150
1747386595243 0.00030249389237724245 2160
1747386595247 0.00030249389237724245 2160
1747386600804 0.0004888919065706432 2170
1747386600806 0.0004888919065706432 2170
1747386606369 0.00042848149314522743 2180
1747386606369 0.00042848149314522743 2180
1747386610168 0.00028084864607080817 2190
1747386610168 0.00028084864607080817 2190
