1747385554888 4.988584474885845e-05 10
1747385554891 4.988584474885845e-05 10
1747385559060 4.977168949771689e-05 20
1747385559059 4.977168949771689e-05 20
1747385562820 4.9657534246575346e-05 30
1747385562819 4.9657534246575346e-05 30
1747385566656 4.9543378995433794e-05 40
1747385566657 4.9543378995433794e-05 40
1747385570606 4.942922374429224e-05 50
1747385570608 4.942922374429224e-05 50
1747385574537 4.9315068493150684e-05 60
1747385574538 4.9315068493150684e-05 60
1747385578467 4.920091324200913e-05 70
1747385578467 4.920091324200913e-05 70
1747385582341 4.908675799086758e-05 80
1747385582342 4.908675799086758e-05 80
1747385587904 4.8972602739726034e-05 90
1747385587904 4.8972602739726034e-05 90
1747385593433 4.8858447488584476e-05 100
1747385593434 4.8858447488584476e-05 100
1747385597368 4.8744292237442924e-05 110
1747385597369 4.8744292237442924e-05 110
1747385601306 4.863013698630137e-05 120
1747385601307 4.863013698630137e-05 120
1747385605247 4.851598173515982e-05 130
1747385605248 4.851598173515982e-05 130
1747385609190 4.840182648401827e-05 140
1747385609191 4.840182648401827e-05 140
1747385613142 4.8287671232876716e-05 150
1747385613143 4.8287671232876716e-05 150
1747385620523 4.8173515981735164e-05 160
1747385620524 4.8173515981735164e-05 160
1747385624441 4.805936073059361e-05 170
1747385624442 4.805936073059361e-05 170
1747385628368 4.794520547945205e-05 180
1747385628369 4.794520547945205e-05 180
1747385632261 4.78310502283105e-05 190
1747385632262 4.78310502283105e-05 190
1747385636097 4.7716894977168955e-05 200
1747385636098 4.7716894977168955e-05 200
1747385639996 4.7602739726027403e-05 210
1747385639996 4.7602739726027403e-05 210
1747385645595 4.7488584474885845e-05 220
1747385645597 4.7488584474885845e-05 220
1747385649489 4.737442922374429e-05 230
1747385649490 4.737442922374429e-05 230
1747385653400 4.726027397260274e-05 240
1747385653399 4.726027397260274e-05 240
1747385657357 4.714611872146119e-05 250
1747385657357 4.714611872146119e-05 250
1747385661267 4.703196347031964e-05 260
1747385661267 4.703196347031964e-05 260
1747385666834 4.6917808219178085e-05 270
1747385666850 4.6917808219178085e-05 270
1747385670764 4.680365296803653e-05 280
1747385670764 4.680365296803653e-05 280
1747385676349 4.668949771689498e-05 290
1747385676350 4.668949771689498e-05 290
1747385680236 4.657534246575342e-05 300
1747385680236 4.657534246575342e-05 300
1747385685783 4.646118721461187e-05 310
1747385685784 4.646118721461187e-05 310
1747385689640 4.6347031963470325e-05 320
1747385689640 4.6347031963470325e-05 320
1747385693477 4.623287671232877e-05 330
1747385693477 4.623287671232877e-05 330
1747385697464 4.6118721461187214e-05 340
1747385697465 4.6118721461187214e-05 340
1747385701396 4.600456621004566e-05 350
1747385701397 4.600456621004566e-05 350
1747385706984 4.589041095890411e-05 360
1747385706984 4.589041095890411e-05 360
1747385712530 4.577625570776256e-05 370
1747385712530 4.577625570776256e-05 370
1747385716446 4.5662100456621006e-05 380
1747385716447 4.5662100456621006e-05 380
1747385722018 4.5547945205479454e-05 390
1747385722018 4.5547945205479454e-05 390
1747385725950 4.54337899543379e-05 400
1747385725951 4.54337899543379e-05 400
1747385731495 4.531963470319635e-05 410
1747385731496 4.531963470319635e-05 410
1747385735410 4.520547945205479e-05 420
1747385735411 4.520547945205479e-05 420
1747385739330 4.5091324200913246e-05 430
1747385739331 4.5091324200913246e-05 430
1747385756553 4.4977168949771694e-05 440
1747385756554 4.4977168949771694e-05 440
1747385760515 4.486301369863014e-05 450
1747385760516 4.486301369863014e-05 450
1747385766175 4.474885844748858e-05 460
1747385766176 4.474885844748858e-05 460
1747385771799 4.463470319634703e-05 470
1747385771800 4.463470319634703e-05 470
1747385776111 4.452054794520548e-05 480
1747385776114 4.452054794520548e-05 480
1747385783024 4.4406392694063934e-05 490
1747385783025 4.4406392694063934e-05 490
1747385786990 4.4292237442922375e-05 500
1747385786990 4.4292237442922375e-05 500
1747385792563 4.417808219178082e-05 510
1747385792563 4.417808219178082e-05 510
1747385796491 4.406392694063927e-05 520
1747385796491 4.406392694063927e-05 520
1747385803780 4.394977168949772e-05 530
1747385803781 4.394977168949772e-05 530
1747385810996 4.383561643835617e-05 540
1747385810996 4.383561643835617e-05 540
1747385814926 4.3721461187214615e-05 550
1747385814926 4.3721461187214615e-05 550
1747385818870 4.360730593607306e-05 560
1747385818871 4.360730593607306e-05 560
1747385824548 4.349315068493151e-05 570
1747385824548 4.349315068493151e-05 570
1747385828446 4.337899543378995e-05 580
1747385828447 4.337899543378995e-05 580
1747385832369 4.32648401826484e-05 590
1747385832369 4.32648401826484e-05 590
1747385837928 4.3150684931506855e-05 600
1747385837930 4.3150684931506855e-05 600
1747385841859 4.30365296803653e-05 610
1747385841861 4.30365296803653e-05 610
1747385845779 4.2922374429223744e-05 620
1747385845779 4.2922374429223744e-05 620
1747385851438 4.280821917808219e-05 630
1747385851438 4.280821917808219e-05 630
1747385855353 4.269406392694064e-05 640
1747385855355 4.269406392694064e-05 640
1747385859312 4.257990867579909e-05 650
1747385859312 4.257990867579909e-05 650
1747385864956 4.2465753424657536e-05 660
1747385864957 4.2465753424657536e-05 660
1747385868889 4.2351598173515984e-05 670
1747385868889 4.2351598173515984e-05 670
1747385872827 4.223744292237443e-05 680
1747385872827 4.223744292237443e-05 680
1747385876827 4.212328767123288e-05 690
1747385876828 4.212328767123288e-05 690
1747385882522 4.200913242009132e-05 700
1747385882523 4.200913242009132e-05 700
1747385886518 4.1894977168949776e-05 710
1747385886519 4.1894977168949776e-05 710
1747385892071 4.1780821917808224e-05 720
1747385892072 4.1780821917808224e-05 720
1747385896030 4.166666666666667e-05 730
1747385896031 4.166666666666667e-05 730
1747385901780 4.155251141552511e-05 740
1747385901780 4.155251141552511e-05 740
1747385907397 4.143835616438356e-05 750
1747385907397 4.143835616438356e-05 750
1747385911378 4.132420091324201e-05 760
1747385911379 4.132420091324201e-05 760
1747385917036 4.121004566210046e-05 770
1747385917036 4.121004566210046e-05 770
1747385922685 4.1095890410958905e-05 780
1747385922685 4.1095890410958905e-05 780
1747385926638 4.098173515981735e-05 790
1747385926638 4.098173515981735e-05 790
1747385932220 4.08675799086758e-05 800
1747385932220 4.08675799086758e-05 800
1747385936151 4.075342465753425e-05 810
1747385936152 4.075342465753425e-05 810
1747385941667 4.063926940639269e-05 820
1747385941667 4.063926940639269e-05 820
1747385947230 4.0525114155251145e-05 830
1747385947231 4.0525114155251145e-05 830
1747385954349 4.041095890410959e-05 840
1747385954349 4.041095890410959e-05 840
1747385958215 4.029680365296804e-05 850
1747385958217 4.029680365296804e-05 850
1747385963712 4.018264840182648e-05 860
1747385963712 4.018264840182648e-05 860
1747385969249 4.006849315068493e-05 870
1747385969250 4.006849315068493e-05 870
1747385989448 3.995433789954338e-05 880
1747385989449 3.995433789954338e-05 880
1747385995048 3.984018264840183e-05 890
1747385995048 3.984018264840183e-05 890
1747385999060 3.9726027397260274e-05 900
1747385999061 3.9726027397260274e-05 900
1747386004568 3.961187214611872e-05 910
1747386004568 3.961187214611872e-05 910
1747386008450 3.949771689497717e-05 920
1747386008451 3.949771689497717e-05 920
1747386012340 3.938356164383562e-05 930
1747386012340 3.938356164383562e-05 930
1747386016468 3.9269406392694066e-05 940
1747386016468 3.9269406392694066e-05 940
1747386020429 3.9155251141552514e-05 950
1747386020429 3.9155251141552514e-05 950
1747386024436 3.904109589041096e-05 960
1747386024436 3.904109589041096e-05 960
1747386028450 3.892694063926941e-05 970
1747386028450 3.892694063926941e-05 970
1747386032403 3.881278538812785e-05 980
1747386032403 3.881278538812785e-05 980
1747386038050 3.86986301369863e-05 990
1747386038050 3.86986301369863e-05 990
1747386042118 3.8584474885844754e-05 1000
1747386042119 3.8584474885844754e-05 1000
1747386046509 3.84703196347032e-05 1010
1747386046509 3.84703196347032e-05 1010
1747386050500 3.8356164383561644e-05 1020
1747386050500 3.8356164383561644e-05 1020
1747386054498 3.824200913242009e-05 1030
1747386054499 3.824200913242009e-05 1030
1747386060257 3.812785388127854e-05 1040
1747386060258 3.812785388127854e-05 1040
1747386064278 3.801369863013699e-05 1050
1747386064277 3.801369863013699e-05 1050
1747386068271 3.7899543378995436e-05 1060
1747386068271 3.7899543378995436e-05 1060
1747386072270 3.7785388127853884e-05 1070
1747386072270 3.7785388127853884e-05 1070
1747386076192 3.767123287671233e-05 1080
1747386076208 3.767123287671233e-05 1080
1747386080172 3.755707762557078e-05 1090
1747386080172 3.755707762557078e-05 1090
1747386084138 3.744292237442922e-05 1100
1747386084138 3.744292237442922e-05 1100
1747386088112 3.7328767123287675e-05 1110
1747386088112 3.7328767123287675e-05 1110
1747386092114 3.7214611872146123e-05 1120
1747386092114 3.7214611872146123e-05 1120
1747386096133 3.710045662100457e-05 1130
1747386096133 3.710045662100457e-05 1130
1747386100204 3.698630136986301e-05 1140
1747386100204 3.698630136986301e-05 1140
1747386104324 3.687214611872146e-05 1150
1747386104324 3.687214611872146e-05 1150
1747386108431 3.675799086757991e-05 1160
1747386108431 3.675799086757991e-05 1160
1747386112531 3.664383561643836e-05 1170
1747386112531 3.664383561643836e-05 1170
1747386116537 3.6529680365296805e-05 1180
1747386116537 3.6529680365296805e-05 1180
1747386122280 3.641552511415525e-05 1190
1747386122278 3.641552511415525e-05 1190
1747386128084 3.63013698630137e-05 1200
1747386128084 3.63013698630137e-05 1200
1747386132603 3.618721461187215e-05 1210
1747386132603 3.618721461187215e-05 1210
1747386136675 3.60730593607306e-05 1220
1747386136675 3.60730593607306e-05 1220
1747386142281 3.5958904109589045e-05 1230
1747386142281 3.5958904109589045e-05 1230
1747386146402 3.584474885844749e-05 1240
1747386146400 3.584474885844749e-05 1240
1747386152153 3.573059360730594e-05 1250
1747386152153 3.573059360730594e-05 1250
1747386158019 3.561643835616438e-05 1260
1747386158017 3.561643835616438e-05 1260
1747386163550 3.550228310502283e-05 1270
1747386163550 3.550228310502283e-05 1270
1747386167485 3.538812785388128e-05 1280
1747386167485 3.538812785388128e-05 1280
1747386171399 3.527397260273973e-05 1290
1747386171415 3.527397260273973e-05 1290
1747386175308 3.5159817351598174e-05 1300
1747386175308 3.5159817351598174e-05 1300
1747386179261 3.504566210045662e-05 1310
1747386179259 3.504566210045662e-05 1310
1747386198500 3.493150684931507e-05 1320
1747386198500 3.493150684931507e-05 1320
1747386202396 3.481735159817352e-05 1330
1747386202396 3.481735159817352e-05 1330
1747386206336 3.4703196347031966e-05 1340
1747386206336 3.4703196347031966e-05 1340
1747386210240 3.4589041095890414e-05 1350
1747386210240 3.4589041095890414e-05 1350
1747386216006 3.447488584474886e-05 1360
1747386216006 3.447488584474886e-05 1360
1747386220049 3.436073059360731e-05 1370
1747386220049 3.436073059360731e-05 1370
1747386223996 3.424657534246575e-05 1380
1747386223996 3.424657534246575e-05 1380
1747386227973 3.41324200913242e-05 1390
1747386227973 3.41324200913242e-05 1390
1747386231967 3.4018264840182654e-05 1400
1747386231967 3.4018264840182654e-05 1400
1747386237629 3.39041095890411e-05 1410
1747386237629 3.39041095890411e-05 1410
1747386241623 3.378995433789954e-05 1420
1747386241623 3.378995433789954e-05 1420
1747386245644 3.367579908675799e-05 1430
1747386245645 3.367579908675799e-05 1430
1747386249698 3.356164383561644e-05 1440
1747386249698 3.356164383561644e-05 1440
1747386257029 3.344748858447489e-05 1450
1747386257037 3.344748858447489e-05 1450
1747386261069 3.3333333333333335e-05 1460
1747386261069 3.3333333333333335e-05 1460
1747386265054 3.321917808219178e-05 1470
1747386265054 3.321917808219178e-05 1470
1747386270538 3.310502283105023e-05 1480
1747386270538 3.310502283105023e-05 1480
1747386274739 3.299086757990868e-05 1490
1747386274739 3.299086757990868e-05 1490
1747386281986 3.287671232876712e-05 1500
1747386281986 3.287671232876712e-05 1500
1747386285920 3.2762557077625575e-05 1510
1747386285920 3.2762557077625575e-05 1510
1747386291493 3.264840182648402e-05 1520
1747386291501 3.264840182648402e-05 1520
1747386295470 3.253424657534247e-05 1530
1747386299366 3.242009132420091e-05 1540
1747386299366 3.242009132420091e-05 1540
1747386303285 3.230593607305936e-05 1550
1747386303285 3.230593607305936e-05 1550
1747386308869 3.219178082191781e-05 1560
1747386308869 3.219178082191781e-05 1560
1747386312796 3.207762557077626e-05 1570
1747386312796 3.207762557077626e-05 1570
1747386316867 3.1963470319634704e-05 1580
1747386316869 3.1963470319634704e-05 1580
1747386320819 3.184931506849315e-05 1590
1747386320820 3.184931506849315e-05 1590
1747386326658 3.17351598173516e-05 1600
1747386326658 3.17351598173516e-05 1600
1747386333638 3.162100456621005e-05 1610
1747386333638 3.162100456621005e-05 1610
1747386337574 3.1506849315068496e-05 1620
1747386337574 3.1506849315068496e-05 1620
1747386341575 3.1392694063926944e-05 1630
1747386341575 3.1392694063926944e-05 1630
1747386345551 3.127853881278539e-05 1640
1747386345551 3.127853881278539e-05 1640
1747386351138 3.116438356164384e-05 1650
1747386351140 3.116438356164384e-05 1650
1747386355075 3.105022831050228e-05 1660
1747386355075 3.105022831050228e-05 1660
1747386359003 3.093607305936073e-05 1670
1747386359003 3.093607305936073e-05 1670
1747386362916 3.082191780821918e-05 1680
1747386362916 3.082191780821918e-05 1680
1747386367005 3.070776255707763e-05 1690
1747386367006 3.070776255707763e-05 1690
1747386374199 3.059360730593607e-05 1700
1747386374199 3.059360730593607e-05 1700
1747386378097 3.047945205479452e-05 1710
1747386378097 3.047945205479452e-05 1710
1747386382006 3.036529680365297e-05 1720
1747386382006 3.036529680365297e-05 1720
1747386385931 3.025114155251142e-05 1730
1747386385931 3.025114155251142e-05 1730
1747386389859 3.0136986301369862e-05 1740
1747386389859 3.0136986301369862e-05 1740
1747386393789 3.0022831050228313e-05 1750
1747386393805 3.0022831050228313e-05 1750
1747386416165 2.990867579908676e-05 1760
1747386416165 2.990867579908676e-05 1760
1747386421757 2.979452054794521e-05 1770
1747386421757 2.979452054794521e-05 1770
1747386428928 2.9680365296803654e-05 1780
1747386428928 2.9680365296803654e-05 1780
1747386436214 2.9566210045662102e-05 1790
1747386436214 2.9566210045662102e-05 1790
1747386440148 2.945205479452055e-05 1800
1747386440148 2.945205479452055e-05 1800
1747386444033 2.9337899543378998e-05 1810
1747386444049 2.9337899543378998e-05 1810
1747386447939 2.9223744292237442e-05 1820
1747386447939 2.9223744292237442e-05 1820
1747386451899 2.910958904109589e-05 1830
1747386451899 2.910958904109589e-05 1830
1747386455840 2.8995433789954342e-05 1840
1747386455840 2.8995433789954342e-05 1840
1747386459784 2.888127853881279e-05 1850
1747386459784 2.888127853881279e-05 1850
1747386463697 2.8767123287671234e-05 1860
1747386463697 2.8767123287671234e-05 1860
1747386467744 2.8652968036529682e-05 1870
1747386467744 2.8652968036529682e-05 1870
1747386471831 2.853881278538813e-05 1880
1747386471833 2.853881278538813e-05 1880
1747386477410 2.842465753424658e-05 1890
1747386477410 2.842465753424658e-05 1890
1747386481308 2.8310502283105023e-05 1900
1747386481308 2.8310502283105023e-05 1900
1747386486821 2.819634703196347e-05 1910
1747386486821 2.819634703196347e-05 1910
1747386490686 2.808219178082192e-05 1920
1747386490686 2.808219178082192e-05 1920
1747386494659 2.796803652968037e-05 1930
1747386494674 2.796803652968037e-05 1930
1747386500270 2.785388127853881e-05 1940
1747386500270 2.785388127853881e-05 1940
1747386504248 2.7739726027397263e-05 1950
1747386504248 2.7739726027397263e-05 1950
1747386508546 2.762557077625571e-05 1960
1747386508546 2.762557077625571e-05 1960
1747386513842 2.751141552511416e-05 1970
1747386513844 2.751141552511416e-05 1970
1747386517796 2.7397260273972603e-05 1980
1747386517796 2.7397260273972603e-05 1980
1747386521718 2.728310502283105e-05 1990
1747386521718 2.728310502283105e-05 1990
1747386525703 2.71689497716895e-05 2000
1747386525701 2.71689497716895e-05 2000
1747386529657 2.7054794520547947e-05 2010
1747386529657 2.7054794520547947e-05 2010
1747386533544 2.6940639269406392e-05 2020
1747386533544 2.6940639269406392e-05 2020
1747386539113 2.682648401826484e-05 2030
1747386539113 2.682648401826484e-05 2030
1747386543005 2.671232876712329e-05 2040
1747386543005 2.671232876712329e-05 2040
1747386546925 2.659817351598174e-05 2050
1747386546925 2.659817351598174e-05 2050
1747386552472 2.6484018264840184e-05 2060
1747386552472 2.6484018264840184e-05 2060
1747386558020 2.6369863013698632e-05 2070
1747386558020 2.6369863013698632e-05 2070
1747386561887 2.625570776255708e-05 2080
1747386561901 2.625570776255708e-05 2080
1747386565769 2.6141552511415528e-05 2090
1747386565769 2.6141552511415528e-05 2090
1747386571285 2.6027397260273973e-05 2100
1747386571285 2.6027397260273973e-05 2100
1747386575153 2.591324200913242e-05 2110
1747386575153 2.591324200913242e-05 2110
1747386579048 2.579908675799087e-05 2120
1747386579048 2.579908675799087e-05 2120
1747386583100 2.568493150684932e-05 2130
1747386583100 2.568493150684932e-05 2130
1747386587189 2.557077625570776e-05 2140
1747386587189 2.557077625570776e-05 2140
1747386591138 2.5456621004566213e-05 2150
1747386591138 2.5456621004566213e-05 2150
1747386595243 2.534246575342466e-05 2160
1747386595247 2.534246575342466e-05 2160
1747386600804 2.522831050228311e-05 2170
1747386600806 2.522831050228311e-05 2170
1747386606369 2.5114155251141553e-05 2180
1747386606369 2.5114155251141553e-05 2180
1747386610168 2.5e-05 2190
1747386610168 2.5e-05 2190
