1747385554888 0.4924 10
1747385554891 0.4924 10
1747385559060 0.2826 20
1747385559059 0.2826 20
1747385562820 0.2141 30
1747385562819 0.2141 30
1747385566656 0.2045 40
1747385566657 0.2045 40
1747385570606 0.1799 50
1747385570608 0.1799 50
1747385574537 0.2165 60
1747385574538 0.2165 60
1747385578467 0.1395 70
1747385578467 0.1395 70
1747385582341 0.0875 80
1747385582342 0.0875 80
1747385587904 0.1922 90
1747385587904 0.1922 90
1747385593433 0.0954 100
1747385593434 0.0954 100
1747385597368 0.1614 110
1747385597369 0.1614 110
1747385601306 0.0651 120
1747385601307 0.0651 120
1747385605247 0.1667 130
1747385605248 0.1667 130
1747385609190 0.1217 140
1747385609191 0.1217 140
1747385613142 0.2699 150
1747385613143 0.2699 150
1747385620523 0.0413 160
1747385620524 0.0413 160
1747385624441 0.1116 170
1747385624442 0.1116 170
1747385628368 0.0743 180
1747385628369 0.0743 180
1747385632261 0.2455 190
1747385632262 0.2455 190
1747385636097 0.021 200
1747385636098 0.021 200
1747385639996 0.2186 210
1747385639996 0.2186 210
1747385645595 0.0711 220
1747385645597 0.0711 220
1747385649489 0.0578 230
1747385649490 0.0578 230
1747385653400 0.1088 240
1747385653399 0.1088 240
1747385657357 0.1272 250
1747385657357 0.1272 250
1747385661267 0.0656 260
1747385661267 0.0656 260
1747385666834 0.1025 270
1747385666850 0.1025 270
1747385670764 0.0233 280
1747385670764 0.0233 280
1747385676349 0.0027 290
1747385676350 0.0027 290
1747385680236 0.1853 300
1747385680236 0.1853 300
1747385685783 0.0576 310
1747385685784 0.0576 310
1747385689640 0.0159 320
1747385689640 0.0159 320
1747385693477 0.08 330
1747385693477 0.08 330
1747385697464 0.1848 340
1747385697465 0.1848 340
1747385701396 0.0498 350
1747385701397 0.0498 350
1747385706984 0.055 360
1747385706984 0.055 360
1747385712530 0.0427 370
1747385712530 0.0427 370
1747385716446 0.1147 380
1747385716447 0.1147 380
1747385722018 0.1729 390
1747385722018 0.1729 390
1747385725950 0.1137 400
1747385725951 0.1137 400
1747385731495 0.1777 410
1747385731496 0.1777 410
1747385735410 0.0981 420
1747385735411 0.0981 420
1747385739330 0.0361 430
1747385739331 0.0361 430
1747385756553 0.0337 440
1747385756554 0.0337 440
1747385760515 0.0948 450
1747385760516 0.0948 450
1747385766175 0.0509 460
1747385766176 0.0509 460
1747385771799 0.0477 470
1747385771800 0.0477 470
1747385776111 0.0331 480
1747385776114 0.0331 480
1747385783024 0.0301 490
1747385783025 0.0301 490
1747385786990 0.0058 500
1747385786990 0.0058 500
1747385792563 0.0912 510
1747385792563 0.0912 510
1747385796491 0.0004 520
1747385796491 0.0004 520
1747385803780 0.0039 530
1747385803781 0.0039 530
1747385810996 0.0429 540
1747385810996 0.0429 540
1747385814926 0.0971 550
1747385814926 0.0971 550
1747385818870 0.0274 560
1747385818871 0.0274 560
1747385824548 0.0239 570
1747385828446 0.0352 580
1747385828447 0.0352 580
1747385832369 0.0321 590
1747385832369 0.0321 590
1747385837928 0.0014 600
1747385837930 0.0014 600
1747385841859 0.0711 610
1747385841861 0.0711 610
1747385845779 0.0347 620
1747385845779 0.0347 620
1747385851438 0.1403 630
1747385851438 0.1403 630
1747385855353 0.0021 640
1747385855355 0.0021 640
1747385859312 0.0094 650
1747385859312 0.0094 650
1747385864956 0.0006 660
1747385864957 0.0006 660
1747385868889 0.0291 670
1747385868889 0.0291 670
1747385872827 0.0501 680
1747385872827 0.0501 680
1747385876827 0.1144 690
1747385876828 0.1144 690
1747385882522 0.0889 700
1747385882523 0.0889 700
1747385886518 0.0008 710
1747385886519 0.0008 710
1747385892071 0.0009 720
1747385892072 0.0009 720
1747385896030 0.1111 730
1747385896031 0.1111 730
1747385901780 0.0335 740
1747385901780 0.0335 740
1747385907397 0.0451 750
1747385907397 0.0451 750
1747385911378 0.1155 760
1747385911379 0.1155 760
1747385917036 0.0022 770
1747385917036 0.0022 770
1747385922685 0.0058 780
1747385922685 0.0058 780
1747385926638 0.0815 790
1747385926638 0.0815 790
1747385932220 0.0146 800
1747385932220 0.0146 800
1747385936151 0.0011 810
1747385936152 0.0011 810
1747385941667 0.0809 820
1747385941667 0.0809 820
1747385947230 0.0352 830
1747385947231 0.0352 830
1747385954349 0.1196 840
1747385954349 0.1196 840
1747385958215 0.0469 850
1747385958217 0.0469 850
1747385963712 0.0275 860
1747385963712 0.0275 860
1747385969249 0.001 870
1747385969250 0.001 870
1747385989448 0.0417 880
1747385989449 0.0417 880
1747385995048 0.0009 890
1747385995048 0.0009 890
1747385999060 0.0003 900
1747385999061 0.0003 900
1747386004568 0.0004 910
1747386004568 0.0004 910
1747386008450 0.0552 920
1747386008451 0.0552 920
1747386012340 0.0007 930
1747386012340 0.0007 930
1747386016468 0.0376 940
1747386016468 0.0376 940
1747386020429 0.0004 950
1747386020429 0.0004 950
1747386024436 0.0007 960
1747386024436 0.0007 960
1747386028450 0.0003 970
1747386028450 0.0003 970
1747386032403 0.0003 980
1747386032403 0.0003 980
1747386038050 0.0002 990
1747386038050 0.0002 990
1747386042118 0.0002 1000
1747386042119 0.0002 1000
1747386046509 0.0011 1010
1747386046509 0.0011 1010
1747386050500 0.0004 1020
1747386050500 0.0004 1020
1747386054498 0.0391 1030
1747386054499 0.0391 1030
1747386060257 0.0298 1040
1747386060258 0.0298 1040
1747386064278 0.0002 1050
1747386064277 0.0002 1050
1747386068271 0.0001 1060
1747386068271 0.0001 1060
1747386072270 0.053 1070
1747386072270 0.053 1070
1747386076192 0.0004 1080
1747386076208 0.0004 1080
1747386080172 0.0005 1090
1747386080172 0.0005 1090
1747386084138 0.0003 1100
1747386084138 0.0003 1100
1747386088112 0.0002 1110
1747386088112 0.0002 1110
1747386092114 0.0003 1120
1747386092114 0.0003 1120
1747386096133 0.0002 1130
1747386096133 0.0002 1130
1747386100204 0.0321 1140
1747386100204 0.0321 1140
1747386104324 0.002 1150
1747386104324 0.002 1150
1747386108431 0.0001 1160
1747386108431 0.0001 1160
1747386112531 0.0001 1170
1747386112531 0.0001 1170
1747386116537 0.0002 1180
1747386116537 0.0002 1180
1747386122278 0.0008 1190
1747386122280 0.0008 1190
1747386128084 0.0009 1200
1747386128084 0.0009 1200
1747386132603 0.047 1210
1747386132603 0.047 1210
1747386136675 0.0533 1220
1747386136675 0.0533 1220
1747386142281 0.0001 1230
1747386142281 0.0001 1230
1747386146402 0.0373 1240
1747386146400 0.0373 1240
1747386152153 0.0002 1250
1747386152153 0.0002 1250
1747386158019 0.0002 1260
1747386158017 0.0002 1260
1747386163550 0.0001 1270
1747386163550 0.0001 1270
1747386167485 0.0144 1280
1747386167485 0.0144 1280
1747386171399 0.0001 1290
1747386171415 0.0001 1290
1747386175308 0.0002 1300
1747386175308 0.0002 1300
1747386179261 0.0 1310
1747386179259 0.0 1310
1747386198500 0.0 1320
1747386198500 0.0 1320
1747386202396 0.0 1330
1747386202396 0.0 1330
1747386206336 0.0399 1340
1747386206336 0.0399 1340
1747386210240 0.0001 1350
1747386210240 0.0001 1350
1747386216006 0.0 1360
1747386216006 0.0 1360
1747386220049 0.0001 1370
1747386220049 0.0001 1370
1747386223996 0.0 1380
1747386223996 0.0 1380
1747386227973 0.0001 1390
1747386227973 0.0001 1390
1747386231967 0.0 1400
1747386231967 0.0 1400
1747386237629 0.0 1410
1747386237629 0.0 1410
1747386241623 0.0 1420
1747386241623 0.0 1420
1747386245644 0.0 1430
1747386245645 0.0 1430
1747386249698 0.0 1440
1747386249698 0.0 1440
1747386257029 0.0 1450
1747386257037 0.0 1450
1747386261069 0.0 1460
1747386261069 0.0 1460
1747386265054 0.0 1470
1747386265054 0.0 1470
1747386270538 0.0 1480
1747386270538 0.0 1480
1747386274739 0.0 1490
1747386274739 0.0 1490
1747386281986 0.0 1500
1747386281986 0.0 1500
1747386285920 0.0 1510
1747386285920 0.0 1510
1747386291493 0.0001 1520
1747386291501 0.0001 1520
1747386295470 0.0001 1530
1747386295470 0.0001 1530
1747386299366 0.0 1540
1747386299366 0.0 1540
1747386303285 0.0 1550
1747386303285 0.0 1550
1747386308869 0.0 1560
1747386308869 0.0 1560
1747386312796 0.0 1570
1747386312796 0.0 1570
1747386316867 0.0 1580
1747386316869 0.0 1580
1747386320819 0.051 1590
1747386320820 0.051 1590
1747386326658 0.0 1600
1747386326658 0.0 1600
1747386333638 0.0053 1610
1747386333638 0.0053 1610
1747386337574 0.0 1620
1747386337574 0.0 1620
1747386341575 0.0 1630
1747386341575 0.0 1630
1747386345551 0.0 1640
1747386345551 0.0 1640
1747386351138 0.0 1650
1747386351140 0.0 1650
1747386355075 0.0 1660
1747386355075 0.0 1660
1747386359003 0.0006 1670
1747386359003 0.0006 1670
1747386362916 0.0312 1680
1747386362916 0.0312 1680
1747386367005 0.0001 1690
1747386367006 0.0001 1690
1747386374199 0.0005 1700
1747386374199 0.0005 1700
1747386378097 0.0003 1710
1747386378097 0.0003 1710
1747386382006 0.0005 1720
1747386382006 0.0005 1720
1747386385931 0.0415 1730
1747386385931 0.0415 1730
1747386389859 0.0213 1740
1747386389859 0.0213 1740
1747386393789 0.0461 1750
1747386393805 0.0461 1750
1747386416165 0.0303 1760
1747386416165 0.0303 1760
1747386421757 0.0002 1770
1747386421757 0.0002 1770
1747386428928 0.0 1780
1747386428928 0.0 1780
1747386436214 0.0 1790
1747386436214 0.0 1790
1747386440148 0.0002 1800
1747386440148 0.0002 1800
1747386444033 0.0 1810
1747386444049 0.0 1810
1747386447939 0.0002 1820
1747386447939 0.0002 1820
1747386451899 0.0 1830
1747386451899 0.0 1830
1747386455840 0.0 1840
1747386455840 0.0 1840
1747386459784 0.0 1850
1747386459784 0.0 1850
1747386463697 0.0 1860
1747386463697 0.0 1860
1747386467744 0.0 1870
1747386467744 0.0 1870
1747386471831 0.0 1880
1747386471833 0.0 1880
1747386477410 0.0002 1890
1747386477410 0.0002 1890
1747386481308 0.0 1900
1747386481308 0.0 1900
1747386486821 0.0002 1910
1747386486821 0.0002 1910
1747386490686 0.0 1920
1747386490686 0.0 1920
1747386494659 0.0 1930
1747386494674 0.0 1930
1747386500270 0.0 1940
1747386500270 0.0 1940
1747386504248 0.0 1950
1747386504248 0.0 1950
1747386508546 0.0 1960
1747386508546 0.0 1960
1747386513842 0.0 1970
1747386513844 0.0 1970
1747386517796 0.0 1980
1747386521718 0.0 1990
1747386521718 0.0 1990
1747386525703 0.0 2000
1747386525701 0.0 2000
1747386529657 0.0 2010
1747386529657 0.0 2010
1747386533544 0.0 2020
1747386533544 0.0 2020
1747386539113 0.0 2030
1747386539113 0.0 2030
1747386543005 0.0 2040
1747386543005 0.0 2040
1747386546925 0.0 2050
1747386546925 0.0 2050
1747386552472 0.0 2060
1747386552472 0.0 2060
1747386558020 0.0 2070
1747386558020 0.0 2070
1747386561887 0.0 2080
1747386561901 0.0 2080
1747386565769 0.0012 2090
1747386565769 0.0012 2090
1747386571285 0.0001 2100
1747386571285 0.0001 2100
1747386575153 0.0172 2110
1747386575153 0.0172 2110
1747386579048 0.0001 2120
1747386579048 0.0001 2120
1747386583100 0.0005 2130
1747386583100 0.0005 2130
1747386587189 0.0001 2140
1747386587189 0.0001 2140
1747386591138 0.0 2150
1747386591138 0.0 2150
1747386595243 0.0 2160
1747386595247 0.0 2160
1747386600804 0.0 2170
1747386600806 0.0 2170
1747386606369 0.0 2180
1747386606369 0.0 2180
1747386610168 0.0 2190
1747386610168 0.0 2190
