1747403310987 0.22727272727272727 10
1747403310987 0.22727272727272727 10
1747403314671 0.45454545454545453 20
1747403314671 0.45454545454545453 20
1747403318377 0.6818181818181818 30
1747403318377 0.6818181818181818 30
1747403322059 0.9090909090909091 40
1747403322064 0.9090909090909091 40
1747403324441 1.0 44
1747403324441 1.0 44
1747403327499 1.1363636363636362 50
1747403327499 1.1363636363636362 50
1747403331192 1.3636363636363638 60
1747403331192 1.3636363636363638 60
1747403336478 1.5909090909090908 70
1747403336478 1.5909090909090908 70
1747403340137 1.8181818181818183 80
1747403340137 1.8181818181818183 80
1747403344010 2.0 88
1747403344010 2.0 88
1747403345630 2.0454545454545454 90
1747403345630 2.0454545454545454 90
1747403349361 2.2727272727272725 100
1747403349359 2.2727272727272725 100
1747403353091 2.5 110
1747403353091 2.5 110
1747403356870 2.7272727272727275 120
1747403356870 2.7272727272727275 120
1747403360752 2.9545454545454546 130
1747403360752 2.9545454545454546 130
1747403362447 3.0 132
1747403362447 3.0 132
1747403366368 3.1818181818181817 140
1747403366368 3.1818181818181817 140
1747403371714 3.409090909090909 150
1747403371714 3.409090909090909 150
1747403375498 3.6363636363636362 160
1747403375500 3.6363636363636362 160
1747403379245 3.8636363636363638 170
1747403379247 3.8636363636363638 170
1747403382418 4.0 176
1747403382416 4.0 176
1747403384812 4.090909090909091 180
1747403384812 4.090909090909091 180
1747403388544 4.318181818181818 190
1747403388546 4.318181818181818 190
1747403392340 4.545454545454545 200
1747403392340 4.545454545454545 200
1747403396128 4.7727272727272725 210
1747403396128 4.7727272727272725 210
1747403401383 5.0 220
1747403401383 5.0 220
1747403402506 5.0 220
1747403402506 5.0 220
1747403403409 5.0 220
1747403403409 5.0 220
