1747403310987 1.2584010362625122 10
1747403310987 1.2584010362625122 10
1747403314671 10.479959487915039 20
1747403314671 10.479959487915039 20
1747403318377 28.337902069091797 30
1747403318377 28.337902069091797 30
1747403322059 3.1410841941833496 40
1747403322064 3.1410841941833496 40
1747403327499 3.68588924407959 50
1747403327499 3.68588924407959 50
1747403331192 0.8367987275123596 60
1747403331192 0.8367987275123596 60
1747403336478 13.312477111816406 70
1747403336478 13.312477111816406 70
1747403340137 15.650041580200195 80
1747403340137 15.650041580200195 80
1747403345630 13.332342147827148 90
1747403345630 13.332342147827148 90
1747403349361 12.78765869140625 100
1747403349359 12.78765869140625 100
1747403353091 0.5851413011550903 110
1747403353091 0.5851413011550903 110
1747403356870 12.140514373779297 120
1747403356870 12.140514373779297 120
1747403360752 4.4998321533203125 130
1747403360752 4.4998321533203125 130
1747403366368 0.1483667641878128 140
1747403366368 0.1483667641878128 140
1747403371714 26.116870880126953 150
1747403371714 26.116870880126953 150
1747403375498 0.14474163949489594 160
1747403375500 0.14474163949489594 160
1747403379245 0.1711025983095169 170
1747403379247 0.1711025983095169 170
1747403384812 0.29695752263069153 180
1747403384812 0.29695752263069153 180
1747403388544 2.4122488498687744 190
1747403388546 2.4122488498687744 190
1747403392340 0.1499743014574051 200
1747403392340 0.1499743014574051 200
1747403396128 0.24020636081695557 210
1747403396128 0.24020636081695557 210
1747403401383 21.832042694091797 220
1747403401383 21.832042694091797 220
