1747403310987 4.886363636363637e-05 10
1747403310987 4.886363636363637e-05 10
1747403314671 4.772727272727273e-05 20
1747403314671 4.772727272727273e-05 20
1747403318377 4.659090909090909e-05 30
1747403318377 4.659090909090909e-05 30
1747403322059 4.545454545454546e-05 40
1747403322064 4.545454545454546e-05 40
1747403327499 4.431818181818182e-05 50
1747403327499 4.431818181818182e-05 50
1747403331192 4.318181818181819e-05 60
1747403331192 4.318181818181819e-05 60
1747403336478 4.204545454545455e-05 70
1747403336478 4.204545454545455e-05 70
1747403340137 4.0909090909090915e-05 80
1747403340137 4.0909090909090915e-05 80
1747403345630 3.9772727272727275e-05 90
1747403345630 3.9772727272727275e-05 90
1747403349361 3.8636363636363636e-05 100
1747403349359 3.8636363636363636e-05 100
1747403353091 3.7500000000000003e-05 110
1747403353091 3.7500000000000003e-05 110
1747403356870 3.6363636363636364e-05 120
1747403356870 3.6363636363636364e-05 120
1747403360752 3.522727272727273e-05 130
1747403360752 3.522727272727273e-05 130
1747403366368 3.409090909090909e-05 140
1747403366368 3.409090909090909e-05 140
1747403371714 3.295454545454545e-05 150
1747403371714 3.295454545454545e-05 150
1747403375498 3.181818181818182e-05 160
1747403375500 3.181818181818182e-05 160
1747403379245 3.068181818181818e-05 170
1747403379247 3.068181818181818e-05 170
1747403384812 2.954545454545455e-05 180
1747403384812 2.954545454545455e-05 180
1747403388544 2.8409090909090912e-05 190
1747403388546 2.8409090909090912e-05 190
1747403392340 2.7272727272727273e-05 200
1747403392340 2.7272727272727273e-05 200
1747403396128 2.6136363636363637e-05 210
1747403396128 2.6136363636363637e-05 210
1747403401383 2.5e-05 220
1747403401383 2.5e-05 220
