1747403310987 0.6933 10
1747403310987 0.6933 10
1747403314671 0.6545 20
1747403314671 0.6545 20
1747403318377 0.5132 30
1747403318377 0.5132 30
1747403322059 0.4414 40
1747403322064 0.4414 40
1747403327499 0.2945 50
1747403327499 0.2945 50
1747403331192 0.2415 60
1747403331192 0.2415 60
1747403336478 0.2069 70
1747403336478 0.2069 70
1747403340137 0.2297 80
1747403340137 0.2297 80
1747403345630 0.342 90
1747403345630 0.342 90
1747403349361 0.2621 100
1747403349359 0.2621 100
1747403353091 0.1421 110
1747403353091 0.1421 110
1747403356870 0.1983 120
1747403356870 0.1983 120
1747403360752 0.1106 130
1747403360752 0.1106 130
1747403366368 0.1282 140
1747403366368 0.1282 140
1747403371714 0.1167 150
1747403375498 0.1656 160
1747403375500 0.1656 160
1747403379245 0.1408 170
1747403379247 0.1408 170
1747403384812 0.0752 180
1747403384812 0.0752 180
1747403388544 0.0369 190
1747403388546 0.0369 190
1747403392340 0.1283 200
1747403392340 0.1283 200
1747403396128 0.0251 210
1747403396128 0.0251 210
1747403401383 0.0084 220
1747403401383 0.0084 220
