1747238524574 0.11363636363636363 10
1747238524575 0.11363636363636363 10
1747238548092 0.22727272727272727 20
1747238548092 0.22727272727272727 20
1747238567164 0.3409090909090909 30
1747238567164 0.3409090909090909 30
1747238585037 0.45454545454545453 40
1747238585037 0.45454545454545453 40
1747238602866 0.5681818181818182 50
1747238602866 0.5681818181818182 50
1747238620766 0.6818181818181818 60
1747238620766 0.6818181818181818 60
1747238638601 0.7954545454545454 70
1747238638601 0.7954545454545454 70
1747238657918 0.9090909090909091 80
1747238657919 0.9090909090909091 80
1747238675731 1.0 88
1747238675736 1.0 88
1747238680756 1.0227272727272727 90
1747238680756 1.0227272727272727 90
1747238698792 1.1363636363636362 100
1747238698808 1.1363636363636362 100
1747238716685 1.25 110
1747238716685 1.25 110
1747238734588 1.3636363636363638 120
1747238734588 1.3636363636363638 120
1747238752580 1.4772727272727273 130
1747238752582 1.4772727272727273 130
1747238770547 1.5909090909090908 140
1747238770547 1.5909090909090908 140
1747238789505 1.7045454545454546 150
1747238789507 1.7045454545454546 150
1747238807400 1.8181818181818183 160
1747238807400 1.8181818181818183 160
1747238825315 1.9318181818181817 170
1747238825315 1.9318181818181817 170
1747238839619 2.0 176
1747238839619 2.0 176
1747238848456 2.0454545454545454 180
1747238848456 2.0454545454545454 180
1747238866392 2.159090909090909 190
1747238866392 2.159090909090909 190
1747238884262 2.2727272727272725 200
1747238884262 2.2727272727272725 200
1747238902223 2.3863636363636362 210
1747238902223 2.3863636363636362 210
1747238920084 2.5 220
1747238920084 2.5 220
1747238937969 2.6136363636363638 230
1747238937969 2.6136363636363638 230
1747238955842 2.7272727272727275 240
1747238955842 2.7272727272727275 240
1747238973709 2.840909090909091 250
1747238973709 2.840909090909091 250
1747238991583 2.9545454545454546 260
1747238991583 2.9545454545454546 260
1747239002237 3.0 264
1747239002237 3.0 264
1747239014575 3.0681818181818183 270
1747239014575 3.0681818181818183 270
1747239033817 3.1818181818181817 280
1747239033817 3.1818181818181817 280
1747239051707 3.2954545454545454 290
1747239051707 3.2954545454545454 290
1747239069620 3.409090909090909 300
1747239069620 3.409090909090909 300
1747239087498 3.5227272727272725 310
1747239087498 3.5227272727272725 310
1747239105440 3.6363636363636362 320
1747239105440 3.6363636363636362 320
1747239123332 3.75 330
1747239123332 3.75 330
1747239141246 3.8636363636363638 340
1747239141246 3.8636363636363638 340
1747239160484 3.9772727272727275 350
1747239160484 3.9772727272727275 350
1747239167563 4.0 352
1747239167563 4.0 352
1747239183434 4.090909090909091 360
1747239183434 4.090909090909091 360
1747239201434 4.204545454545454 370
1747239201434 4.204545454545454 370
1747239219368 4.318181818181818 380
1747239219368 4.318181818181818 380
1747239237320 4.431818181818182 390
1747239237320 4.431818181818182 390
1747239256509 4.545454545454545 400
1747239256509 4.545454545454545 400
1747239274377 4.659090909090909 410
1747239274377 4.659090909090909 410
1747239292309 4.7727272727272725 420
1747239292309 4.7727272727272725 420
1747239311142 4.886363636363637 430
1747239311142 4.886363636363637 430
1747239327749 5.0 440
1747239327749 5.0 440
1747239332596 5.0 440
1747239332596 5.0 440
1747239352145 5.113636363636363 450
1747239352145 5.113636363636363 450
1747239370114 5.2272727272727275 460
1747239370114 5.2272727272727275 460
1747239387975 5.340909090909091 470
1747239387975 5.340909090909091 470
1747239405886 5.454545454545454 480
1747239405886 5.454545454545454 480
1747239423820 5.568181818181818 490
1747239423820 5.568181818181818 490
1747239441732 5.681818181818182 500
1747239441732 5.681818181818182 500
1747239459606 5.795454545454545 510
1747239459606 5.795454545454545 510
1747239477563 5.909090909090909 520
1747239477563 5.909090909090909 520
1747239495397 6.0 528
1747239495397 6.0 528
1747239496816 6.0 528
1747239496816 6.0 528
