1747238524574 8.246207237243652 10
1747238524575 8.246207237243652 10
1747238548092 4.227814197540283 20
1747238548092 4.227814197540283 20
1747238567164 1.2404886484146118 30
1747238567164 1.2404886484146118 30
1747238585037 25.602930068969727 40
1747238585037 25.602930068969727 40
1747238602866 7.504977226257324 50
1747238602866 7.504977226257324 50
1747238620766 0.7284834980964661 60
1747238620766 0.7284834980964661 60
1747238638601 53.8856315612793 70
1747238638601 53.8856315612793 70
1747238657918 0.5183416604995728 80
1747238657919 0.5183416604995728 80
1747238680756 0.5585760474205017 90
1747238680756 0.5585760474205017 90
1747238698792 23.264904022216797 100
1747238698808 23.264904022216797 100
1747238716685 70.05262756347656 110
1747238716685 70.05262756347656 110
1747238734588 0.1377277672290802 120
1747238734588 0.1377277672290802 120
1747238752580 0.07964395731687546 130
1747238752582 0.07964395731687546 130
1747238770547 0.06816864013671875 140
1747238770547 0.06816864013671875 140
1747238789505 0.07810033857822418 150
1747238789507 0.07810033857822418 150
1747238807400 0.18083280324935913 160
1747238807400 0.18083280324935913 160
1747238825315 0.5382992625236511 170
1747238825315 0.5382992625236511 170
1747238848456 49.066650390625 180
1747238848456 49.066650390625 180
1747238866392 0.21722638607025146 190
1747238866392 0.21722638607025146 190
1747238884262 0.03483517840504646 200
1747238884262 0.03483517840504646 200
1747238902223 0.04623255878686905 210
1747238902223 0.04623255878686905 210
1747238920084 5.488582134246826 220
1747238920084 5.488582134246826 220
1747238937969 0.08241342753171921 230
1747238937969 0.08241342753171921 230
1747238955842 1.1196579933166504 240
1747238955842 1.1196579933166504 240
1747238973709 0.02699822373688221 250
1747238973709 0.02699822373688221 250
1747238991583 59.091468811035156 260
1747238991583 59.091468811035156 260
1747239014575 0.054069843143224716 270
1747239014575 0.054069843143224716 270
1747239033817 0.8448898792266846 280
1747239033817 0.8448898792266846 280
1747239051707 0.017285361886024475 290
1747239051707 0.017285361886024475 290
1747239069620 0.028894267976284027 300
1747239069620 0.028894267976284027 300
1747239087498 0.054885417222976685 310
1747239087498 0.054885417222976685 310
1747239105440 0.013886346481740475 320
1747239105440 0.013886346481740475 320
1747239123332 0.01239718683063984 330
1747239123332 0.01239718683063984 330
1747239141246 0.10703437775373459 340
1747239141246 0.10703437775373459 340
1747239160484 57.84609603881836 350
1747239160484 57.84609603881836 350
1747239183434 0.07711078226566315 360
1747239183434 0.07711078226566315 360
1747239201434 0.016006603837013245 370
1747239201434 0.016006603837013245 370
1747239219368 8.687152862548828 380
1747239219368 8.687152862548828 380
1747239237320 0.015050065703690052 390
1747239237320 0.015050065703690052 390
1747239256509 0.009045703336596489 400
1747239256509 0.009045703336596489 400
1747239274377 0.023276759311556816 410
1747239274377 0.023276759311556816 410
1747239292309 0.0075911846943199635 420
1747239292309 0.0075911846943199635 420
1747239311142 0.008088055066764355 430
1747239311142 0.008088055066764355 430
1747239327749 0.006917065009474754 440
1747239327749 0.006917065009474754 440
1747239352145 0.010940606705844402 450
1747239352145 0.010940606705844402 450
1747239370114 0.0055422610603272915 460
1747239370114 0.0055422610603272915 460
1747239387975 0.006259155925363302 470
1747239387975 0.006259155925363302 470
1747239405886 0.005824252497404814 480
1747239405886 0.005824252497404814 480
1747239423820 0.004644641187041998 490
1747239423820 0.004644641187041998 490
1747239441732 0.007734783925116062 500
1747239441732 0.007734783925116062 500
1747239459606 0.005586367100477219 510
1747239459606 0.005586367100477219 510
1747239477563 0.005095208995044231 520
1747239477563 0.005095208995044231 520
