1747238524574 4.943181818181818e-05 10
1747238524575 4.943181818181818e-05 10
1747238548092 4.886363636363637e-05 20
1747238548092 4.886363636363637e-05 20
1747238567164 4.829545454545455e-05 30
1747238567164 4.829545454545455e-05 30
1747238585037 4.772727272727273e-05 40
1747238585037 4.772727272727273e-05 40
1747238602866 4.715909090909091e-05 50
1747238602866 4.715909090909091e-05 50
1747238620766 4.659090909090909e-05 60
1747238620766 4.659090909090909e-05 60
1747238638601 4.602272727272727e-05 70
1747238638601 4.602272727272727e-05 70
1747238657918 4.545454545454546e-05 80
1747238657919 4.545454545454546e-05 80
1747238680756 4.488636363636364e-05 90
1747238680756 4.488636363636364e-05 90
1747238698792 4.431818181818182e-05 100
1747238698808 4.431818181818182e-05 100
1747238716685 4.375e-05 110
1747238716685 4.375e-05 110
1747238734588 4.318181818181819e-05 120
1747238734588 4.318181818181819e-05 120
1747238752580 4.261363636363637e-05 130
1747238752582 4.261363636363637e-05 130
1747238770547 4.204545454545455e-05 140
1747238770547 4.204545454545455e-05 140
1747238789505 4.1477272727272734e-05 150
1747238789507 4.1477272727272734e-05 150
1747238807400 4.0909090909090915e-05 160
1747238807400 4.0909090909090915e-05 160
1747238825315 4.034090909090909e-05 170
1747238825315 4.034090909090909e-05 170
1747238848456 3.9772727272727275e-05 180
1747238848456 3.9772727272727275e-05 180
1747238866392 3.9204545454545456e-05 190
1747238866392 3.9204545454545456e-05 190
1747238884262 3.8636363636363636e-05 200
1747238884262 3.8636363636363636e-05 200
1747238902223 3.8068181818181816e-05 210
1747238902223 3.8068181818181816e-05 210
1747238920084 3.7500000000000003e-05 220
1747238920084 3.7500000000000003e-05 220
1747238937969 3.6931818181818184e-05 230
1747238937969 3.6931818181818184e-05 230
1747238955842 3.6363636363636364e-05 240
1747238955842 3.6363636363636364e-05 240
1747238973709 3.579545454545455e-05 250
1747238973709 3.579545454545455e-05 250
1747238991583 3.522727272727273e-05 260
1747238991583 3.522727272727273e-05 260
1747239014575 3.465909090909091e-05 270
1747239014575 3.465909090909091e-05 270
1747239033817 3.409090909090909e-05 280
1747239033817 3.409090909090909e-05 280
1747239051707 3.352272727272727e-05 290
1747239051707 3.352272727272727e-05 290
1747239069620 3.295454545454545e-05 300
1747239069620 3.295454545454545e-05 300
1747239087498 3.238636363636364e-05 310
1747239087498 3.238636363636364e-05 310
1747239105440 3.181818181818182e-05 320
1747239105440 3.181818181818182e-05 320
1747239123332 3.125e-05 330
1747239123332 3.125e-05 330
1747239141246 3.068181818181818e-05 340
1747239141246 3.068181818181818e-05 340
1747239160484 3.0113636363636365e-05 350
1747239160484 3.0113636363636365e-05 350
1747239183434 2.954545454545455e-05 360
1747239183434 2.954545454545455e-05 360
1747239201434 2.8977272727272732e-05 370
1747239201434 2.8977272727272732e-05 370
1747239219368 2.8409090909090912e-05 380
1747239219368 2.8409090909090912e-05 380
1747239237320 2.784090909090909e-05 390
1747239237320 2.784090909090909e-05 390
1747239256509 2.7272727272727273e-05 400
1747239256509 2.7272727272727273e-05 400
1747239274377 2.6704545454545453e-05 410
1747239274377 2.6704545454545453e-05 410
1747239292309 2.6136363636363637e-05 420
1747239292309 2.6136363636363637e-05 420
1747239311142 2.5568181818181817e-05 430
1747239311142 2.5568181818181817e-05 430
1747239327749 2.5e-05 440
1747239327749 2.5e-05 440
1747239352145 2.4431818181818185e-05 450
1747239352145 2.4431818181818185e-05 450
1747239370114 2.3863636363636365e-05 460
1747239370114 2.3863636363636365e-05 460
1747239387975 2.3295454545454546e-05 470
1747239387975 2.3295454545454546e-05 470
1747239405886 2.272727272727273e-05 480
1747239405886 2.272727272727273e-05 480
1747239423820 2.215909090909091e-05 490
1747239423820 2.215909090909091e-05 490
1747239441732 2.1590909090909093e-05 500
1747239441732 2.1590909090909093e-05 500
1747239459606 2.1022727272727274e-05 510
1747239459606 2.1022727272727274e-05 510
1747239477563 2.0454545454545457e-05 520
1747239477563 2.0454545454545457e-05 520
