1747238524574 0.5119 10
1747238524575 0.5119 10
1747238548092 0.2618 20
1747238548092 0.2618 20
1747238567164 0.1713 30
1747238567164 0.1713 30
1747238585037 0.2134 40
1747238585037 0.2134 40
1747238602866 0.2442 50
1747238602866 0.2442 50
1747238620766 0.2973 60
1747238620766 0.2973 60
1747238638601 0.1732 70
1747238638601 0.1732 70
1747238657918 0.146 80
1747238657919 0.146 80
1747238680756 0.2422 90
1747238680756 0.2422 90
1747238698792 0.0752 100
1747238698808 0.0752 100
1747238716685 0.1299 110
1747238716685 0.1299 110
1747238734588 0.0497 120
1747238734588 0.0497 120
1747238752580 0.0088 130
1747238752582 0.0088 130
1747238770547 0.1232 140
1747238770547 0.1232 140
1747238789505 0.1022 150
1747238789507 0.1022 150
1747238807400 0.1934 160
1747238807400 0.1934 160
1747238825315 0.1155 170
1747238825315 0.1155 170
1747238848456 0.0837 180
1747238848456 0.0837 180
1747238866392 0.0882 190
1747238866392 0.0882 190
1747238884262 0.002 200
1747238884262 0.002 200
1747238902223 0.079 210
1747238902223 0.079 210
1747238920084 0.0642 220
1747238920084 0.0642 220
1747238937969 0.118 230
1747238937969 0.118 230
1747238955842 0.1228 240
1747238955842 0.1228 240
1747238973709 0.0012 250
1747238973709 0.0012 250
1747238991583 0.4543 260
1747238991583 0.4543 260
1747239014575 0.0682 270
1747239014575 0.0682 270
1747239033817 0.0612 280
1747239033817 0.0612 280
1747239051707 0.0007 290
1747239051707 0.0007 290
1747239069620 0.0843 300
1747239069620 0.0843 300
1747239087498 0.067 310
1747239087498 0.067 310
1747239105440 0.0019 320
1747239105440 0.0019 320
1747239123332 0.0007 330
1747239123332 0.0007 330
1747239141246 0.0009 340
1747239141246 0.0009 340
1747239160484 0.0892 350
1747239160484 0.0892 350
1747239183434 0.0738 360
1747239183434 0.0738 360
1747239201434 0.0004 370
1747239201434 0.0004 370
1747239219368 0.0017 380
1747239219368 0.0017 380
1747239237320 0.0066 390
1747239237320 0.0066 390
1747239256509 0.0483 400
1747239256509 0.0483 400
1747239274377 0.0003 410
1747239274377 0.0003 410
1747239292309 0.0228 420
1747239292309 0.0228 420
1747239311142 0.0003 430
1747239311142 0.0003 430
1747239327749 0.0009 440
1747239327749 0.0009 440
1747239352145 0.0302 450
1747239352145 0.0302 450
1747239370114 0.0002 460
1747239370114 0.0002 460
1747239387975 0.0002 470
1747239387975 0.0002 470
1747239405886 0.0002 480
1747239405886 0.0002 480
1747239423820 0.0002 490
1747239423820 0.0002 490
1747239441732 0.0015 500
1747239441732 0.0015 500
1747239459606 0.0002 510
1747239459606 0.0002 510
1747239477563 0.0004 520
1747239477563 0.0004 520
