1747387081143 0.22727272727272727 10
1747387081143 0.22727272727272727 10
1747387086539 0.45454545454545453 20
1747387086539 0.45454545454545453 20
1747387090329 0.6818181818181818 30
1747387090329 0.6818181818181818 30
1747387094145 0.9090909090909091 40
1747387094145 0.9090909090909091 40
1747387096670 1.0 44
1747387096670 1.0 44
1747387100493 1.1363636363636362 50
1747387100493 1.1363636363636362 50
1747387104346 1.3636363636363638 60
1747387104346 1.3636363636363638 60
1747387108195 1.5909090909090908 70
1747387108195 1.5909090909090908 70
1747387112077 1.8181818181818183 80
1747387112077 1.8181818181818183 80
1747387116134 2.0 88
1747387116134 2.0 88
1747387118248 2.0454545454545454 90
1747387118248 2.0454545454545454 90
1747387122225 2.2727272727272725 100
1747387122225 2.2727272727272725 100
1747387126332 2.5 110
1747387126332 2.5 110
1747387130294 2.7272727272727275 120
1747387130294 2.7272727272727275 120
1747387134295 2.9545454545454546 130
1747387134295 2.9545454545454546 130
1747387136103 3.0 132
1747387136101 3.0 132
1747387140854 3.1818181818181817 140
1747387140855 3.1818181818181817 140
1747387146436 3.409090909090909 150
1747387146436 3.409090909090909 150
1747387150331 3.6363636363636362 160
1747387150331 3.6363636363636362 160
1747387154304 3.8636363636363638 170
1747387154304 3.8636363636363638 170
1747387157671 4.0 176
1747387157671 4.0 176
1747387160749 4.090909090909091 180
1747387160749 4.090909090909091 180
1747387166308 4.318181818181818 190
1747387166310 4.318181818181818 190
1747387171905 4.545454545454545 200
1747387171905 4.545454545454545 200
1747387175815 4.7727272727272725 210
1747387175815 4.7727272727272725 210
1747387181217 5.0 220
1747387181217 5.0 220
1747387182387 5.0 220
1747387182389 5.0 220
1747387189697 5.2272727272727275 230
1747387189697 5.2272727272727275 230
1747387193558 5.454545454545454 240
1747387193551 5.454545454545454 240
1747387197411 5.681818181818182 250
1747387197411 5.681818181818182 250
1747387204611 5.909090909090909 260
1747387204611 5.909090909090909 260
1747387207183 6.0 264
1747387207185 6.0 264
1747387212988 6.136363636363637 270
1747387212988 6.136363636363637 270
1747387217045 6.363636363636363 280
1747387217045 6.363636363636363 280
1747387222661 6.590909090909091 290
1747387222662 6.590909090909091 290
1747387226784 6.818181818181818 300
1747387226784 6.818181818181818 300
1747387232624 7.0 308
1747387232624 7.0 308
1747387234233 7.0 308
1747387234233 7.0 308
