1747387081143 2.5474421977996826 10
1747387081143 2.5474421977996826 10
1747387086539 2.5815348625183105 20
1747387086539 2.5815348625183105 20
1747387090329 2.446622610092163 30
1747387090329 2.446622610092163 30
1747387094145 3.442502975463867 40
1747387094145 3.442502975463867 40
1747387100493 8.298652648925781 50
1747387100493 8.298652648925781 50
1747387104346 4.643157958984375 60
1747387104346 4.643157958984375 60
1747387108195 3.7655086517333984 70
1747387108195 3.7655086517333984 70
1747387112077 3.6479196548461914 80
1747387112077 3.6479196548461914 80
1747387118248 4.033153057098389 90
1747387118248 4.033153057098389 90
1747387122225 4.947754383087158 100
1747387122225 4.947754383087158 100
1747387126332 6.339501857757568 110
1747387126332 6.339501857757568 110
1747387130294 4.895643711090088 120
1747387130294 4.895643711090088 120
1747387134295 11.5330228805542 130
1747387134295 11.5330228805542 130
1747387140854 23.096410751342773 140
1747387140855 23.096410751342773 140
1747387146436 13.19621753692627 150
1747387146436 13.19621753692627 150
1747387150331 6.085373401641846 160
1747387150331 6.085373401641846 160
1747387154304 7.020578384399414 170
1747387154304 7.020578384399414 170
1747387160749 33.63121032714844 180
1747387160749 33.63121032714844 180
1747387166308 55.46575164794922 190
1747387166310 55.46575164794922 190
1747387171905 9.235278129577637 200
1747387171905 9.235278129577637 200
1747387175815 3.8212835788726807 210
1747387175815 3.8212835788726807 210
1747387181217 14.615330696105957 220
1747387181217 14.615330696105957 220
1747387189697 0.7833957076072693 230
1747387189697 0.7833957076072693 230
1747387193558 3.6749186515808105 240
1747387193551 3.6749186515808105 240
1747387197411 0.4826338589191437 250
1747387197411 0.4826338589191437 250
1747387204611 0.2774149179458618 260
1747387204611 0.2774149179458618 260
1747387212988 0.38244521617889404 270
1747387212988 0.38244521617889404 270
1747387217045 32.536529541015625 280
1747387217045 32.536529541015625 280
1747387222661 39.86386489868164 290
1747387222662 39.86386489868164 290
1747387226784 6.653589248657227 300
1747387226784 6.653589248657227 300
