1747387081143 4.886363636363637e-05 10
1747387081143 4.886363636363637e-05 10
1747387086539 4.772727272727273e-05 20
1747387086539 4.772727272727273e-05 20
1747387090329 4.659090909090909e-05 30
1747387090329 4.659090909090909e-05 30
1747387094145 4.545454545454546e-05 40
1747387094145 4.545454545454546e-05 40
1747387100493 4.431818181818182e-05 50
1747387100493 4.431818181818182e-05 50
1747387104346 4.318181818181819e-05 60
1747387104346 4.318181818181819e-05 60
1747387108195 4.204545454545455e-05 70
1747387108195 4.204545454545455e-05 70
1747387112077 4.0909090909090915e-05 80
1747387112077 4.0909090909090915e-05 80
1747387118248 3.9772727272727275e-05 90
1747387118248 3.9772727272727275e-05 90
1747387122225 3.8636363636363636e-05 100
1747387122225 3.8636363636363636e-05 100
1747387126332 3.7500000000000003e-05 110
1747387126332 3.7500000000000003e-05 110
1747387130294 3.6363636363636364e-05 120
1747387130294 3.6363636363636364e-05 120
1747387134295 3.522727272727273e-05 130
1747387134295 3.522727272727273e-05 130
1747387140854 3.409090909090909e-05 140
1747387140855 3.409090909090909e-05 140
1747387146436 3.295454545454545e-05 150
1747387146436 3.295454545454545e-05 150
1747387150331 3.181818181818182e-05 160
1747387150331 3.181818181818182e-05 160
1747387154304 3.068181818181818e-05 170
1747387154304 3.068181818181818e-05 170
1747387160749 2.954545454545455e-05 180
1747387160749 2.954545454545455e-05 180
1747387166308 2.8409090909090912e-05 190
1747387166310 2.8409090909090912e-05 190
1747387171905 2.7272727272727273e-05 200
1747387171905 2.7272727272727273e-05 200
1747387175815 2.6136363636363637e-05 210
1747387175815 2.6136363636363637e-05 210
1747387181217 2.5e-05 220
1747387181217 2.5e-05 220
1747387189697 2.3863636363636365e-05 230
1747387189697 2.3863636363636365e-05 230
1747387193558 2.272727272727273e-05 240
1747387193551 2.272727272727273e-05 240
1747387197411 2.1590909090909093e-05 250
1747387197411 2.1590909090909093e-05 250
1747387204611 2.0454545454545457e-05 260
1747387204611 2.0454545454545457e-05 260
1747387212988 1.9318181818181818e-05 270
1747387212988 1.9318181818181818e-05 270
1747387217045 1.8181818181818182e-05 280
1747387217045 1.8181818181818182e-05 280
1747387222661 1.7045454545454546e-05 290
1747387222662 1.7045454545454546e-05 290
1747387226784 1.590909090909091e-05 300
1747387226784 1.590909090909091e-05 300
