1747387081143 0.715 10
1747387081143 0.715 10
1747387086539 0.6747 20
1747387086539 0.6747 20
1747387090329 0.6133 30
1747387090329 0.6133 30
1747387094145 0.6431 40
1747387094145 0.6431 40
1747387100493 0.5665 50
1747387100493 0.5665 50
1747387104346 0.6605 60
1747387104346 0.6605 60
1747387108195 0.5985 70
1747387108195 0.5985 70
1747387112077 0.5821 80
1747387112077 0.5821 80
1747387118248 0.4713 90
1747387118248 0.4713 90
1747387122225 0.5071 100
1747387122225 0.5071 100
1747387126332 0.4843 110
1747387126332 0.4843 110
1747387130294 0.4768 120
1747387130294 0.4768 120
1747387134295 0.4985 130
1747387134295 0.4985 130
1747387140854 0.3395 140
1747387140855 0.3395 140
1747387146436 0.3326 150
1747387146436 0.3326 150
1747387150331 0.3312 160
1747387150331 0.3312 160
1747387154304 0.4279 170
1747387154304 0.4279 170
1747387160749 0.2865 180
1747387160749 0.2865 180
1747387166308 0.2568 190
1747387166310 0.2568 190
1747387171905 0.2 200
1747387171905 0.2 200
1747387175815 0.1766 210
1747387175815 0.1766 210
1747387181217 0.2017 220
1747387181217 0.2017 220
1747387189697 0.1384 230
1747387189697 0.1384 230
1747387193558 0.0835 240
1747387193551 0.0835 240
1747387197411 0.0907 250
1747387197411 0.0907 250
1747387204611 0.2047 260
1747387204611 0.2047 260
1747387212988 0.1039 270
1747387212988 0.1039 270
1747387217045 0.2004 280
1747387217045 0.2004 280
1747387222661 0.0091 290
1747387222662 0.0091 290
1747387226784 0.0431 300
1747387226784 0.0431 300
