1747390737348 0.11235955056179775 10
1747390737348 0.11235955056179775 10
1747390741104 0.2247191011235955 20
1747390741104 0.2247191011235955 20
1747390744824 0.33707865168539325 30
1747390744824 0.33707865168539325 30
1747390748561 0.449438202247191 40
1747390748561 0.449438202247191 40
1747390752295 0.5617977528089888 50
1747390752296 0.5617977528089888 50
1747390756022 0.6741573033707865 60
1747390756023 0.6741573033707865 60
1747390763040 0.7865168539325843 70
1747390763042 0.7865168539325843 70
1747390766797 0.898876404494382 80
1747390766797 0.898876404494382 80
1747390774047 1.0 89
1747390774053 1.0 89
1747390775644 1.0112359550561798 90
1747390775659 1.0112359550561798 90
1747390779419 1.1235955056179776 100
1747390779419 1.1235955056179776 100
1747390784846 1.2359550561797752 110
1747390784846 1.2359550561797752 110
1747390788567 1.348314606741573 120
1747390788567 1.348314606741573 120
1747390792309 1.4606741573033708 130
1747390792309 1.4606741573033708 130
1747390796116 1.5730337078651684 140
1747390796118 1.5730337078651684 140
1747390799960 1.6853932584269664 150
1747390799960 1.6853932584269664 150
1747390805370 1.797752808988764 160
1747390805370 1.797752808988764 160
1747390810777 1.9101123595505618 170
1747390810777 1.9101123595505618 170
1747390819251 2.0 178
1747390819251 2.0 178
1747390820911 2.0224719101123596 180
1747390820911 2.0224719101123596 180
1747390824692 2.134831460674157 190
1747390824692 2.134831460674157 190
1747390828429 2.247191011235955 200
1747390828429 2.247191011235955 200
1747390832212 2.359550561797753 210
1747390832212 2.359550561797753 210
1747390835970 2.4719101123595504 220
1747390835970 2.4719101123595504 220
1747390841383 2.5842696629213484 230
1747390841383 2.5842696629213484 230
1747390845179 2.696629213483146 240
1747390845179 2.696629213483146 240
1747390848974 2.808988764044944 250
1747390848974 2.808988764044944 250
1747390852796 2.9213483146067416 260
1747390852798 2.9213483146067416 260
1747390859372 3.0 267
1747390859372 3.0 267
1747390861810 3.033707865168539 270
1747390861810 3.033707865168539 270
1747390865677 3.146067415730337 280
1747390865677 3.146067415730337 280
1747390869471 3.258426966292135 290
1747390869487 3.258426966292135 290
1747390873279 3.370786516853933 300
1747390873279 3.370786516853933 300
1747390878684 3.4831460674157304 310
1747390878684 3.4831460674157304 310
1747390884174 3.595505617977528 320
1747390884184 3.595505617977528 320
1747390888021 3.7078651685393256 330
1747390888021 3.7078651685393256 330
1747390891822 3.8202247191011236 340
1747390891822 3.8202247191011236 340
1747390895658 3.932584269662921 350
1747390895658 3.932584269662921 350
1747390900208 4.0 356
1747390900208 4.0 356
1747390904482 4.044943820224719 360
1747390904482 4.044943820224719 360
1747390913285 4.157303370786517 370
1747390913285 4.157303370786517 370
1747390917120 4.269662921348314 380
1747390917120 4.269662921348314 380
1747390920932 4.382022471910112 390
1747390920932 4.382022471910112 390
1747390924753 4.49438202247191 400
1747390924753 4.49438202247191 400
1747390928557 4.606741573033708 410
1747390928557 4.606741573033708 410
1747390934116 4.719101123595506 420
1747390934116 4.719101123595506 420
1747390937967 4.831460674157303 430
1747390937982 4.831460674157303 430
1747390943528 4.943820224719101 440
1747390943528 4.943820224719101 440
1747390947673 5.0 445
1747390947673 5.0 445
1747390948862 5.0 445
1747390948862 5.0 445
