1747390737348 1.6075085401535034 10
1747390737348 1.6075085401535034 10
1747390741104 2.9309229850769043 20
1747390741104 2.9309229850769043 20
1747390744824 2.751595973968506 30
1747390744824 2.751595973968506 30
1747390748561 2.2885398864746094 40
1747390748561 2.2885398864746094 40
1747390752295 1.7402287721633911 50
1747390752296 1.7402287721633911 50
1747390756022 3.5129544734954834 60
1747390756023 3.5129544734954834 60
1747390763040 5.258918285369873 70
1747390763042 5.258918285369873 70
1747390766797 4.903243064880371 80
1747390766797 4.903243064880371 80
1747390775644 4.244841575622559 90
1747390775659 4.244841575622559 90
1747390779419 5.215648174285889 100
1747390779419 5.215648174285889 100
1747390784846 3.737549066543579 110
1747390784846 3.737549066543579 110
1747390788567 1.8565009832382202 120
1747390788567 1.8565009832382202 120
1747390792309 4.656580924987793 130
1747390792309 4.656580924987793 130
1747390796116 4.554703712463379 140
1747390796118 4.554703712463379 140
1747390799960 3.006056308746338 150
1747390799960 3.006056308746338 150
1747390805370 4.312193870544434 160
1747390805370 4.312193870544434 160
1747390810777 4.602548122406006 170
1747390810777 4.602548122406006 170
1747390820911 1.9508217573165894 180
1747390820911 1.9508217573165894 180
1747390824692 8.006799697875977 190
1747390824692 8.006799697875977 190
1747390828429 8.646719932556152 200
1747390828429 8.646719932556152 200
1747390832212 0.12898093461990356 210
1747390832212 0.12898093461990356 210
1747390835970 11.306953430175781 220
1747390835970 11.306953430175781 220
1747390841383 11.982551574707031 230
1747390841383 11.982551574707031 230
1747390845179 10.693499565124512 240
1747390845179 10.693499565124512 240
1747390848974 0.8036549687385559 250
1747390848974 0.8036549687385559 250
1747390852796 7.611086845397949 260
1747390852798 7.611086845397949 260
1747390861810 1.1473536491394043 270
1747390861810 1.1473536491394043 270
1747390865677 0.04923562705516815 280
1747390865677 0.04923562705516815 280
1747390869471 0.038430105894804 290
1747390869487 0.038430105894804 290
1747390873279 0.3950030207633972 300
1747390873279 0.3950030207633972 300
1747390878684 0.024132395163178444 310
1747390878684 0.024132395163178444 310
1747390884174 3.675515651702881 320
1747390884184 3.675515651702881 320
1747390888021 11.543357849121094 330
1747390888021 11.543357849121094 330
1747390891822 0.107949398458004 340
1747390891822 0.107949398458004 340
1747390895658 0.05485425516963005 350
1747390895658 0.05485425516963005 350
1747390904482 0.04098663106560707 360
1747390904482 0.04098663106560707 360
1747390913285 7.215830326080322 370
1747390913285 7.215830326080322 370
1747390917120 0.044525500386953354 380
1747390917120 0.044525500386953354 380
1747390920932 2.5824766159057617 390
1747390920932 2.5824766159057617 390
1747390924753 0.0800110399723053 400
1747390924753 0.0800110399723053 400
1747390928557 0.061531566083431244 410
1747390928557 0.061531566083431244 410
1747390934116 0.16144810616970062 420
1747390934116 0.16144810616970062 420
1747390937967 0.05623292922973633 430
1747390937982 0.05623292922973633 430
1747390943528 0.023895282298326492 440
1747390943528 0.023895282298326492 440
