1747390737348 4.943820224719101e-05 10
1747390737348 4.943820224719101e-05 10
1747390741104 4.8876404494382024e-05 20
1747390741104 4.8876404494382024e-05 20
1747390744824 4.831460674157304e-05 30
1747390744824 4.831460674157304e-05 30
1747390748561 4.7752808988764046e-05 40
1747390748561 4.7752808988764046e-05 40
1747390752295 4.719101123595506e-05 50
1747390752296 4.719101123595506e-05 50
1747390756022 4.662921348314607e-05 60
1747390756023 4.662921348314607e-05 60
1747390763040 4.606741573033708e-05 70
1747390763042 4.606741573033708e-05 70
1747390766797 4.550561797752809e-05 80
1747390766797 4.550561797752809e-05 80
1747390775644 4.4943820224719104e-05 90
1747390775659 4.4943820224719104e-05 90
1747390779419 4.438202247191011e-05 100
1747390779419 4.438202247191011e-05 100
1747390784846 4.3820224719101126e-05 110
1747390784846 4.3820224719101126e-05 110
1747390788567 4.3258426966292134e-05 120
1747390788567 4.3258426966292134e-05 120
1747390792309 4.269662921348315e-05 130
1747390792309 4.269662921348315e-05 130
1747390796116 4.2134831460674156e-05 140
1747390796118 4.2134831460674156e-05 140
1747390799960 4.157303370786517e-05 150
1747390799960 4.157303370786517e-05 150
1747390805370 4.1011235955056184e-05 160
1747390805370 4.1011235955056184e-05 160
1747390810777 4.044943820224719e-05 170
1747390810777 4.044943820224719e-05 170
1747390820911 3.98876404494382e-05 180
1747390820911 3.98876404494382e-05 180
1747390824692 3.9325842696629214e-05 190
1747390824692 3.9325842696629214e-05 190
1747390828429 3.876404494382023e-05 200
1747390828429 3.876404494382023e-05 200
1747390832212 3.8202247191011236e-05 210
1747390832212 3.8202247191011236e-05 210
1747390835970 3.764044943820225e-05 220
1747390835970 3.764044943820225e-05 220
1747390841383 3.7078651685393264e-05 230
1747390841383 3.7078651685393264e-05 230
1747390845179 3.651685393258427e-05 240
1747390845179 3.651685393258427e-05 240
1747390848974 3.595505617977528e-05 250
1747390848974 3.595505617977528e-05 250
1747390852796 3.5393258426966294e-05 260
1747390852798 3.5393258426966294e-05 260
1747390861810 3.483146067415731e-05 270
1747390861810 3.483146067415731e-05 270
1747390865677 3.4269662921348316e-05 280
1747390865677 3.4269662921348316e-05 280
1747390869471 3.370786516853933e-05 290
1747390869487 3.370786516853933e-05 290
1747390873279 3.314606741573034e-05 300
1747390873279 3.314606741573034e-05 300
1747390878684 3.258426966292135e-05 310
1747390878684 3.258426966292135e-05 310
1747390884174 3.202247191011236e-05 320
1747390884184 3.202247191011236e-05 320
1747390888021 3.1460674157303374e-05 330
1747390888021 3.1460674157303374e-05 330
1747390891822 3.089887640449438e-05 340
1747390891822 3.089887640449438e-05 340
1747390895658 3.0337078651685396e-05 350
1747390895658 3.0337078651685396e-05 350
1747390904482 2.9775280898876406e-05 360
1747390904482 2.9775280898876406e-05 360
1747390913285 2.9213483146067417e-05 370
1747390913285 2.9213483146067417e-05 370
1747390917120 2.8651685393258425e-05 380
1747390917120 2.8651685393258425e-05 380
1747390920932 2.8089887640449443e-05 390
1747390920932 2.8089887640449443e-05 390
1747390924753 2.752808988764045e-05 400
1747390924753 2.752808988764045e-05 400
1747390928557 2.696629213483146e-05 410
1747390928557 2.696629213483146e-05 410
1747390934116 2.6404494382022472e-05 420
1747390934116 2.6404494382022472e-05 420
1747390937967 2.5842696629213486e-05 430
1747390937982 2.5842696629213486e-05 430
1747390943528 2.5280898876404497e-05 440
1747390943528 2.5280898876404497e-05 440
