1747390737348 0.6488 10
1747390737348 0.6488 10
1747390741104 0.5754 20
1747390741104 0.5754 20
1747390744824 0.4762 30
1747390744824 0.4762 30
1747390748561 0.5026 40
1747390748561 0.5026 40
1747390752295 0.5607 50
1747390752296 0.5607 50
1747390756022 0.4569 60
1747390756023 0.4569 60
1747390763040 0.3941 70
1747390763042 0.3941 70
1747390766797 0.3359 80
1747390766797 0.3359 80
1747390775644 0.3756 90
1747390775659 0.3756 90
1747390779419 0.2112 100
1747390779419 0.2112 100
1747390784846 0.2367 110
1747390784846 0.2367 110
1747390788567 0.2696 120
1747390788567 0.2696 120
1747390792309 0.1804 130
1747390792309 0.1804 130
1747390796116 0.3297 140
1747390796118 0.3297 140
1747390799960 0.2483 150
1747390799960 0.2483 150
1747390805370 0.309 160
1747390805370 0.309 160
1747390810777 0.2094 170
1747390810777 0.2094 170
1747390820911 0.158 180
1747390820911 0.158 180
1747390824692 0.0921 190
1747390824692 0.0921 190
1747390828429 0.0952 200
1747390828429 0.0952 200
1747390832212 0.0836 210
1747390832212 0.0836 210
1747390835970 0.1577 220
1747390835970 0.1577 220
1747390841383 0.0676 230
1747390841383 0.0676 230
1747390845179 0.1674 240
1747390845179 0.1674 240
1747390848974 0.1082 250
1747390848974 0.1082 250
1747390852796 0.0578 260
1747390852798 0.0578 260
1747390861810 0.0903 270
1747390861810 0.0903 270
1747390865677 0.0484 280
1747390865677 0.0484 280
1747390869471 0.0288 290
1747390869487 0.0288 290
1747390873279 0.0038 300
1747390873279 0.0038 300
1747390878684 0.0028 310
1747390878684 0.0028 310
1747390884174 0.0663 320
1747390884184 0.0663 320
1747390888021 0.0768 330
1747390888021 0.0768 330
1747390891822 0.0524 340
1747390891822 0.0524 340
1747390895658 0.093 350
1747390895658 0.093 350
1747390904482 0.008 360
1747390904482 0.008 360
1747390913285 0.0071 370
1747390913285 0.0071 370
1747390917120 0.0032 380
1747390917120 0.0032 380
1747390920932 0.0203 390
1747390920932 0.0203 390
1747390924753 0.0167 400
1747390924753 0.0167 400
1747390928557 0.0032 410
1747390928557 0.0032 410
1747390934116 0.0327 420
1747390934116 0.0327 420
1747390937967 0.025 430
1747390937982 0.025 430
1747390943528 0.0046 440
1747390943528 0.0046 440
