1747403676277 0.22727272727272727 10
1747403676277 0.22727272727272727 10
1747403679947 0.45454545454545453 20
1747403679947 0.45454545454545453 20
1747403683720 0.6818181818181818 30
1747403683722 0.6818181818181818 30
1747403687437 0.9090909090909091 40
1747403687437 0.9090909090909091 40
1747403689920 1.0 44
1747403689922 1.0 44
1747403693090 1.1363636363636362 50
1747403693090 1.1363636363636362 50
1747403696894 1.3636363636363638 60
1747403696894 1.3636363636363638 60
1747403700712 1.5909090909090908 70
1747403700712 1.5909090909090908 70
1747403704463 1.8181818181818183 80
1747403704463 1.8181818181818183 80
1747403708431 2.0 88
1747403708447 2.0 88
1747403710070 2.0454545454545454 90
1747403710070 2.0454545454545454 90
1747403713864 2.2727272727272725 100
1747403713864 2.2727272727272725 100
1747403717639 2.5 110
1747403717639 2.5 110
1747403721463 2.7272727272727275 120
1747403721465 2.7272727272727275 120
1747403725279 2.9545454545454546 130
1747403725279 2.9545454545454546 130
1747403726972 3.0 132
1747403726972 3.0 132
1747403730895 3.1818181818181817 140
1747403730895 3.1818181818181817 140
1747403734671 3.409090909090909 150
1747403734671 3.409090909090909 150
1747403738467 3.6363636363636362 160
1747403738467 3.6363636363636362 160
1747403742416 3.8636363636363638 170
1747403742416 3.8636363636363638 170
1747403745710 4.0 176
1747403745711 4.0 176
1747403748275 4.090909090909091 180
1747403748275 4.090909090909091 180
1747403752111 4.318181818181818 190
1747403752111 4.318181818181818 190
1747403756051 4.545454545454545 200
1747403756051 4.545454545454545 200
1747403759892 4.7727272727272725 210
1747403759892 4.7727272727272725 210
1747403765196 5.0 220
1747403765196 5.0 220
1747403766372 5.0 220
1747403766372 5.0 220
1747403772821 5.2272727272727275 230
1747403772821 5.2272727272727275 230
1747403776604 5.454545454545454 240
1747403776604 5.454545454545454 240
1747403780452 5.681818181818182 250
1747403780452 5.681818181818182 250
1747403784291 5.909090909090909 260
1747403784291 5.909090909090909 260
1747403786749 6.0 264
1747403786749 6.0 264
1747403787621 6.0 264
1747403787621 6.0 264
