1747403676277 1.3427983522415161 10
1747403676277 1.3427983522415161 10
1747403679947 9.137960433959961 20
1747403679947 9.137960433959961 20
1747403683720 5.799951076507568 30
1747403683722 5.799951076507568 30
1747403687437 6.605718612670898 40
1747403687437 6.605718612670898 40
1747403693090 8.739818572998047 50
1747403693090 8.739818572998047 50
1747403696894 3.9710795879364014 60
1747403696894 3.9710795879364014 60
1747403700712 2.50141978263855 70
1747403700712 2.50141978263855 70
1747403704463 3.505749225616455 80
1747403704463 3.505749225616455 80
1747403710070 9.19859790802002 90
1747403710070 9.19859790802002 90
1747403713864 31.07183074951172 100
1747403713864 31.07183074951172 100
1747403717639 8.307718276977539 110
1747403717639 8.307718276977539 110
1747403721463 11.203766822814941 120
1747403721465 11.203766822814941 120
1747403725279 33.91107177734375 130
1747403725279 33.91107177734375 130
1747403730895 2.7546985149383545 140
1747403730895 2.7546985149383545 140
1747403734671 2.5876893997192383 150
1747403734671 2.5876893997192383 150
1747403738467 38.271888732910156 160
1747403738467 38.271888732910156 160
1747403742416 9.867827415466309 170
1747403742416 9.867827415466309 170
1747403748275 34.363609313964844 180
1747403748275 34.363609313964844 180
1747403752111 34.75013732910156 190
1747403752111 34.75013732910156 190
1747403756051 23.423709869384766 200
1747403756051 23.423709869384766 200
1747403759892 1.2179964780807495 210
1747403759892 1.2179964780807495 210
1747403765196 0.16596102714538574 220
1747403765196 0.16596102714538574 220
1747403772821 6.907433986663818 230
1747403772821 6.907433986663818 230
1747403776604 16.22981834411621 240
1747403776604 16.22981834411621 240
1747403780452 0.39414894580841064 250
1747403780452 0.39414894580841064 250
1747403784291 1.0347983837127686 260
1747403784291 1.0347983837127686 260
