1747403676277 4.886363636363637e-05 10
1747403676277 4.886363636363637e-05 10
1747403679947 4.772727272727273e-05 20
1747403679947 4.772727272727273e-05 20
1747403683720 4.659090909090909e-05 30
1747403683722 4.659090909090909e-05 30
1747403687437 4.545454545454546e-05 40
1747403687437 4.545454545454546e-05 40
1747403693090 4.431818181818182e-05 50
1747403693090 4.431818181818182e-05 50
1747403696894 4.318181818181819e-05 60
1747403696894 4.318181818181819e-05 60
1747403700712 4.204545454545455e-05 70
1747403700712 4.204545454545455e-05 70
1747403704463 4.0909090909090915e-05 80
1747403704463 4.0909090909090915e-05 80
1747403710070 3.9772727272727275e-05 90
1747403710070 3.9772727272727275e-05 90
1747403713864 3.8636363636363636e-05 100
1747403713864 3.8636363636363636e-05 100
1747403717639 3.7500000000000003e-05 110
1747403717639 3.7500000000000003e-05 110
1747403721463 3.6363636363636364e-05 120
1747403721465 3.6363636363636364e-05 120
1747403725279 3.522727272727273e-05 130
1747403725279 3.522727272727273e-05 130
1747403730895 3.409090909090909e-05 140
1747403730895 3.409090909090909e-05 140
1747403734671 3.295454545454545e-05 150
1747403734671 3.295454545454545e-05 150
1747403738467 3.181818181818182e-05 160
1747403738467 3.181818181818182e-05 160
1747403742416 3.068181818181818e-05 170
1747403742416 3.068181818181818e-05 170
1747403748275 2.954545454545455e-05 180
1747403748275 2.954545454545455e-05 180
1747403752111 2.8409090909090912e-05 190
1747403752111 2.8409090909090912e-05 190
1747403756051 2.7272727272727273e-05 200
1747403756051 2.7272727272727273e-05 200
1747403759892 2.6136363636363637e-05 210
1747403759892 2.6136363636363637e-05 210
1747403765196 2.5e-05 220
1747403765196 2.5e-05 220
1747403772821 2.3863636363636365e-05 230
1747403772821 2.3863636363636365e-05 230
1747403776604 2.272727272727273e-05 240
1747403776604 2.272727272727273e-05 240
1747403780452 2.1590909090909093e-05 250
1747403780452 2.1590909090909093e-05 250
1747403784291 2.0454545454545457e-05 260
1747403784291 2.0454545454545457e-05 260
