1747403676277 0.6755 10
1747403676277 0.6755 10
1747403679947 0.6111 20
1747403679947 0.6111 20
1747403683720 0.6405 30
1747403683722 0.6405 30
1747403687437 0.5237 40
1747403687437 0.5237 40
1747403693090 0.4085 50
1747403693090 0.4085 50
1747403696894 0.4696 60
1747403696894 0.4696 60
1747403700712 0.422 70
1747403700712 0.422 70
1747403704463 0.3736 80
1747403704463 0.3736 80
1747403710070 0.2786 90
1747403710070 0.2786 90
1747403713864 0.2722 100
1747403713864 0.2722 100
1747403717639 0.2253 110
1747403717639 0.2253 110
1747403721463 0.2107 120
1747403721465 0.2107 120
1747403725279 0.3088 130
1747403725279 0.3088 130
1747403730895 0.2434 140
1747403730895 0.2434 140
1747403734671 0.2028 150
1747403734671 0.2028 150
1747403738467 0.1838 160
1747403738467 0.1838 160
1747403742416 0.1542 170
1747403742416 0.1542 170
1747403748275 0.2899 180
1747403748275 0.2899 180
1747403752111 0.3536 190
1747403752111 0.3536 190
1747403756051 0.0732 200
1747403756051 0.0732 200
1747403759892 0.2242 210
1747403759892 0.2242 210
1747403765196 0.1012 220
1747403765196 0.1012 220
1747403772821 0.1513 230
1747403772821 0.1513 230
1747403776604 0.0794 240
1747403776604 0.0794 240
1747403780452 0.1041 250
1747403780452 0.1041 250
1747403784291 0.0553 260
1747403784291 0.0553 260
