1747373351365 0.11235955056179775 10
1747373351365 0.11235955056179775 10
1747373355080 0.2247191011235955 20
1747373355080 0.2247191011235955 20
1747373358821 0.33707865168539325 30
1747373358822 0.33707865168539325 30
1747373362589 0.449438202247191 40
1747373362589 0.449438202247191 40
1747373366468 0.5617977528089888 50
1747373366469 0.5617977528089888 50
1747373370418 0.6741573033707865 60
1747373370419 0.6741573033707865 60
1747373374236 0.7865168539325843 70
1747373374236 0.7865168539325843 70
1747373377981 0.898876404494382 80
1747373377981 0.898876404494382 80
1747373383689 1.0 89
1747373383689 1.0 89
1747373386082 1.0112359550561798 90
1747373386082 1.0112359550561798 90
1747373392043 1.1235955056179776 100
1747373392043 1.1235955056179776 100
1747373395902 1.2359550561797752 110
1747373395902 1.2359550561797752 110
1747373401558 1.348314606741573 120
1747373401574 1.348314606741573 120
1747373406989 1.4606741573033708 130
1747373406989 1.4606741573033708 130
1747373412394 1.5730337078651684 140
1747373412394 1.5730337078651684 140
1747373416318 1.6853932584269664 150
1747373416318 1.6853932584269664 150
1747373421851 1.797752808988764 160
1747373421851 1.797752808988764 160
1747373425760 1.9101123595505618 170
1747373425760 1.9101123595505618 170
1747373434180 2.0 178
1747373434184 2.0 178
1747373437114 2.0224719101123596 180
1747373437114 2.0224719101123596 180
1747373442542 2.134831460674157 190
1747373442543 2.134831460674157 190
1747373446422 2.247191011235955 200
1747373446423 2.247191011235955 200
1747373451960 2.359550561797753 210
1747373451961 2.359550561797753 210
1747373455838 2.4719101123595504 220
1747373455839 2.4719101123595504 220
1747373459782 2.5842696629213484 230
1747373459782 2.5842696629213484 230
1747373465405 2.696629213483146 240
1747373465405 2.696629213483146 240
1747373469332 2.808988764044944 250
1747373469333 2.808988764044944 250
1747373473227 2.9213483146067416 260
1747373473227 2.9213483146067416 260
1747373478229 3.0 267
1747373478229 3.0 267
1747373480772 3.033707865168539 270
1747373480773 3.033707865168539 270
1747373484681 3.146067415730337 280
1747373484682 3.146067415730337 280
1747373488587 3.258426966292135 290
1747373488588 3.258426966292135 290
1747373492536 3.370786516853933 300
1747373492536 3.370786516853933 300
1747373496367 3.4831460674157304 310
1747373496367 3.4831460674157304 310
1747373500251 3.595505617977528 320
1747373500251 3.595505617977528 320
1747373505830 3.7078651685393256 330
1747373505830 3.7078651685393256 330
1747373510188 3.8202247191011236 340
1747373510188 3.8202247191011236 340
1747373515899 3.932584269662921 350
1747373515899 3.932584269662921 350
1747373520591 4.0 356
1747373520591 4.0 356
1747373522132 4.0 356
1747373522133 4.0 356
