1747373351365 4.339824199676514 10
1747373351365 4.339824199676514 10
1747373355080 3.0075085163116455 20
1747373355080 3.0075085163116455 20
1747373358821 7.182322025299072 30
1747373358822 7.182322025299072 30
1747373362589 11.539403915405273 40
1747373362589 11.539403915405273 40
1747373366468 5.817282199859619 50
1747373366469 5.817282199859619 50
1747373370418 4.129169940948486 60
1747373370419 4.129169940948486 60
1747373374236 6.114887714385986 70
1747373374236 6.114887714385986 70
1747373377981 6.248495101928711 80
1747373377981 6.248495101928711 80
1747373386082 15.084430694580078 90
1747373386082 15.084430694580078 90
1747373392043 10.692883491516113 100
1747373392043 10.692883491516113 100
1747373395902 2.6430323123931885 110
1747373395902 2.6430323123931885 110
1747373401558 4.541656970977783 120
1747373401574 4.541656970977783 120
1747373406989 7.57525110244751 130
1747373406989 7.57525110244751 130
1747373412394 5.130290985107422 140
1747373412394 5.130290985107422 140
1747373416318 5.673615455627441 150
1747373416318 5.673615455627441 150
1747373421851 1.5583518743515015 160
1747373421851 1.5583518743515015 160
1747373425760 0.9994783401489258 170
1747373425760 0.9994783401489258 170
1747373437114 14.698758125305176 180
1747373437114 14.698758125305176 180
1747373442542 6.832894802093506 190
1747373442543 6.832894802093506 190
1747373446422 13.97824478149414 200
1747373446423 13.97824478149414 200
1747373451960 1.5343594551086426 210
1747373451961 1.5343594551086426 210
1747373455838 0.2171725183725357 220
1747373455839 0.2171725183725357 220
1747373459782 3.282817840576172 230
1747373459782 3.282817840576172 230
1747373465405 11.839767456054688 240
1747373465405 11.839767456054688 240
1747373469332 5.01263952255249 250
1747373469333 5.01263952255249 250
1747373473227 27.006061553955078 260
1747373473227 27.006061553955078 260
1747373480772 0.2274724245071411 270
1747373480773 0.2274724245071411 270
1747373484681 0.2918223440647125 280
1747373484682 0.2918223440647125 280
1747373488587 1.579649567604065 290
1747373488588 1.579649567604065 290
1747373492536 1.4639426469802856 300
1747373492536 1.4639426469802856 300
1747373496367 0.021893031895160675 310
1747373496367 0.021893031895160675 310
1747373500251 1.2009468078613281 320
1747373500251 1.2009468078613281 320
1747373505830 0.02069558948278427 330
1747373505830 0.02069558948278427 330
1747373510188 0.2630476653575897 340
1747373510188 0.2630476653575897 340
1747373515899 27.839412689208984 350
1747373515899 27.839412689208984 350
