1747373351365 4.943820224719101e-05 10
1747373351365 4.943820224719101e-05 10
1747373355080 4.8876404494382024e-05 20
1747373355080 4.8876404494382024e-05 20
1747373358821 4.831460674157304e-05 30
1747373358822 4.831460674157304e-05 30
1747373362589 4.7752808988764046e-05 40
1747373362589 4.7752808988764046e-05 40
1747373366468 4.719101123595506e-05 50
1747373366469 4.719101123595506e-05 50
1747373370418 4.662921348314607e-05 60
1747373370419 4.662921348314607e-05 60
1747373374236 4.606741573033708e-05 70
1747373374236 4.606741573033708e-05 70
1747373377981 4.550561797752809e-05 80
1747373377981 4.550561797752809e-05 80
1747373386082 4.4943820224719104e-05 90
1747373386082 4.4943820224719104e-05 90
1747373392043 4.438202247191011e-05 100
1747373392043 4.438202247191011e-05 100
1747373395902 4.3820224719101126e-05 110
1747373395902 4.3820224719101126e-05 110
1747373401558 4.3258426966292134e-05 120
1747373401574 4.3258426966292134e-05 120
1747373406989 4.269662921348315e-05 130
1747373406989 4.269662921348315e-05 130
1747373412394 4.2134831460674156e-05 140
1747373412394 4.2134831460674156e-05 140
1747373416318 4.157303370786517e-05 150
1747373416318 4.157303370786517e-05 150
1747373421851 4.1011235955056184e-05 160
1747373421851 4.1011235955056184e-05 160
1747373425760 4.044943820224719e-05 170
1747373425760 4.044943820224719e-05 170
1747373437114 3.98876404494382e-05 180
1747373437114 3.98876404494382e-05 180
1747373442542 3.9325842696629214e-05 190
1747373442543 3.9325842696629214e-05 190
1747373446422 3.876404494382023e-05 200
1747373446423 3.876404494382023e-05 200
1747373451960 3.8202247191011236e-05 210
1747373451961 3.8202247191011236e-05 210
1747373455838 3.764044943820225e-05 220
1747373455839 3.764044943820225e-05 220
1747373459782 3.7078651685393264e-05 230
1747373459782 3.7078651685393264e-05 230
1747373465405 3.651685393258427e-05 240
1747373465405 3.651685393258427e-05 240
1747373469332 3.595505617977528e-05 250
1747373469333 3.595505617977528e-05 250
1747373473227 3.5393258426966294e-05 260
1747373473227 3.5393258426966294e-05 260
1747373480772 3.483146067415731e-05 270
1747373480773 3.483146067415731e-05 270
1747373484681 3.4269662921348316e-05 280
1747373484682 3.4269662921348316e-05 280
1747373488587 3.370786516853933e-05 290
1747373488588 3.370786516853933e-05 290
1747373492536 3.314606741573034e-05 300
1747373492536 3.314606741573034e-05 300
1747373496367 3.258426966292135e-05 310
1747373496367 3.258426966292135e-05 310
1747373500251 3.202247191011236e-05 320
1747373500251 3.202247191011236e-05 320
1747373505830 3.1460674157303374e-05 330
1747373505830 3.1460674157303374e-05 330
1747373510188 3.089887640449438e-05 340
1747373510188 3.089887640449438e-05 340
1747373515899 3.0337078651685396e-05 350
1747373515899 3.0337078651685396e-05 350
