1747373351365 0.6644 10
1747373351365 0.6644 10
1747373355080 0.6062 20
1747373355080 0.6062 20
1747373358821 0.5718 30
1747373358822 0.5718 30
1747373362589 0.4893 40
1747373362589 0.4893 40
1747373366468 0.581 50
1747373366469 0.581 50
1747373370418 0.5843 60
1747373370419 0.5843 60
1747373374236 0.4247 70
1747373374236 0.4247 70
1747373377981 0.4528 80
1747373377981 0.4528 80
1747373386082 0.3613 90
1747373386082 0.3613 90
1747373392043 0.326 100
1747373392043 0.326 100
1747373395902 0.3646 110
1747373395902 0.3646 110
1747373401558 0.253 120
1747373401574 0.253 120
1747373406989 0.2825 130
1747373406989 0.2825 130
1747373412394 0.1935 140
1747373412394 0.1935 140
1747373416318 0.3839 150
1747373416318 0.3839 150
1747373421851 0.234 160
1747373421851 0.234 160
1747373425760 0.2185 170
1747373425760 0.2185 170
1747373437114 0.2151 180
1747373437114 0.2151 180
1747373442542 0.2673 190
1747373442543 0.2673 190
1747373446422 0.0986 200
1747373446423 0.0986 200
1747373451960 0.1185 210
1747373451961 0.1185 210
1747373455838 0.0573 220
1747373455839 0.0573 220
1747373459782 0.165 230
1747373459782 0.165 230
1747373465405 0.1021 240
1747373465405 0.1021 240
1747373469332 0.074 250
1747373469333 0.074 250
1747373473227 0.239 260
1747373473227 0.239 260
1747373480772 0.2044 270
1747373480773 0.2044 270
1747373484681 0.0844 280
1747373484682 0.0844 280
1747373488587 0.0915 290
1747373488588 0.0915 290
1747373492536 0.0076 300
1747373492536 0.0076 300
1747373496367 0.0197 310
1747373496367 0.0197 310
1747373500251 0.1001 320
1747373500251 0.1001 320
1747373505830 0.0807 330
1747373505830 0.0807 330
1747373510188 0.0982 340
1747373515899 0.0543 350
1747373515899 0.0543 350
