1747403562984 0.22727272727272727 10
1747403562984 0.22727272727272727 10
1747403566805 0.45454545454545453 20
1747403566805 0.45454545454545453 20
1747403573723 0.6818181818181818 30
1747403573727 0.6818181818181818 30
1747403577495 0.9090909090909091 40
1747403577495 0.9090909090909091 40
1747403579923 1.0 44
1747403579923 1.0 44
1747403583071 1.1363636363636362 50
1747403583071 1.1363636363636362 50
1747403586815 1.3636363636363638 60
1747403586815 1.3636363636363638 60
1747403590588 1.5909090909090908 70
1747403590588 1.5909090909090908 70
1747403594335 1.8181818181818183 80
1747403594335 1.8181818181818183 80
1747403598317 2.0 88
1747403598317 2.0 88
1747403600043 2.0454545454545454 90
1747403600043 2.0454545454545454 90
1747403605476 2.2727272727272725 100
1747403605476 2.2727272727272725 100
1747403610892 2.5 110
1747403610908 2.5 110
1747403616211 2.7272727272727275 120
1747403616211 2.7272727272727275 120
1747403619953 2.9545454545454546 130
1747403619953 2.9545454545454546 130
1747403621639 3.0 132
1747403621639 3.0 132
1747403625480 3.1818181818181817 140
1747403625480 3.1818181818181817 140
1747403629209 3.409090909090909 150
1747403629209 3.409090909090909 150
1747403632917 3.6363636363636362 160
1747403632917 3.6363636363636362 160
1747403636646 3.8636363636363638 170
1747403636648 3.8636363636363638 170
1747403639828 4.0 176
1747403639828 4.0 176
1747403640687 4.0 176
1747403640687 4.0 176
