1747403562984 1.9061768054962158 10
1747403562984 1.9061768054962158 10
1747403566805 0.9838998913764954 20
1747403566805 0.9838998913764954 20
1747403573723 1.5935074090957642 30
1747403573727 1.5935074090957642 30
1747403577495 5.507561206817627 40
1747403577495 5.507561206817627 40
1747403583071 10.640124320983887 50
1747403583071 10.640124320983887 50
1747403586815 6.282577991485596 60
1747403586815 6.282577991485596 60
1747403590588 1.903633952140808 70
1747403590588 1.903633952140808 70
1747403594335 16.201345443725586 80
1747403594335 16.201345443725586 80
1747403600043 3.470560312271118 90
1747403600043 3.470560312271118 90
1747403605476 6.915886878967285 100
1747403605476 6.915886878967285 100
1747403610892 12.165400505065918 110
1747403610908 12.165400505065918 110
1747403616211 2.3495419025421143 120
1747403616211 2.3495419025421143 120
1747403619953 3.3045814037323 130
1747403619953 3.3045814037323 130
1747403625480 9.945931434631348 140
1747403625480 9.945931434631348 140
1747403629209 14.216170310974121 150
1747403629209 14.216170310974121 150
1747403632917 6.4857659339904785 160
1747403632917 6.4857659339904785 160
1747403636646 6.661388874053955 170
1747403636648 6.661388874053955 170
