1747403562984 4.886363636363637e-05 10
1747403562984 4.886363636363637e-05 10
1747403566805 4.772727272727273e-05 20
1747403566805 4.772727272727273e-05 20
1747403573723 4.659090909090909e-05 30
1747403573727 4.659090909090909e-05 30
1747403577495 4.545454545454546e-05 40
1747403577495 4.545454545454546e-05 40
1747403583071 4.431818181818182e-05 50
1747403583071 4.431818181818182e-05 50
1747403586815 4.318181818181819e-05 60
1747403586815 4.318181818181819e-05 60
1747403590588 4.204545454545455e-05 70
1747403590588 4.204545454545455e-05 70
1747403594335 4.0909090909090915e-05 80
1747403594335 4.0909090909090915e-05 80
1747403600043 3.9772727272727275e-05 90
1747403600043 3.9772727272727275e-05 90
1747403605476 3.8636363636363636e-05 100
1747403605476 3.8636363636363636e-05 100
1747403610892 3.7500000000000003e-05 110
1747403610908 3.7500000000000003e-05 110
1747403616211 3.6363636363636364e-05 120
1747403616211 3.6363636363636364e-05 120
1747403619953 3.522727272727273e-05 130
1747403619953 3.522727272727273e-05 130
1747403625480 3.409090909090909e-05 140
1747403625480 3.409090909090909e-05 140
1747403629209 3.295454545454545e-05 150
1747403629209 3.295454545454545e-05 150
1747403632917 3.181818181818182e-05 160
1747403632917 3.181818181818182e-05 160
1747403636646 3.068181818181818e-05 170
1747403636648 3.068181818181818e-05 170
