1747403562984 0.6762 10
1747403562984 0.6762 10
1747403566805 0.6515 20
1747403566805 0.6515 20
1747403573723 0.6933 30
1747403573727 0.6933 30
1747403577495 0.5908 40
1747403577495 0.5908 40
1747403583071 0.4559 50
1747403583071 0.4559 50
1747403586815 0.4954 60
1747403586815 0.4954 60
1747403590588 0.5181 70
1747403590588 0.5181 70
1747403594335 0.4735 80
1747403594335 0.4735 80
1747403600043 0.5534 90
1747403600043 0.5534 90
1747403605476 0.248 100
1747403605476 0.248 100
1747403610892 0.3043 110
1747403610908 0.3043 110
1747403616211 0.2846 120
1747403616211 0.2846 120
1747403619953 0.2053 130
1747403619953 0.2053 130
1747403625480 0.3829 140
1747403625480 0.3829 140
1747403629209 0.2307 150
1747403629209 0.2307 150
1747403632917 0.2001 160
1747403632917 0.2001 160
1747403636646 0.1223 170
1747403636648 0.1223 170
