1747404670936 0.11235955056179775 10
1747404670936 0.11235955056179775 10
1747404674705 0.2247191011235955 20
1747404674705 0.2247191011235955 20
1747404680075 0.33707865168539325 30
1747404680075 0.33707865168539325 30
1747404683884 0.449438202247191 40
1747404683884 0.449438202247191 40
1747404687681 0.5617977528089888 50
1747404687681 0.5617977528089888 50
1747404694684 0.6741573033707865 60
1747404694688 0.6741573033707865 60
1747404698742 0.7865168539325843 70
1747404698742 0.7865168539325843 70
1747404704166 0.898876404494382 80
1747404704166 0.898876404494382 80
1747404709838 1.0 89
1747404709838 1.0 89
1747404712590 1.0112359550561798 90
1747404712590 1.0112359550561798 90
1747404719220 1.1235955056179776 100
1747404719220 1.1235955056179776 100
1747404724750 1.2359550561797752 110
1747404724750 1.2359550561797752 110
1747404730300 1.348314606741573 120
1747404730311 1.348314606741573 120
1747404734394 1.4606741573033708 130
1747404734394 1.4606741573033708 130
1747404738414 1.5730337078651684 140
1747404738416 1.5730337078651684 140
1747404742331 1.6853932584269664 150
1747404742331 1.6853932584269664 150
1747404746228 1.797752808988764 160
1747404746228 1.797752808988764 160
1747404750091 1.9101123595505618 170
1747404750091 1.9101123595505618 170
1747404755438 2.0 178
1747404755438 2.0 178
1747404757861 2.0224719101123596 180
1747404757861 2.0224719101123596 180
1747404761746 2.134831460674157 190
1747404761746 2.134831460674157 190
1747404765769 2.247191011235955 200
1747404765769 2.247191011235955 200
1747404769709 2.359550561797753 210
1747404769709 2.359550561797753 210
1747404773639 2.4719101123595504 220
1747404773639 2.4719101123595504 220
1747404779247 2.5842696629213484 230
1747404779263 2.5842696629213484 230
1747404784780 2.696629213483146 240
1747404784781 2.696629213483146 240
1747404790244 2.808988764044944 250
1747404790244 2.808988764044944 250
1747404794194 2.9213483146067416 260
1747404794194 2.9213483146067416 260
1747404799184 3.0 267
1747404799184 3.0 267
1747404802639 3.033707865168539 270
1747404802639 3.033707865168539 270
1747404808199 3.146067415730337 280
1747404808199 3.146067415730337 280
1747404812106 3.258426966292135 290
1747404812106 3.258426966292135 290
1747404817677 3.370786516853933 300
1747404817677 3.370786516853933 300
1747404821592 3.4831460674157304 310
1747404821592 3.4831460674157304 310
1747404825525 3.595505617977528 320
1747404825525 3.595505617977528 320
1747404829443 3.7078651685393256 330
1747404829443 3.7078651685393256 330
1747404833376 3.8202247191011236 340
1747404833376 3.8202247191011236 340
1747404837340 3.932584269662921 350
1747404837340 3.932584269662921 350
1747404843699 4.0 356
1747404843699 4.0 356
1747404847273 4.044943820224719 360
1747404847273 4.044943820224719 360
1747404851291 4.157303370786517 370
1747404851291 4.157303370786517 370
1747404855250 4.269662921348314 380
1747404855250 4.269662921348314 380
1747404860960 4.382022471910112 390
1747404860964 4.382022471910112 390
1747404864906 4.49438202247191 400
1747404864906 4.49438202247191 400
1747404868863 4.606741573033708 410
1747404868863 4.606741573033708 410
1747404872928 4.719101123595506 420
1747404872928 4.719101123595506 420
1747404876895 4.831460674157303 430
1747404876895 4.831460674157303 430
1747404880890 4.943820224719101 440
1747404880890 4.943820224719101 440
1747404885148 5.0 445
1747404885148 5.0 445
1747404889084 5.056179775280899 450
1747404889084 5.056179775280899 450
1747404894687 5.168539325842697 460
1747404894689 5.168539325842697 460
1747404898619 5.280898876404494 470
1747404898619 5.280898876404494 470
1747404902600 5.393258426966292 480
1747404902600 5.393258426966292 480
1747404906557 5.50561797752809 490
1747404906557 5.50561797752809 490
1747404912163 5.617977528089888 500
1747404912163 5.617977528089888 500
1747404916124 5.730337078651686 510
1747404916124 5.730337078651686 510
1747404920847 5.842696629213483 520
1747404920848 5.842696629213483 520
1747404925718 5.955056179775281 530
1747404925718 5.955056179775281 530
1747404929560 6.0 534
1747404929561 6.0 534
1747404933556 6.067415730337078 540
1747404933556 6.067415730337078 540
1747404939052 6.179775280898877 550
1747404939052 6.179775280898877 550
1747404942931 6.292134831460674 560
1747404942931 6.292134831460674 560
1747404948487 6.404494382022472 570
1747404948472 6.404494382022472 570
1747404952377 6.51685393258427 580
1747404952377 6.51685393258427 580
1747404956263 6.629213483146067 590
1747404956263 6.629213483146067 590
1747404960140 6.741573033707866 600
1747404960140 6.741573033707866 600
1747404967292 6.853932584269663 610
1747404967292 6.853932584269663 610
1747404971156 6.966292134831461 620
1747404971156 6.966292134831461 620
1747404976201 7.0 623
1747404976201 7.0 623
1747404980474 7.078651685393258 630
1747404980474 7.078651685393258 630
1747404987601 7.191011235955056 640
1747404987601 7.191011235955056 640
1747404993099 7.303370786516854 650
1747404993099 7.303370786516854 650
1747404998556 7.415730337078652 660
1747404998556 7.415730337078652 660
1747405002401 7.52808988764045 670
1747405002401 7.52808988764045 670
1747405006252 7.640449438202247 680
1747405006252 7.640449438202247 680
1747405010103 7.752808988764045 690
1747405010103 7.752808988764045 690
1747405015615 7.865168539325842 700
1747405015615 7.865168539325842 700
1747405021083 7.97752808988764 710
1747405021083 7.97752808988764 710
1747405024066 8.0 712
1747405024066 8.0 712
1747405028701 8.089887640449438 720
1747405028701 8.089887640449438 720
1747405032567 8.202247191011235 730
1747405032569 8.202247191011235 730
1747405036431 8.314606741573034 740
1747405036433 8.314606741573034 740
1747405040302 8.426966292134832 750
1747405040302 8.426966292134832 750
1747405045818 8.539325842696629 760
1747405045818 8.539325842696629 760
1747405049690 8.651685393258427 770
1747405049692 8.651685393258427 770
1747405053552 8.764044943820224 780
1747405053552 8.764044943820224 780
1747405057434 8.876404494382022 790
1747405057434 8.876404494382022 790
1747405061309 8.98876404494382 800
1747405061311 8.98876404494382 800
1747405063920 9.0 801
1747405063920 9.0 801
1747405070636 9.101123595505618 810
1747405070636 9.101123595505618 810
1747405076127 9.213483146067416 820
1747405076127 9.213483146067416 820
1747405079997 9.325842696629213 830
1747405079997 9.325842696629213 830
1747405087100 9.438202247191011 840
1747405087100 9.438202247191011 840
1747405090957 9.55056179775281 850
1747405090957 9.55056179775281 850
1747405094821 9.662921348314606 860
1747405094821 9.662921348314606 860
1747405099329 9.775280898876405 870
1747405099346 9.775280898876405 870
1747405104216 9.887640449438202 880
1747405104216 9.887640449438202 880
1747405108012 10.0 890
1747405108013 10.0 890
1747405110326 10.0 890
1747405110326 10.0 890
1747405111915 10.0 890
1747405111915 10.0 890
