1747404670936 5.902655124664307 10
1747404670936 5.902655124664307 10
1747404674705 3.7202939987182617 20
1747404674705 3.7202939987182617 20
1747404680075 1.185655951499939 30
1747404680075 1.185655951499939 30
1747404683884 1.5455673933029175 40
1747404683884 1.5455673933029175 40
1747404687681 1.1556066274642944 50
1747404687681 1.1556066274642944 50
1747404694684 2.3171889781951904 60
1747404694688 2.3171889781951904 60
1747404698742 3.2432217597961426 70
1747404698742 3.2432217597961426 70
1747404704166 3.3907742500305176 80
1747404704166 3.3907742500305176 80
1747404712590 11.721395492553711 90
1747404712590 11.721395492553711 90
1747404719220 8.725956916809082 100
1747404719220 8.725956916809082 100
1747404724750 4.7124528884887695 110
1747404724750 4.7124528884887695 110
1747404730300 6.651379108428955 120
1747404730311 6.651379108428955 120
1747404734394 2.547736644744873 130
1747404734394 2.547736644744873 130
1747404738414 3.16850209236145 140
1747404738416 3.16850209236145 140
1747404742331 18.68659210205078 150
1747404742331 18.68659210205078 150
1747404746228 21.499998092651367 160
1747404746228 21.499998092651367 160
1747404750091 7.502518653869629 170
1747404750091 7.502518653869629 170
1747404757861 16.910865783691406 180
1747404757861 16.910865783691406 180
1747404761746 4.7295050621032715 190
1747404761746 4.7295050621032715 190
1747404765769 1.4635039567947388 200
1747404765769 1.4635039567947388 200
1747404769709 1.007185697555542 210
1747404769709 1.007185697555542 210
1747404773639 2.4656689167022705 220
1747404773639 2.4656689167022705 220
1747404779247 46.5743408203125 230
1747404779263 46.5743408203125 230
1747404784780 46.95536422729492 240
1747404784781 46.95536422729492 240
1747404790244 2.798778533935547 250
1747404790244 2.798778533935547 250
1747404794194 5.763134956359863 260
1747404794194 5.763134956359863 260
1747404802639 1.378536581993103 270
1747404802639 1.378536581993103 270
1747404808199 3.0119004249572754 280
1747404808199 3.0119004249572754 280
1747404812106 0.9447003602981567 290
1747404812106 0.9447003602981567 290
1747404817677 3.6575803756713867 300
1747404817677 3.6575803756713867 300
1747404821592 1.361262559890747 310
1747404821592 1.361262559890747 310
1747404825525 1.9673830270767212 320
1747404825525 1.9673830270767212 320
1747404829443 0.6769173741340637 330
1747404829443 0.6769173741340637 330
1747404833376 1.3638476133346558 340
1747404833376 1.3638476133346558 340
1747404837340 0.7106533646583557 350
1747404837340 0.7106533646583557 350
1747404847273 2.651048183441162 360
1747404847273 2.651048183441162 360
1747404851291 3.3366992473602295 370
1747404851291 3.3366992473602295 370
1747404855250 7.799564838409424 380
1747404855250 7.799564838409424 380
1747404860960 14.369810104370117 390
1747404860964 14.369810104370117 390
1747404864906 41.80885314941406 400
1747404864906 41.80885314941406 400
1747404868863 3.077096462249756 410
1747404868863 3.077096462249756 410
1747404872928 4.1172404289245605 420
1747404872928 4.1172404289245605 420
1747404876895 16.82818031311035 430
1747404876895 16.82818031311035 430
1747404880890 2.036747455596924 440
1747404880890 2.036747455596924 440
1747404889084 3.9383199214935303 450
1747404889084 3.9383199214935303 450
1747404894687 6.579863548278809 460
1747404894689 6.579863548278809 460
1747404898619 31.19087791442871 470
1747404898619 31.19087791442871 470
1747404902600 3.2437920570373535 480
1747404902600 3.2437920570373535 480
1747404906557 19.923097610473633 490
1747404906557 19.923097610473633 490
1747404912163 10.840986251831055 500
1747404912163 10.840986251831055 500
1747404916124 10.878941535949707 510
1747404916124 10.878941535949707 510
1747404920847 9.297533988952637 520
1747404920848 9.297533988952637 520
1747404925718 16.06142234802246 530
1747404925718 16.06142234802246 530
1747404933556 4.073598384857178 540
1747404933556 4.073598384857178 540
1747404939052 2.328425168991089 550
1747404939052 2.328425168991089 550
1747404942931 18.25037384033203 560
1747404942931 18.25037384033203 560
1747404948487 98.45472717285156 570
1747404948472 98.45472717285156 570
1747404952377 0.9643477201461792 580
1747404952377 0.9643477201461792 580
1747404956263 1.908413052558899 590
1747404956263 1.908413052558899 590
1747404960140 2.4314804077148438 600
1747404960140 2.4314804077148438 600
1747404967292 2.533093214035034 610
1747404967292 2.533093214035034 610
1747404971156 3.1594464778900146 620
1747404971156 3.1594464778900146 620
1747404980474 3.4013869762420654 630
1747404980474 3.4013869762420654 630
1747404987601 9.490167617797852 640
1747404987601 9.490167617797852 640
1747404993099 5.3818888664245605 650
1747404993099 5.3818888664245605 650
1747404998556 55.30147171020508 660
1747404998556 55.30147171020508 660
1747405002401 3.1532490253448486 670
1747405002401 3.1532490253448486 670
1747405006252 1.6102898120880127 680
1747405006252 1.6102898120880127 680
1747405010103 2.1242337226867676 690
1747405010103 2.1242337226867676 690
1747405015615 35.07748794555664 700
1747405015615 35.07748794555664 700
1747405021083 195.57693481445312 710
1747405021083 195.57693481445312 710
1747405028701 19.126222610473633 720
1747405028701 19.126222610473633 720
1747405032567 4.6159820556640625 730
1747405032569 4.6159820556640625 730
1747405036431 94.77908325195312 740
1747405036433 94.77908325195312 740
1747405040302 2.39400577545166 750
1747405040302 2.39400577545166 750
1747405045818 1.0350797176361084 760
1747405045818 1.0350797176361084 760
1747405049690 59.86330795288086 770
1747405049692 59.86330795288086 770
1747405053552 1.908616542816162 780
1747405053552 1.908616542816162 780
1747405057434 88.81193542480469 790
1747405057434 88.81193542480469 790
1747405061309 13.924697875976562 800
1747405061311 13.924697875976562 800
1747405070636 7.857813358306885 810
1747405070636 7.857813358306885 810
1747405076127 85.10601806640625 820
1747405076127 85.10601806640625 820
1747405079997 9.921331405639648 830
1747405079997 9.921331405639648 830
1747405087100 4.470989227294922 840
1747405087100 4.470989227294922 840
1747405090957 65.50666046142578 850
1747405090957 65.50666046142578 850
1747405094821 9.264476776123047 860
1747405094821 9.264476776123047 860
1747405099329 17.231008529663086 870
1747405099346 17.231008529663086 870
1747405104216 6.72231912612915 880
1747405104216 6.72231912612915 880
1747405108012 9.69643497467041 890
1747405108013 9.69643497467041 890
