1747404670936 4.943820224719101e-05 10
1747404670936 4.943820224719101e-05 10
1747404674705 4.8876404494382024e-05 20
1747404674705 4.8876404494382024e-05 20
1747404680075 4.831460674157304e-05 30
1747404680075 4.831460674157304e-05 30
1747404683884 4.7752808988764046e-05 40
1747404683884 4.7752808988764046e-05 40
1747404687681 4.719101123595506e-05 50
1747404687681 4.719101123595506e-05 50
1747404694684 4.662921348314607e-05 60
1747404694688 4.662921348314607e-05 60
1747404698742 4.606741573033708e-05 70
1747404698742 4.606741573033708e-05 70
1747404704166 4.550561797752809e-05 80
1747404704166 4.550561797752809e-05 80
1747404712590 4.4943820224719104e-05 90
1747404712590 4.4943820224719104e-05 90
1747404719220 4.438202247191011e-05 100
1747404719220 4.438202247191011e-05 100
1747404724750 4.3820224719101126e-05 110
1747404724750 4.3820224719101126e-05 110
1747404730300 4.3258426966292134e-05 120
1747404730311 4.3258426966292134e-05 120
1747404734394 4.269662921348315e-05 130
1747404734394 4.269662921348315e-05 130
1747404738414 4.2134831460674156e-05 140
1747404738416 4.2134831460674156e-05 140
1747404742331 4.157303370786517e-05 150
1747404742331 4.157303370786517e-05 150
1747404746228 4.1011235955056184e-05 160
1747404746228 4.1011235955056184e-05 160
1747404750091 4.044943820224719e-05 170
1747404750091 4.044943820224719e-05 170
1747404757861 3.98876404494382e-05 180
1747404757861 3.98876404494382e-05 180
1747404761746 3.9325842696629214e-05 190
1747404761746 3.9325842696629214e-05 190
1747404765769 3.876404494382023e-05 200
1747404765769 3.876404494382023e-05 200
1747404769709 3.8202247191011236e-05 210
1747404769709 3.8202247191011236e-05 210
1747404773639 3.764044943820225e-05 220
1747404773639 3.764044943820225e-05 220
1747404779247 3.7078651685393264e-05 230
1747404779263 3.7078651685393264e-05 230
1747404784780 3.651685393258427e-05 240
1747404784781 3.651685393258427e-05 240
1747404790244 3.595505617977528e-05 250
1747404790244 3.595505617977528e-05 250
1747404794194 3.5393258426966294e-05 260
1747404794194 3.5393258426966294e-05 260
1747404802639 3.483146067415731e-05 270
1747404802639 3.483146067415731e-05 270
1747404808199 3.4269662921348316e-05 280
1747404808199 3.4269662921348316e-05 280
1747404812106 3.370786516853933e-05 290
1747404812106 3.370786516853933e-05 290
1747404817677 3.314606741573034e-05 300
1747404817677 3.314606741573034e-05 300
1747404821592 3.258426966292135e-05 310
1747404821592 3.258426966292135e-05 310
1747404825525 3.202247191011236e-05 320
1747404825525 3.202247191011236e-05 320
1747404829443 3.1460674157303374e-05 330
1747404829443 3.1460674157303374e-05 330
1747404833376 3.089887640449438e-05 340
1747404833376 3.089887640449438e-05 340
1747404837340 3.0337078651685396e-05 350
1747404837340 3.0337078651685396e-05 350
1747404847273 2.9775280898876406e-05 360
1747404847273 2.9775280898876406e-05 360
1747404851291 2.9213483146067417e-05 370
1747404851291 2.9213483146067417e-05 370
1747404855250 2.8651685393258425e-05 380
1747404855250 2.8651685393258425e-05 380
1747404860960 2.8089887640449443e-05 390
1747404860964 2.8089887640449443e-05 390
1747404864906 2.752808988764045e-05 400
1747404864906 2.752808988764045e-05 400
1747404868863 2.696629213483146e-05 410
1747404868863 2.696629213483146e-05 410
1747404872928 2.6404494382022472e-05 420
1747404872928 2.6404494382022472e-05 420
1747404876895 2.5842696629213486e-05 430
1747404876895 2.5842696629213486e-05 430
1747404880890 2.5280898876404497e-05 440
1747404880890 2.5280898876404497e-05 440
1747404889084 2.4719101123595505e-05 450
1747404889084 2.4719101123595505e-05 450
1747404894687 2.415730337078652e-05 460
1747404894689 2.415730337078652e-05 460
1747404898619 2.359550561797753e-05 470
1747404898619 2.359550561797753e-05 470
1747404902600 2.303370786516854e-05 480
1747404902600 2.303370786516854e-05 480
1747404906557 2.2471910112359552e-05 490
1747404906557 2.2471910112359552e-05 490
1747404912163 2.1910112359550563e-05 500
1747404912163 2.1910112359550563e-05 500
1747404916124 2.1348314606741574e-05 510
1747404916124 2.1348314606741574e-05 510
1747404920847 2.0786516853932585e-05 520
1747404920848 2.0786516853932585e-05 520
1747404925718 2.0224719101123596e-05 530
1747404925718 2.0224719101123596e-05 530
1747404933556 1.9662921348314607e-05 540
1747404933556 1.9662921348314607e-05 540
1747404939052 1.9101123595505618e-05 550
1747404939052 1.9101123595505618e-05 550
1747404942931 1.8539325842696632e-05 560
1747404942931 1.8539325842696632e-05 560
1747404948487 1.797752808988764e-05 570
1747404948472 1.797752808988764e-05 570
1747404952377 1.7415730337078654e-05 580
1747404952377 1.7415730337078654e-05 580
1747404956263 1.6853932584269665e-05 590
1747404956263 1.6853932584269665e-05 590
1747404960140 1.6292134831460676e-05 600
1747404960140 1.6292134831460676e-05 600
1747404967292 1.5730337078651687e-05 610
1747404967292 1.5730337078651687e-05 610
1747404971156 1.5168539325842698e-05 620
1747404971156 1.5168539325842698e-05 620
1747404980474 1.4606741573033709e-05 630
1747404980474 1.4606741573033709e-05 630
1747404987601 1.4044943820224721e-05 640
1747404987601 1.4044943820224721e-05 640
1747404993099 1.348314606741573e-05 650
1747404993099 1.348314606741573e-05 650
1747404998556 1.2921348314606743e-05 660
1747404998556 1.2921348314606743e-05 660
1747405002401 1.2359550561797752e-05 670
1747405002401 1.2359550561797752e-05 670
1747405006252 1.1797752808988765e-05 680
1747405006252 1.1797752808988765e-05 680
1747405010103 1.1235955056179776e-05 690
1747405010103 1.1235955056179776e-05 690
1747405015615 1.0674157303370787e-05 700
1747405015615 1.0674157303370787e-05 700
1747405021083 1.0112359550561798e-05 710
1747405021083 1.0112359550561798e-05 710
1747405028701 9.550561797752809e-06 720
1747405028701 9.550561797752809e-06 720
1747405032567 8.98876404494382e-06 730
1747405032569 8.98876404494382e-06 730
1747405036431 8.426966292134832e-06 740
1747405036433 8.426966292134832e-06 740
1747405040302 7.865168539325843e-06 750
1747405040302 7.865168539325843e-06 750
1747405045818 7.303370786516854e-06 760
1747405045818 7.303370786516854e-06 760
1747405049690 6.741573033707865e-06 770
1747405049692 6.741573033707865e-06 770
1747405053552 6.179775280898876e-06 780
1747405053552 6.179775280898876e-06 780
1747405057434 5.617977528089888e-06 790
1747405057434 5.617977528089888e-06 790
1747405061309 5.056179775280899e-06 800
1747405061311 5.056179775280899e-06 800
1747405070636 4.49438202247191e-06 810
1747405070636 4.49438202247191e-06 810
1747405076127 3.932584269662922e-06 820
1747405076127 3.932584269662922e-06 820
1747405079997 3.3707865168539327e-06 830
1747405079997 3.3707865168539327e-06 830
1747405087100 2.808988764044944e-06 840
1747405087100 2.808988764044944e-06 840
1747405090957 2.247191011235955e-06 850
1747405090957 2.247191011235955e-06 850
1747405094821 1.6853932584269663e-06 860
1747405094821 1.6853932584269663e-06 860
1747405099329 1.1235955056179775e-06 870
1747405099346 1.1235955056179775e-06 870
1747405104216 5.617977528089887e-07 880
1747405104216 5.617977528089887e-07 880
1747405108012 0.0 890
1747405108013 0.0 890
