1747404670936 0.6191 10
1747404670936 0.6191 10
1747404674705 0.6534 20
1747404674705 0.6534 20
1747404680075 0.6517 30
1747404680075 0.6517 30
1747404683884 0.6663 40
1747404687681 0.6754 50
1747404687681 0.6754 50
1747404694684 0.6552 60
1747404694688 0.6552 60
1747404698742 0.611 70
1747404698742 0.611 70
1747404704166 0.5887 80
1747404704166 0.5887 80
1747404712590 0.5524 90
1747404712590 0.5524 90
1747404719220 0.5889 100
1747404719220 0.5889 100
1747404724750 0.5523 110
1747404724750 0.5523 110
1747404730300 0.5565 120
1747404730311 0.5565 120
1747404734394 0.5078 130
1747404734394 0.5078 130
1747404738414 0.5807 140
1747404738416 0.5807 140
1747404742331 0.5516 150
1747404742331 0.5516 150
1747404746228 0.4861 160
1747404746228 0.4861 160
1747404750091 0.4917 170
1747404750091 0.4917 170
1747404757861 0.423 180
1747404757861 0.423 180
1747404761746 0.4869 190
1747404761746 0.4869 190
1747404765769 0.4107 200
1747404765769 0.4107 200
1747404769709 0.5334 210
1747404769709 0.5334 210
1747404773639 0.435 220
1747404773639 0.435 220
1747404779247 0.5023 230
1747404779263 0.5023 230
1747404784780 0.3979 240
1747404784781 0.3979 240
1747404790244 0.4464 250
1747404790244 0.4464 250
1747404794194 0.5723 260
1747404794194 0.5723 260
1747404802639 0.5558 270
1747404802639 0.5558 270
1747404808199 0.4435 280
1747404808199 0.4435 280
1747404812106 0.3734 290
1747404812106 0.3734 290
1747404817677 0.8102 300
1747404817677 0.8102 300
1747404821592 0.6699 310
1747404821592 0.6699 310
1747404825525 0.6514 320
1747404825525 0.6514 320
1747404829443 0.6449 330
1747404829443 0.6449 330
1747404833376 0.5935 340
1747404833376 0.5935 340
1747404837340 0.6174 350
1747404837340 0.6174 350
1747404847273 0.6941 360
1747404847273 0.6941 360
1747404851291 0.6598 370
1747404851291 0.6598 370
1747404855250 0.6052 380
1747404855250 0.6052 380
1747404860960 0.4118 390
1747404860964 0.4118 390
1747404864906 0.5044 400
1747404864906 0.5044 400
1747404868863 0.7781 410
1747404868863 0.7781 410
1747404872928 0.6536 420
1747404872928 0.6536 420
1747404876895 0.5086 430
1747404876895 0.5086 430
1747404880890 0.5393 440
1747404880890 0.5393 440
1747404889084 0.4092 450
1747404889084 0.4092 450
1747404894687 0.4994 460
1747404894689 0.4994 460
1747404898619 0.3789 470
1747404898619 0.3789 470
1747404902600 0.5547 480
1747404902600 0.5547 480
1747404906557 0.4757 490
1747404906557 0.4757 490
1747404912163 0.5067 500
1747404912163 0.5067 500
1747404916124 0.3206 510
1747404916124 0.3206 510
1747404920847 0.3392 520
1747404920848 0.3392 520
1747404925718 0.556 530
1747404925718 0.556 530
1747404933556 0.3196 540
1747404933556 0.3196 540
1747404939052 0.3622 550
1747404939052 0.3622 550
1747404942931 0.3331 560
1747404942931 0.3331 560
1747404948472 0.4234 570
1747404948487 0.4234 570
1747404952377 0.4429 580
1747404952377 0.4429 580
1747404956263 0.4572 590
1747404956263 0.4572 590
1747404960140 0.4394 600
1747404960140 0.4394 600
1747404967292 0.3586 610
1747404967292 0.3586 610
1747404971156 0.2569 620
1747404971156 0.2569 620
1747404980474 0.2817 630
1747404980474 0.2817 630
1747404987601 0.3966 640
1747404987601 0.3966 640
1747404993099 0.3821 650
1747404993099 0.3821 650
1747404998556 0.2458 660
1747404998556 0.2458 660
1747405002401 0.3209 670
1747405002401 0.3209 670
1747405006252 0.3224 680
1747405006252 0.3224 680
1747405010103 0.3674 690
1747405010103 0.3674 690
1747405015615 0.4374 700
1747405015615 0.4374 700
1747405021083 0.3682 710
1747405021083 0.3682 710
1747405028701 0.2883 720
1747405028701 0.2883 720
1747405032567 0.3478 730
1747405032569 0.3478 730
1747405036431 0.2093 740
1747405036433 0.2093 740
1747405040302 0.3667 750
1747405040302 0.3667 750
1747405045818 0.3585 760
1747405045818 0.3585 760
1747405049690 0.2857 770
1747405049692 0.2857 770
1747405053552 0.2665 780
1747405053552 0.2665 780
1747405057434 0.2256 790
1747405057434 0.2256 790
1747405061309 0.2996 800
1747405061311 0.2996 800
1747405070636 0.3039 810
1747405070636 0.3039 810
1747405076127 0.1922 820
1747405076127 0.1922 820
1747405079997 0.2661 830
1747405079997 0.2661 830
1747405087100 0.3706 840
1747405087100 0.3706 840
1747405090957 0.3155 850
1747405090957 0.3155 850
1747405094821 0.267 860
1747405094821 0.267 860
1747405099329 0.3029 870
1747405099346 0.3029 870
1747405104216 0.2619 880
1747405104216 0.2619 880
1747405108012 0.1664 890
1747405108013 0.1664 890
