1747387989715 0.11235955056179775 10
1747387989715 0.11235955056179775 10
1747387993212 0.2247191011235955 20
1747387993212 0.2247191011235955 20
1747387995092 0.33707865168539325 30
1747387995092 0.33707865168539325 30
1747387996994 0.449438202247191 40
1747387996994 0.449438202247191 40
1747387998893 0.5617977528089888 50
1747387998893 0.5617977528089888 50
1747388000875 0.6741573033707865 60
1747388000875 0.6741573033707865 60
1747388002988 0.7865168539325843 70
1747388002988 0.7865168539325843 70
1747388006673 0.898876404494382 80
1747388006674 0.898876404494382 80
1747388009589 1.0 89
1747388009589 1.0 89
1747388010854 1.0112359550561798 90
1747388010856 1.0112359550561798 90
1747388012862 1.1235955056179776 100
1747388012862 1.1235955056179776 100
1747388014784 1.2359550561797752 110
1747388014784 1.2359550561797752 110
1747388018384 1.348314606741573 120
1747388018385 1.348314606741573 120
1747388020408 1.4606741573033708 130
1747388020408 1.4606741573033708 130
1747388024086 1.5730337078651684 140
1747388024087 1.5730337078651684 140
1747388026006 1.6853932584269664 150
1747388026007 1.6853932584269664 150
1747388027942 1.797752808988764 160
1747388027942 1.797752808988764 160
1747388029863 1.9101123595505618 170
1747388029880 1.9101123595505618 170
1747388032528 2.0 178
1747388032528 2.0 178
1747388033939 2.0224719101123596 180
1747388033939 2.0224719101123596 180
1747388035895 2.134831460674157 190
1747388035895 2.134831460674157 190
1747388037895 2.247191011235955 200
1747388037895 2.247191011235955 200
1747388041494 2.359550561797753 210
1747388041494 2.359550561797753 210
1747388045072 2.4719101123595504 220
1747388045072 2.4719101123595504 220
1747388048826 2.5842696629213484 230
1747388048828 2.5842696629213484 230
1747388050767 2.696629213483146 240
1747388050767 2.696629213483146 240
1747388052701 2.808988764044944 250
1747388052701 2.808988764044944 250
1747388054652 2.9213483146067416 260
1747388054652 2.9213483146067416 260
1747388057142 3.0 267
1747388057142 3.0 267
1747388058783 3.033707865168539 270
1747388058783 3.033707865168539 270
1747388062396 3.146067415730337 280
1747388062396 3.146067415730337 280
1747388064447 3.258426966292135 290
1747388064447 3.258426966292135 290
1747388066406 3.370786516853933 300
1747388066406 3.370786516853933 300
1747388068365 3.4831460674157304 310
1747388068365 3.4831460674157304 310
1747388070317 3.595505617977528 320
1747388070317 3.595505617977528 320
1747388073894 3.7078651685393256 330
1747388073894 3.7078651685393256 330
1747388075912 3.8202247191011236 340
1747388075910 3.8202247191011236 340
1747388077882 3.932584269662921 350
1747388077882 3.932584269662921 350
1747388080226 4.0 356
1747388080226 4.0 356
1747388082132 4.044943820224719 360
1747388082132 4.044943820224719 360
1747388085001 4.157303370786517 370
1747388085001 4.157303370786517 370
1747388087809 4.269662921348314 380
1747388087809 4.269662921348314 380
1747388089759 4.382022471910112 390
1747388089759 4.382022471910112 390
1747388091732 4.49438202247191 400
1747388091735 4.49438202247191 400
1747388093659 4.606741573033708 410
1747388093659 4.606741573033708 410
1747388095603 4.719101123595506 420
1747388095603 4.719101123595506 420
1747388097536 4.831460674157303 430
1747388097536 4.831460674157303 430
1747388101337 4.943820224719101 440
1747388101337 4.943820224719101 440
1747388103424 5.0 445
1747388103424 5.0 445
1747388104305 5.0 445
1747388104305 5.0 445
