1747387989715 1.2511845827102661 10
1747387989715 1.2511845827102661 10
1747387993212 0.8806813955307007 20
1747387993212 0.8806813955307007 20
1747387995092 2.9865341186523438 30
1747387995092 2.9865341186523438 30
1747387996994 2.3107526302337646 40
1747387996994 2.3107526302337646 40
1747387998893 5.581884860992432 50
1747387998893 5.581884860992432 50
1747388000875 2.9244000911712646 60
1747388000875 2.9244000911712646 60
1747388002988 3.958361864089966 70
1747388002988 3.958361864089966 70
1747388006673 8.61122989654541 80
1747388006674 8.61122989654541 80
1747388010854 5.112658500671387 90
1747388010856 5.112658500671387 90
1747388012862 7.084481716156006 100
1747388012862 7.084481716156006 100
1747388014784 9.236332893371582 110
1747388014784 9.236332893371582 110
1747388018384 4.083582878112793 120
1747388018385 4.083582878112793 120
1747388020408 5.133232593536377 130
1747388020408 5.133232593536377 130
1747388024086 7.011661529541016 140
1747388024087 7.011661529541016 140
1747388026006 5.1693878173828125 150
1747388026007 5.1693878173828125 150
1747388027942 3.410691022872925 160
1747388027942 3.410691022872925 160
1747388029863 14.150775909423828 170
1747388029880 14.150775909423828 170
1747388033939 1.6810743808746338 180
1747388033939 1.6810743808746338 180
1747388035895 13.059398651123047 190
1747388035895 13.059398651123047 190
1747388037895 3.051243543624878 200
1747388037895 3.051243543624878 200
1747388041494 8.056167602539062 210
1747388041494 8.056167602539062 210
1747388045072 5.8243608474731445 220
1747388045072 5.8243608474731445 220
1747388048826 26.27553939819336 230
1747388048828 26.27553939819336 230
1747388050767 18.007139205932617 240
1747388050767 18.007139205932617 240
1747388052701 5.379539966583252 250
1747388052701 5.379539966583252 250
1747388054652 17.287033081054688 260
1747388054652 17.287033081054688 260
1747388058783 12.04586410522461 270
1747388058783 12.04586410522461 270
1747388062396 4.63367223739624 280
1747388062396 4.63367223739624 280
1747388064447 0.13658681511878967 290
1747388064447 0.13658681511878967 290
1747388066406 0.17824456095695496 300
1747388066406 0.17824456095695496 300
1747388068365 2.9501242637634277 310
1747388068365 2.9501242637634277 310
1747388070317 33.72960662841797 320
1747388070317 33.72960662841797 320
1747388073894 27.44662094116211 330
1747388073894 27.44662094116211 330
1747388075912 12.435389518737793 340
1747388075910 12.435389518737793 340
1747388077882 0.6325741410255432 350
1747388077882 0.6325741410255432 350
1747388082132 0.08160880953073502 360
1747388082132 0.08160880953073502 360
1747388085001 20.128198623657227 370
1747388085001 20.128198623657227 370
1747388087809 0.11278799176216125 380
1747388087809 0.11278799176216125 380
1747388089759 0.05872628837823868 390
1747388089759 0.05872628837823868 390
1747388091732 2.624458074569702 400
1747388091735 2.624458074569702 400
1747388093659 0.04396602883934975 410
1747388093659 0.04396602883934975 410
1747388095603 0.06558455526828766 420
1747388095603 0.06558455526828766 420
1747388097536 0.07582386583089828 430
1747388097536 0.07582386583089828 430
1747388101337 31.055889129638672 440
1747388101337 31.055889129638672 440
