1747387989715 4.943820224719101e-05 10
1747387989715 4.943820224719101e-05 10
1747387993212 4.8876404494382024e-05 20
1747387993212 4.8876404494382024e-05 20
1747387995092 4.831460674157304e-05 30
1747387995092 4.831460674157304e-05 30
1747387996994 4.7752808988764046e-05 40
1747387996994 4.7752808988764046e-05 40
1747387998893 4.719101123595506e-05 50
1747387998893 4.719101123595506e-05 50
1747388000875 4.662921348314607e-05 60
1747388000875 4.662921348314607e-05 60
1747388002988 4.606741573033708e-05 70
1747388002988 4.606741573033708e-05 70
1747388006673 4.550561797752809e-05 80
1747388006674 4.550561797752809e-05 80
1747388010854 4.4943820224719104e-05 90
1747388010856 4.4943820224719104e-05 90
1747388012862 4.438202247191011e-05 100
1747388012862 4.438202247191011e-05 100
1747388014784 4.3820224719101126e-05 110
1747388014784 4.3820224719101126e-05 110
1747388018384 4.3258426966292134e-05 120
1747388018385 4.3258426966292134e-05 120
1747388020408 4.269662921348315e-05 130
1747388020408 4.269662921348315e-05 130
1747388024086 4.2134831460674156e-05 140
1747388024087 4.2134831460674156e-05 140
1747388026006 4.157303370786517e-05 150
1747388026007 4.157303370786517e-05 150
1747388027942 4.1011235955056184e-05 160
1747388027942 4.1011235955056184e-05 160
1747388029863 4.044943820224719e-05 170
1747388029880 4.044943820224719e-05 170
1747388033939 3.98876404494382e-05 180
1747388033939 3.98876404494382e-05 180
1747388035895 3.9325842696629214e-05 190
1747388035895 3.9325842696629214e-05 190
1747388037895 3.876404494382023e-05 200
1747388037895 3.876404494382023e-05 200
1747388041494 3.8202247191011236e-05 210
1747388041494 3.8202247191011236e-05 210
1747388045072 3.764044943820225e-05 220
1747388045072 3.764044943820225e-05 220
1747388048826 3.7078651685393264e-05 230
1747388048828 3.7078651685393264e-05 230
1747388050767 3.651685393258427e-05 240
1747388050767 3.651685393258427e-05 240
1747388052701 3.595505617977528e-05 250
1747388052701 3.595505617977528e-05 250
1747388054652 3.5393258426966294e-05 260
1747388054652 3.5393258426966294e-05 260
1747388058783 3.483146067415731e-05 270
1747388058783 3.483146067415731e-05 270
1747388062396 3.4269662921348316e-05 280
1747388062396 3.4269662921348316e-05 280
1747388064447 3.370786516853933e-05 290
1747388064447 3.370786516853933e-05 290
1747388066406 3.314606741573034e-05 300
1747388066406 3.314606741573034e-05 300
1747388068365 3.258426966292135e-05 310
1747388068365 3.258426966292135e-05 310
1747388070317 3.202247191011236e-05 320
1747388070317 3.202247191011236e-05 320
1747388073894 3.1460674157303374e-05 330
1747388073894 3.1460674157303374e-05 330
1747388075912 3.089887640449438e-05 340
1747388075910 3.089887640449438e-05 340
1747388077882 3.0337078651685396e-05 350
1747388077882 3.0337078651685396e-05 350
1747388082132 2.9775280898876406e-05 360
1747388082132 2.9775280898876406e-05 360
1747388085001 2.9213483146067417e-05 370
1747388085001 2.9213483146067417e-05 370
1747388087809 2.8651685393258425e-05 380
1747388087809 2.8651685393258425e-05 380
1747388089759 2.8089887640449443e-05 390
1747388089759 2.8089887640449443e-05 390
1747388091732 2.752808988764045e-05 400
1747388091735 2.752808988764045e-05 400
1747388093659 2.696629213483146e-05 410
1747388093659 2.696629213483146e-05 410
1747388095603 2.6404494382022472e-05 420
1747388095603 2.6404494382022472e-05 420
1747388097536 2.5842696629213486e-05 430
1747388097536 2.5842696629213486e-05 430
1747388101337 2.5280898876404497e-05 440
1747388101337 2.5280898876404497e-05 440
