1747387989715 0.6209 10
1747387989715 0.6209 10
1747387993212 0.6217 20
1747387993212 0.6217 20
1747387995092 0.6169 30
1747387995092 0.6169 30
1747387996994 0.543 40
1747387996994 0.543 40
1747387998893 0.4647 50
1747387998893 0.4647 50
1747388000875 0.5266 60
1747388000875 0.5266 60
1747388002988 0.471 70
1747388002988 0.471 70
1747388006673 0.5272 80
1747388006674 0.5272 80
1747388010854 0.4161 90
1747388010856 0.4161 90
1747388012862 0.3255 100
1747388012862 0.3255 100
1747388014784 0.3579 110
1747388014784 0.3579 110
1747388018384 0.2981 120
1747388018385 0.2981 120
1747388020408 0.2545 130
1747388020408 0.2545 130
1747388024086 0.4494 140
1747388024087 0.4494 140
1747388026006 0.2472 150
1747388026007 0.2472 150
1747388027942 0.3143 160
1747388027942 0.3143 160
1747388029863 0.2604 170
1747388029880 0.2604 170
1747388033939 0.1973 180
1747388033939 0.1973 180
1747388035895 0.158 190
1747388035895 0.158 190
1747388037895 0.159 200
1747388037895 0.159 200
1747388041494 0.1214 210
1747388041494 0.1214 210
1747388045072 0.0831 220
1747388045072 0.0831 220
1747388048826 0.1666 230
1747388048828 0.1666 230
1747388050767 0.1839 240
1747388050767 0.1839 240
1747388052701 0.1656 250
1747388052701 0.1656 250
1747388054652 0.1671 260
1747388054652 0.1671 260
1747388058783 0.1878 270
1747388058783 0.1878 270
1747388062396 0.0899 280
1747388062396 0.0899 280
1747388064447 0.0473 290
1747388064447 0.0473 290
1747388066406 0.061 300
1747388066406 0.061 300
1747388068365 0.0277 310
1747388068365 0.0277 310
1747388070317 0.063 320
1747388070317 0.063 320
1747388073894 0.1978 330
1747388073894 0.1978 330
1747388075910 0.0709 340
1747388075912 0.0709 340
1747388077882 0.0229 350
1747388077882 0.0229 350
1747388082132 0.1011 360
1747388082132 0.1011 360
1747388085001 0.0664 370
1747388085001 0.0664 370
1747388087809 0.0288 380
1747388087809 0.0288 380
1747388089759 0.0398 390
1747388089759 0.0398 390
1747388091732 0.0666 400
1747388091735 0.0666 400
1747388093659 0.023 410
1747388093659 0.023 410
1747388095603 0.0283 420
1747388095603 0.0283 420
1747388097536 0.0025 430
1747388097536 0.0025 430
1747388101337 0.0091 440
1747388101337 0.0091 440
