1744292221114 0.056179775280898875 10
1744292221113 0.056179775280898875 10
1744292224948 0.11235955056179775 20
1744292224949 0.11235955056179775 20
1744292228789 0.16853932584269662 30
1744292228790 0.16853932584269662 30
1744292232648 0.2247191011235955 40
1744292232650 0.2247191011235955 40
1744292236555 0.2808988764044944 50
1744292236556 0.2808988764044944 50
1744292240450 0.33707865168539325 60
1744292240450 0.33707865168539325 60
1744292244341 0.39325842696629215 70
1744292244342 0.39325842696629215 70
1744292248231 0.449438202247191 80
1744292248231 0.449438202247191 80
1744292252150 0.5056179775280899 90
1744292252151 0.5056179775280899 90
1744292256046 0.5617977528089888 100
1744292256047 0.5617977528089888 100
1744292261475 0.6179775280898876 110
1744292261475 0.6179775280898876 110
1744292265407 0.6741573033707865 120
1744292265408 0.6741573033707865 120
1744292270764 0.7303370786516854 130
1744292270761 0.7303370786516854 130
1744292274913 0.7865168539325843 140
1744292274914 0.7865168539325843 140
1744292278850 0.8426966292134831 150
1744292278851 0.8426966292134831 150
1744292282820 0.898876404494382 160
1744292282821 0.898876404494382 160
1744292288376 0.9550561797752809 170
1744292288377 0.9550561797752809 170
1744292297657 1.0 178
1744292297657 1.0 178
1744292298460 1.0112359550561798 180
1744292298461 1.0112359550561798 180
1744292302450 1.0674157303370786 190
1744292302451 1.0674157303370786 190
1744292308039 1.1235955056179776 200
1744292308040 1.1235955056179776 200
1744292313388 1.1797752808988764 210
1744292313389 1.1797752808988764 210
1744292317394 1.2359550561797752 220
1744292317394 1.2359550561797752 220
1744292323009 1.2921348314606742 230
1744292323010 1.2921348314606742 230
1744292327045 1.348314606741573 240
1744292327043 1.348314606741573 240
1744292332676 1.404494382022472 250
1744292332677 1.404494382022472 250
1744292336661 1.4606741573033708 260
1744292336662 1.4606741573033708 260
1744292343928 1.5168539325842696 270
1744292343929 1.5168539325842696 270
1744292347915 1.5730337078651684 280
1744292347916 1.5730337078651684 280
1744292351927 1.6292134831460674 290
1744292351928 1.6292134831460674 290
1744292355957 1.6853932584269664 300
1744292355957 1.6853932584269664 300
1744292361402 1.7415730337078652 310
1744292361403 1.7415730337078652 310
1744292367062 1.797752808988764 320
1744292367062 1.797752808988764 320
1744292371091 1.8539325842696628 330
1744292371091 1.8539325842696628 330
1744292376734 1.9101123595505618 340
1744292376735 1.9101123595505618 340
1744292382351 1.9662921348314608 350
1744292382352 1.9662921348314608 350
1744292392694 2.0 356
1744292392695 2.0 356
1744292395926 2.0224719101123596 360
1744292395927 2.0224719101123596 360
1744292401534 2.0786516853932584 370
1744292401535 2.0786516853932584 370
1744292407205 2.134831460674157 380
1744292407206 2.134831460674157 380
1744292411219 2.191011235955056 390
1744292411220 2.191011235955056 390
1744292416908 2.247191011235955 400
1744292416909 2.247191011235955 400
1744292422481 2.303370786516854 410
1744292422481 2.303370786516854 410
1744292428101 2.359550561797753 420
1744292428102 2.359550561797753 420
1744292432308 2.4157303370786516 430
1744292432307 2.4157303370786516 430
1744292436359 2.4719101123595504 440
1744292436359 2.4719101123595504 440
1744292440385 2.5280898876404496 450
1744292440386 2.5280898876404496 450
1744292446039 2.5842696629213484 460
1744292446040 2.5842696629213484 460
1744292450095 2.640449438202247 470
1744292450096 2.640449438202247 470
1744292455728 2.696629213483146 480
1744292455729 2.696629213483146 480
1744292459753 2.752808988764045 490
1744292459754 2.752808988764045 490
1744292463842 2.808988764044944 500
1744292463843 2.808988764044944 500
1744292470838 2.865168539325843 510
1744292470839 2.865168539325843 510
1744292476616 2.9213483146067416 520
1744292476617 2.9213483146067416 520
1744292480996 2.9775280898876404 530
1744292480997 2.9775280898876404 530
1744292490335 3.0 534
1744292490339 3.0 534
1744292490333 3.0 534
1744292490332 3.0 534
1744292495238 3.0 534
1744292495239 3.0 534
