1744292221114 3.2866110801696777 10
1744292221113 3.2866110801696777 10
1744292224948 2.085906982421875 20
1744292224949 2.085906982421875 20
1744292228789 3.6839311122894287 30
1744292228790 3.6839311122894287 30
1744292232648 10.095802307128906 40
1744292232650 10.095802307128906 40
1744292236555 3.4851369857788086 50
1744292236556 3.4851369857788086 50
1744292240450 11.58700180053711 60
1744292240450 11.58700180053711 60
1744292244342 6.806433200836182 70
1744292244341 6.806433200836182 70
1744292248231 3.9888246059417725 80
1744292248231 3.9888246059417725 80
1744292252150 9.010567665100098 90
1744292252151 9.010567665100098 90
1744292256046 8.31878662109375 100
1744292256047 8.31878662109375 100
1744292261475 35.21737289428711 110
1744292261475 35.21737289428711 110
1744292265407 11.390115737915039 120
1744292265408 11.390115737915039 120
1744292270761 20.347196578979492 130
1744292270764 20.347196578979492 130
1744292274913 4.806756496429443 140
1744292274914 4.806756496429443 140
1744292278850 13.53639030456543 150
1744292278851 13.53639030456543 150
1744292282820 12.227483749389648 160
1744292282821 12.227483749389648 160
1744292288377 6.435667037963867 170
1744292288376 6.435667037963867 170
1744292298460 0.7576456069946289 180
1744292298461 0.7576456069946289 180
1744292302450 0.671786904335022 190
1744292302451 0.671786904335022 190
1744292308039 10.356058120727539 200
1744292308040 10.356058120727539 200
1744292313388 2.017983913421631 210
1744292313389 2.017983913421631 210
1744292317394 10.69992446899414 220
1744292317394 10.69992446899414 220
1744292323009 5.647178649902344 230
1744292323010 5.647178649902344 230
1744292327045 18.872312545776367 240
1744292327043 18.872312545776367 240
1744292332676 37.38185119628906 250
1744292332677 37.38185119628906 250
1744292336661 22.163000106811523 260
1744292336662 22.163000106811523 260
1744292343928 0.2089495211839676 270
1744292343929 0.2089495211839676 270
1744292347915 12.84335708618164 280
1744292347916 12.84335708618164 280
1744292351927 58.435916900634766 290
1744292351928 58.435916900634766 290
1744292355957 23.909992218017578 300
1744292355957 23.909992218017578 300
1744292361402 0.4073943495750427 310
1744292361403 0.4073943495750427 310
1744292367062 0.30802348256111145 320
1744292367062 0.30802348256111145 320
1744292371091 0.20526692271232605 330
1744292371091 0.20526692271232605 330
1744292376734 11.599595069885254 340
1744292376735 11.599595069885254 340
1744292382351 5.798899173736572 350
1744292382352 5.798899173736572 350
1744292395926 0.26952657103538513 360
1744292395927 0.26952657103538513 360
1744292401534 0.12384788691997528 370
1744292401535 0.12384788691997528 370
1744292407205 0.2972625494003296 380
1744292407206 0.2972625494003296 380
1744292411219 0.08683604001998901 390
1744292411220 0.08683604001998901 390
1744292416908 0.2960357964038849 400
1744292416909 0.2960357964038849 400
1744292422481 0.03443771228194237 410
1744292422481 0.03443771228194237 410
1744292428101 18.278167724609375 420
1744292428102 18.278167724609375 420
1744292432308 10.018240928649902 430
1744292432307 10.018240928649902 430
1744292436359 31.464902877807617 440
1744292436359 31.464902877807617 440
1744292440385 8.980114936828613 450
1744292440386 8.980114936828613 450
1744292446039 0.025705108419060707 460
1744292446040 0.025705108419060707 460
1744292450095 0.026131456717848778 470
1744292450096 0.026131456717848778 470
1744292455728 37.95195388793945 480
1744292455729 37.95195388793945 480
1744292459753 0.24443954229354858 490
1744292459754 0.24443954229354858 490
1744292463842 0.032970767468214035 500
1744292463843 0.032970767468214035 500
1744292470838 0.0442114919424057 510
1744292470839 0.0442114919424057 510
1744292476616 0.045014865696430206 520
1744292476617 0.045014865696430206 520
1744292480996 0.11511091887950897 530
1744292480997 0.11511091887950897 530
1744565056804 3.0250420570373535 10
1744565056806 3.0250420570373535 10
1744565060602 3.840711832046509 20
1744565060603 3.840711832046509 20
1744565066032 6.623621463775635 30
1744565066033 6.623621463775635 30
1744565069910 17.69666862487793 40
1744565069911 17.69666862487793 40
