1747235779380 0.11363636363636363 10
1747235779381 0.11363636363636363 10
1747235788537 0.22727272727272727 20
1747235788538 0.22727272727272727 20
1747235797818 0.3409090909090909 30
1747235797818 0.3409090909090909 30
1747235807039 0.45454545454545453 40
1747235807040 0.45454545454545453 40
1747235816454 0.5681818181818182 50
1747235816455 0.5681818181818182 50
1747235828872 0.6818181818181818 60
1747235828873 0.6818181818181818 60
1747235838088 0.7954545454545454 70
1747235838087 0.7954545454545454 70
1747235847302 0.9090909090909091 80
1747235847303 0.9090909090909091 80
1747235859432 1.0 88
1747235859433 1.0 88
1747235863332 1.0227272727272727 90
1747235863332 1.0227272727272727 90
1747235873041 1.1363636363636362 100
1747235873041 1.1363636363636362 100
1747235882379 1.25 110
1747235882380 1.25 110
1747235891479 1.3636363636363638 120
1747235891480 1.3636363636363638 120
1747235902215 1.4772727272727273 130
1747235902216 1.4772727272727273 130
1747235911522 1.5909090909090908 140
1747235911523 1.5909090909090908 140
1747235920940 1.7045454545454546 150
1747235920941 1.7045454545454546 150
1747235930022 1.8181818181818183 160
1747235930023 1.8181818181818183 160
1747235939373 1.9318181818181817 170
1747235939374 1.9318181818181817 170
1747235949520 2.0 176
1747235949521 2.0 176
1747235955771 2.0454545454545454 180
1747235955772 2.0454545454545454 180
1747235965383 2.159090909090909 190
1747235965384 2.159090909090909 190
1747235976206 2.2727272727272725 200
1747235976206 2.2727272727272725 200
1747235985595 2.3863636363636362 210
1747235985595 2.3863636363636362 210
1747235994943 2.5 220
1747235994944 2.5 220
1747236004340 2.6136363636363638 230
1747236004341 2.6136363636363638 230
1747236013776 2.7272727272727275 240
1747236013777 2.7272727272727275 240
1747236023213 2.840909090909091 250
1747236023213 2.840909090909091 250
1747236032468 2.9545454545454546 260
1747236032469 2.9545454545454546 260
1747236040932 3.0 264
1747236040933 3.0 264
1747236050513 3.0681818181818183 270
1747236050514 3.0681818181818183 270
1747236059768 3.1818181818181817 280
1747236059769 3.1818181818181817 280
1747236069008 3.2954545454545454 290
1747236069007 3.2954545454545454 290
1747236078327 3.409090909090909 300
1747236078327 3.409090909090909 300
1747236087659 3.5227272727272725 310
1747236087659 3.5227272727272725 310
1747236096894 3.6363636363636362 320
1747236096893 3.6363636363636362 320
1747236106237 3.75 330
1747236106238 3.75 330
1747236115585 3.8636363636363638 340
1747236115584 3.8636363636363638 340
1747236124925 3.9772727272727275 350
1747236124926 3.9772727272727275 350
1747236131472 4.0 352
1747236131471 4.0 352
1747236140992 4.090909090909091 360
1747236140992 4.090909090909091 360
1747236150276 4.204545454545454 370
1747236150276 4.204545454545454 370
1747236159603 4.318181818181818 380
1747236159604 4.318181818181818 380
1747236168840 4.431818181818182 390
1747236168841 4.431818181818182 390
1747236178184 4.545454545454545 400
1747236178185 4.545454545454545 400
1747236187405 4.659090909090909 410
1747236187406 4.659090909090909 410
1747236196772 4.7727272727272725 420
1747236196773 4.7727272727272725 420
1747236206193 4.886363636363637 430
1747236206194 4.886363636363637 430
1747236215163 5.0 440
1747236215164 5.0 440
1747236220225 5.0 440
1747236220226 5.0 440
1747236231539 5.113636363636363 450
1747236231538 5.113636363636363 450
1747236242387 5.2272727272727275 460
1747236242388 5.2272727272727275 460
1747236251561 5.340909090909091 470
1747236251562 5.340909090909091 470
1747236261005 5.454545454545454 480
1747236261006 5.454545454545454 480
1747236270339 5.568181818181818 490
1747236270340 5.568181818181818 490
1747236279731 5.681818181818182 500
1747236279732 5.681818181818182 500
1747236289169 5.795454545454545 510
1747236289170 5.795454545454545 510
1747236298528 5.909090909090909 520
1747236298529 5.909090909090909 520
1747236312396 6.0 528
1747236312396 6.0 528
1747236316008 6.0227272727272725 530
1747236316009 6.0227272727272725 530
1747236327490 6.136363636363637 540
1747236327491 6.136363636363637 540
1747236336906 6.25 550
1747236336907 6.25 550
1747236346285 6.363636363636363 560
1747236346286 6.363636363636363 560
1747236355643 6.4772727272727275 570
1747236355644 6.4772727272727275 570
1747236364855 6.590909090909091 580
1747236364856 6.590909090909091 580
1747236374144 6.704545454545455 590
1747236374145 6.704545454545455 590
1747236383390 6.818181818181818 600
1747236383391 6.818181818181818 600
1747236392726 6.931818181818182 610
1747236392726 6.931818181818182 610
1747236402969 7.0 616
1747236402970 7.0 616
1747236404552 7.0 616
1747236404553 7.0 616
