1747235779380 3.2257492542266846 10
1747235779381 3.2257492542266846 10
1747235788537 46.21174240112305 20
1747235788538 46.21174240112305 20
1747235797818 29.55779457092285 30
1747235797818 29.55779457092285 30
1747235807039 1.012239694595337 40
1747235807040 1.012239694595337 40
1747235816454 0.5512604713439941 50
1747235816455 0.5512604713439941 50
1747235828872 0.07521457225084305 60
1747235828873 0.07521457225084305 60
1747235838088 0.04357758164405823 70
1747235838087 0.04357758164405823 70
1747235847302 116.42430114746094 80
1747235847303 116.42430114746094 80
1747235863332 0.0695791095495224 90
1747235863332 0.0695791095495224 90
1747235873041 4.261446952819824 100
1747235873041 4.261446952819824 100
1747235882379 103.19879150390625 110
1747235882380 103.19879150390625 110
1747235891479 0.22445182502269745 120
1747235891480 0.22445182502269745 120
1747235902215 0.17660042643547058 130
1747235902216 0.17660042643547058 130
1747235911522 0.09930793195962906 140
1747235911523 0.09930793195962906 140
1747235920940 0.07178188860416412 150
1747235920941 0.07178188860416412 150
1747235930022 0.0840933546423912 160
1747235930023 0.0840933546423912 160
1747235939373 0.03826647251844406 170
1747235939374 0.03826647251844406 170
1747235955771 0.021424932405352592 180
1747235955772 0.021424932405352592 180
1747235965383 0.016377931460738182 190
1747235965384 0.016377931460738182 190
1747235976206 0.011957047507166862 200
1747235976206 0.011957047507166862 200
1747235985595 0.013340481556952 210
1747235985595 0.013340481556952 210
1747235994943 0.048373349010944366 220
1747235994944 0.048373349010944366 220
1747236004340 153.32650756835938 230
1747236004341 153.32650756835938 230
1747236013776 0.161073699593544 240
1747236013777 0.161073699593544 240
1747236023213 0.1711013913154602 250
1747236023213 0.1711013913154602 250
1747236032468 0.11562947183847427 260
1747236032469 0.11562947183847427 260
1747236050513 0.173370361328125 270
1747236050514 0.173370361328125 270
1747236059768 0.2713213860988617 280
1747236059769 0.2713213860988617 280
1747236069007 24.37765884399414 290
1747236069008 24.37765884399414 290
1747236078327 0.04669080674648285 300
1747236078327 0.04669080674648285 300
1747236087659 0.028330933302640915 310
1747236087659 0.028330933302640915 310
1747236096894 0.06554597616195679 320
1747236096893 0.06554597616195679 320
1747236106237 0.033159926533699036 330
1747236106238 0.033159926533699036 330
1747236115585 0.04760530963540077 340
1747236115584 0.04760530963540077 340
1747236124925 0.04279030114412308 350
1747236124926 0.04279030114412308 350
1747236140992 0.023019149899482727 360
1747236140992 0.023019149899482727 360
1747236150276 0.01675555855035782 370
1747236150276 0.01675555855035782 370
1747236159603 0.02560844086110592 380
1747236159604 0.02560844086110592 380
1747236168840 0.01713838055729866 390
1747236168841 0.01713838055729866 390
1747236178184 0.013189030811190605 400
1747236178185 0.013189030811190605 400
1747236187405 0.019041309133172035 410
1747236187406 0.019041309133172035 410
1747236196772 0.03217684105038643 420
1747236196773 0.03217684105038643 420
1747236206193 0.014590824954211712 430
1747236206194 0.014590824954211712 430
1747236215163 0.02933277189731598 440
1747236215164 0.02933277189731598 440
1747236231539 0.03202500939369202 450
1747236231538 0.03202500939369202 450
1747236242387 0.04350161552429199 460
1747236242388 0.04350161552429199 460
1747236251561 0.035268086940050125 470
1747236251562 0.035268086940050125 470
1747236261005 0.0660901889204979 480
1747236261006 0.0660901889204979 480
1747236270339 0.021994996815919876 490
1747236270340 0.021994996815919876 490
1747236279731 0.04393808916211128 500
1747236279732 0.04393808916211128 500
1747236289169 4.3264689445495605 510
1747236289170 4.3264689445495605 510
1747236298528 0.07630439102649689 520
1747236298529 0.07630439102649689 520
1747236316008 0.04297766834497452 530
1747236316009 0.04297766834497452 530
1747236327490 0.037985995411872864 540
1747236327491 0.037985995411872864 540
1747236336906 0.020968126133084297 550
1747236336907 0.020968126133084297 550
1747236346285 4.384571075439453 560
1747236346286 4.384571075439453 560
1747236355643 0.01304579246789217 570
1747236355644 0.01304579246789217 570
1747236364855 0.02478289045393467 580
1747236364856 0.02478289045393467 580
1747236374144 0.03851320967078209 590
1747236374145 0.03851320967078209 590
1747236383390 0.013856825418770313 600
1747236383391 0.013856825418770313 600
1747236392726 0.02296256087720394 610
1747236392726 0.02296256087720394 610
