1747235779380 9.886363636363637e-05 10
1747235779381 9.886363636363637e-05 10
1747235788537 9.772727272727274e-05 20
1747235788538 9.772727272727274e-05 20
1747235797818 9.65909090909091e-05 30
1747235797818 9.65909090909091e-05 30
1747235807039 9.545454545454546e-05 40
1747235807040 9.545454545454546e-05 40
1747235816454 9.431818181818182e-05 50
1747235816455 9.431818181818182e-05 50
1747235828872 9.318181818181818e-05 60
1747235828873 9.318181818181818e-05 60
1747235838088 9.204545454545454e-05 70
1747235838087 9.204545454545454e-05 70
1747235847302 9.090909090909092e-05 80
1747235847303 9.090909090909092e-05 80
1747235863332 8.977272727272728e-05 90
1747235863332 8.977272727272728e-05 90
1747235873041 8.863636363636364e-05 100
1747235873041 8.863636363636364e-05 100
1747235882379 8.75e-05 110
1747235882380 8.75e-05 110
1747235891479 8.636363636363637e-05 120
1747235891480 8.636363636363637e-05 120
1747235902215 8.522727272727273e-05 130
1747235902216 8.522727272727273e-05 130
1747235911522 8.40909090909091e-05 140
1747235911523 8.40909090909091e-05 140
1747235920940 8.295454545454547e-05 150
1747235920941 8.295454545454547e-05 150
1747235930022 8.181818181818183e-05 160
1747235930023 8.181818181818183e-05 160
1747235939373 8.068181818181818e-05 170
1747235939374 8.068181818181818e-05 170
1747235955771 7.954545454545455e-05 180
1747235955772 7.954545454545455e-05 180
1747235965383 7.840909090909091e-05 190
1747235965384 7.840909090909091e-05 190
1747235976206 7.727272727272727e-05 200
1747235976206 7.727272727272727e-05 200
1747235985595 7.613636363636363e-05 210
1747235985595 7.613636363636363e-05 210
1747235994943 7.500000000000001e-05 220
1747235994944 7.500000000000001e-05 220
1747236004340 7.386363636363637e-05 230
1747236004341 7.386363636363637e-05 230
1747236013776 7.272727272727273e-05 240
1747236013777 7.272727272727273e-05 240
1747236023213 7.15909090909091e-05 250
1747236023213 7.15909090909091e-05 250
1747236032468 7.045454545454546e-05 260
1747236032469 7.045454545454546e-05 260
1747236050513 6.931818181818182e-05 270
1747236050514 6.931818181818182e-05 270
1747236059768 6.818181818181818e-05 280
1747236059769 6.818181818181818e-05 280
1747236069008 6.704545454545455e-05 290
1747236069007 6.704545454545455e-05 290
1747236078327 6.59090909090909e-05 300
1747236078327 6.59090909090909e-05 300
1747236087659 6.477272727272728e-05 310
1747236087659 6.477272727272728e-05 310
1747236096894 6.363636363636364e-05 320
1747236096893 6.363636363636364e-05 320
1747236106237 6.25e-05 330
1747236106238 6.25e-05 330
1747236115585 6.136363636363636e-05 340
1747236115584 6.136363636363636e-05 340
1747236124925 6.022727272727273e-05 350
1747236124926 6.022727272727273e-05 350
1747236140992 5.90909090909091e-05 360
1747236140992 5.90909090909091e-05 360
1747236150276 5.7954545454545464e-05 370
1747236150276 5.7954545454545464e-05 370
1747236159603 5.6818181818181825e-05 380
1747236159604 5.6818181818181825e-05 380
1747236168840 5.568181818181818e-05 390
1747236168841 5.568181818181818e-05 390
1747236178184 5.4545454545454546e-05 400
1747236178185 5.4545454545454546e-05 400
1747236187405 5.340909090909091e-05 410
1747236187406 5.340909090909091e-05 410
1747236196772 5.2272727272727274e-05 420
1747236196773 5.2272727272727274e-05 420
1747236206193 5.1136363636363635e-05 430
1747236206194 5.1136363636363635e-05 430
1747236215163 5e-05 440
1747236215164 5e-05 440
1747236231539 4.886363636363637e-05 450
1747236231538 4.886363636363637e-05 450
1747236242387 4.772727272727273e-05 460
1747236242388 4.772727272727273e-05 460
1747236251561 4.659090909090909e-05 470
1747236251562 4.659090909090909e-05 470
1747236261005 4.545454545454546e-05 480
1747236261006 4.545454545454546e-05 480
1747236270339 4.431818181818182e-05 490
1747236270340 4.431818181818182e-05 490
1747236279731 4.318181818181819e-05 500
1747236279732 4.318181818181819e-05 500
1747236289169 4.204545454545455e-05 510
1747236289170 4.204545454545455e-05 510
1747236298528 4.0909090909090915e-05 520
1747236298529 4.0909090909090915e-05 520
1747236316008 3.9772727272727275e-05 530
1747236316009 3.9772727272727275e-05 530
1747236327490 3.8636363636363636e-05 540
1747236327491 3.8636363636363636e-05 540
1747236336906 3.7500000000000003e-05 550
1747236336907 3.7500000000000003e-05 550
1747236346285 3.6363636363636364e-05 560
1747236346286 3.6363636363636364e-05 560
1747236355643 3.522727272727273e-05 570
1747236355644 3.522727272727273e-05 570
1747236364855 3.409090909090909e-05 580
1747236364856 3.409090909090909e-05 580
1747236374144 3.295454545454545e-05 590
1747236374145 3.295454545454545e-05 590
1747236383390 3.181818181818182e-05 600
1747236383391 3.181818181818182e-05 600
1747236392726 3.068181818181818e-05 610
1747236392726 3.068181818181818e-05 610
