1747235779380 0.7345 10
1747235779381 0.7345 10
1747235788537 0.4617 20
1747235788538 0.4617 20
1747235797818 0.4381 30
1747235797818 0.4381 30
1747235807039 0.1889 40
1747235807040 0.1889 40
1747235816454 0.1813 50
1747235816455 0.1813 50
1747235828872 0.1924 60
1747235828873 0.1924 60
1747235838088 0.2594 70
1747235838087 0.2594 70
1747235847302 0.3523 80
1747235847303 0.3523 80
1747235863332 0.0027 90
1747235863332 0.0027 90
1747235873041 0.3253 100
1747235873041 0.3253 100
1747235882379 0.1847 110
1747235882380 0.1847 110
1747235891479 0.0587 120
1747235891480 0.0587 120
1747235902215 0.0721 130
1747235902216 0.0721 130
1747235911522 0.1918 140
1747235911523 0.1918 140
1747235920940 0.0037 150
1747235920941 0.0037 150
1747235930022 0.1243 160
1747235930023 0.1243 160
1747235939373 0.0016 170
1747235939374 0.0016 170
1747235955771 0.0009 180
1747235955772 0.0009 180
1747235965383 0.1528 190
1747235965384 0.1528 190
1747235976206 0.1354 200
1747235976206 0.1354 200
1747235985595 0.0622 210
1747235985595 0.0622 210
1747235994943 0.0771 220
1747235994944 0.0771 220
1747236004340 0.2378 230
1747236004341 0.2378 230
1747236013776 0.1336 240
1747236013777 0.1336 240
1747236023213 0.1342 250
1747236023213 0.1342 250
1747236032468 0.2087 260
1747236032469 0.2087 260
1747236050513 0.1221 270
1747236050514 0.1221 270
1747236059768 0.1151 280
1747236059769 0.1151 280
1747236069007 0.0469 290
1747236069008 0.0469 290
1747236078327 0.0019 300
1747236078327 0.0019 300
1747236087659 0.0819 310
1747236087659 0.0819 310
1747236096894 0.0015 320
1747236096893 0.0015 320
1747236106237 0.1579 330
1747236106238 0.1579 330
1747236115585 0.0014 340
1747236115584 0.0014 340
1747236124925 0.0014 350
1747236124926 0.0014 350
1747236140992 0.0011 360
1747236140992 0.0011 360
1747236150276 0.0007 370
1747236150276 0.0007 370
1747236159603 0.0006 380
1747236159604 0.0006 380
1747236168840 0.0005 390
1747236168841 0.0005 390
1747236178184 0.0893 400
1747236178185 0.0893 400
1747236187405 0.0008 410
1747236187406 0.0008 410
1747236196772 0.0008 420
1747236196773 0.0008 420
1747236206193 0.0007 430
1747236206194 0.0007 430
1747236215163 0.1715 440
1747236215164 0.1715 440
1747236231539 0.0011 450
1747236231538 0.0011 450
1747236242387 0.0012 460
1747236242388 0.0012 460
1747236251561 0.0751 470
1747236251562 0.0751 470
1747236261005 0.0015 480
1747236261006 0.0015 480
1747236270339 0.0012 490
1747236270340 0.0012 490
1747236279731 0.077 500
1747236279732 0.077 500
1747236289169 0.0774 510
1747236289170 0.0774 510
1747236298528 0.0013 520
1747236298529 0.0013 520
1747236316008 0.0017 530
1747236316009 0.0017 530
1747236327490 0.0013 540
1747236327491 0.0013 540
1747236336906 0.001 550
1747236336907 0.001 550
1747236346285 0.0856 560
1747236346286 0.0856 560
1747236355643 0.0008 570
1747236355644 0.0008 570
1747236364855 0.0786 580
1747236364856 0.0786 580
1747236374144 0.001 590
1747236374145 0.001 590
1747236383390 0.0755 600
1747236383391 0.0755 600
1747236392726 0.0017 610
1747236392726 0.0017 610
