1746808231072 0.056179775280898875 10
1746808231073 0.056179775280898875 10
1746808239148 0.11235955056179775 20
1746808239149 0.11235955056179775 20
1746808247242 0.16853932584269662 30
1746808247243 0.16853932584269662 30
1746808255371 0.2247191011235955 40
1746808255371 0.2247191011235955 40
1746808265098 0.2808988764044944 50
1746808265099 0.2808988764044944 50
1746808273286 0.33707865168539325 60
1746808273287 0.33707865168539325 60
1746808283073 0.39325842696629215 70
1746808283074 0.39325842696629215 70
1746808291289 0.449438202247191 80
1746808291289 0.449438202247191 80
1746808299511 0.5056179775280899 90
1746808299510 0.5056179775280899 90
1746808307733 0.5617977528089888 100
1746808307734 0.5617977528089888 100
1746808317608 0.6179775280898876 110
1746808317609 0.6179775280898876 110
1746808325851 0.6741573033707865 120
1746808325852 0.6741573033707865 120
1746808334148 0.7303370786516854 130
1746808334149 0.7303370786516854 130
1746808342438 0.7865168539325843 140
1746808342439 0.7865168539325843 140
1746808350742 0.8426966292134831 150
1746808350743 0.8426966292134831 150
1746808359041 0.898876404494382 160
1746808359043 0.898876404494382 160
1746808367351 0.9550561797752809 170
1746808367351 0.9550561797752809 170
1746808418877 1.0 178
1746808418878 1.0 178
1746808421913 1.0112359550561798 180
1746808421914 1.0112359550561798 180
1746808430293 1.0674157303370786 190
1746808430293 1.0674157303370786 190
1746808438738 1.1235955056179776 200
1746808438739 1.1235955056179776 200
1746808447099 1.1797752808988764 210
1746808447099 1.1797752808988764 210
1746808455475 1.2359550561797752 220
1746808455476 1.2359550561797752 220
1746808463864 1.2921348314606742 230
1746808463865 1.2921348314606742 230
1746808472225 1.348314606741573 240
1746808472226 1.348314606741573 240
1746808480609 1.404494382022472 250
1746808480609 1.404494382022472 250
1746808488995 1.4606741573033708 260
1746808488996 1.4606741573033708 260
1746808497368 1.5168539325842696 270
1746808497370 1.5168539325842696 270
1746808505743 1.5730337078651684 280
1746808505744 1.5730337078651684 280
1746808514120 1.6292134831460674 290
1746808514121 1.6292134831460674 290
1746808522524 1.6853932584269664 300
1746808522525 1.6853932584269664 300
1746808530928 1.7415730337078652 310
1746808530928 1.7415730337078652 310
1746808540923 1.797752808988764 320
1746808540924 1.797752808988764 320
1746808549290 1.8539325842696628 330
1746808549291 1.8539325842696628 330
1746808557669 1.9101123595505618 340
1746808557670 1.9101123595505618 340
1746808566035 1.9662921348314608 350
1746808566036 1.9662921348314608 350
1746808615728 2.0 356
1746808615729 2.0 356
1746808620496 2.0224719101123596 360
1746808620496 2.0224719101123596 360
1746808628970 2.0786516853932584 370
1746808628971 2.0786516853932584 370
1746808637394 2.134831460674157 380
1746808637394 2.134831460674157 380
1746808645822 2.191011235955056 390
1746808645823 2.191011235955056 390
1746808654252 2.247191011235955 400
1746808654254 2.247191011235955 400
1746808662662 2.303370786516854 410
1746808662663 2.303370786516854 410
1746808671092 2.359550561797753 420
1746808671093 2.359550561797753 420
1746808679533 2.4157303370786516 430
1746808679534 2.4157303370786516 430
1746808687960 2.4719101123595504 440
1746808687960 2.4719101123595504 440
1746808696370 2.5280898876404496 450
1746808696371 2.5280898876404496 450
1746808704798 2.5842696629213484 460
1746808704799 2.5842696629213484 460
1746808713229 2.640449438202247 470
1746808713228 2.640449438202247 470
1746808721653 2.696629213483146 480
1746808721654 2.696629213483146 480
1746808730078 2.752808988764045 490
1746808730078 2.752808988764045 490
1746808738498 2.808988764044944 500
1746808738499 2.808988764044944 500
1746808746943 2.865168539325843 510
1746808746944 2.865168539325843 510
1746808755390 2.9213483146067416 520
1746808755390 2.9213483146067416 520
1746808763822 2.9775280898876404 530
1746808763823 2.9775280898876404 530
1746808813500 3.0 534
1746808813501 3.0 534
1746808819977 3.033707865168539 540
1746808819978 3.033707865168539 540
1746808828413 3.0898876404494384 550
1746808828414 3.0898876404494384 550
1746808836834 3.146067415730337 560
1746808836835 3.146067415730337 560
1746808845252 3.202247191011236 570
1746808845253 3.202247191011236 570
1746808853672 3.258426966292135 580
1746808853672 3.258426966292135 580
1746808862105 3.3146067415730336 590
1746808862105 3.3146067415730336 590
1746808870512 3.370786516853933 600
1746808870512 3.370786516853933 600
1746808878940 3.4269662921348316 610
1746808878941 3.4269662921348316 610
1746808887369 3.4831460674157304 620
1746808887370 3.4831460674157304 620
1746808895787 3.539325842696629 630
1746808895788 3.539325842696629 630
1746808904211 3.595505617977528 640
1746808904212 3.595505617977528 640
1746808912633 3.6516853932584272 650
1746808912634 3.6516853932584272 650
1746808921065 3.7078651685393256 660
1746808921065 3.7078651685393256 660
1746808929504 3.764044943820225 670
1746808929505 3.764044943820225 670
1746808937935 3.8202247191011236 680
1746808937936 3.8202247191011236 680
1746808946358 3.8764044943820224 690
1746808946359 3.8764044943820224 690
1746808954792 3.932584269662921 700
1746808954792 3.932584269662921 700
1746808963228 3.98876404494382 710
1746808963230 3.98876404494382 710
1746809009347 4.0 712
1746809009348 4.0 712
1746809011059 4.0 712
1746809011059 4.0 712
