1746808231072 3.3007917404174805 10
1746808231073 3.3007917404174805 10
1746808239148 6.119049549102783 20
1746808239149 6.119049549102783 20
1746808247242 3.2700557708740234 30
1746808247243 3.2700557708740234 30
1746808255371 1.8115737438201904 40
1746808255371 1.8115737438201904 40
1746808265098 3.269545316696167 50
1746808265099 3.269545316696167 50
1746808273286 4.050721168518066 60
1746808273287 4.050721168518066 60
1746808283073 12.300572395324707 70
1746808283074 12.300572395324707 70
1746808291289 2.9745168685913086 80
1746808291289 2.9745168685913086 80
1746808299510 1.9644312858581543 90
1746808299511 1.9644312858581543 90
1746808307733 6.0676727294921875 100
1746808307734 6.0676727294921875 100
1746808317608 5.139397144317627 110
1746808317609 5.139397144317627 110
1746808325851 7.332751750946045 120
1746808325852 7.332751750946045 120
1746808334148 2.45816707611084 130
1746808334149 2.45816707611084 130
1746808342438 4.633598327636719 140
1746808342439 4.633598327636719 140
1746808350742 7.724893569946289 150
1746808350743 7.724893569946289 150
1746808359041 11.323521614074707 160
1746808359043 11.323521614074707 160
1746808367351 2.6573989391326904 170
1746808367351 2.6573989391326904 170
1746808421913 7.304971218109131 180
1746808421914 7.304971218109131 180
1746808430293 2.338452100753784 190
1746808430293 2.338452100753784 190
1746808438738 1.572838544845581 200
1746808438739 1.572838544845581 200
1746808447099 3.903688669204712 210
1746808447099 3.903688669204712 210
1746808455475 7.697880744934082 220
1746808455476 7.697880744934082 220
1746808463864 15.0823335647583 230
1746808463865 15.0823335647583 230
1746808472225 2.1055402755737305 240
1746808472226 2.1055402755737305 240
1746808480609 3.1621756553649902 250
1746808480609 3.1621756553649902 250
1746808488995 2.2232062816619873 260
1746808488996 2.2232062816619873 260
1746808497368 6.8979902267456055 270
1746808497370 6.8979902267456055 270
1746808505743 4.1906914710998535 280
1746808505744 4.1906914710998535 280
1746808514120 2.24340558052063 290
1746808514121 2.24340558052063 290
1746808522524 2.276940107345581 300
1746808522525 2.276940107345581 300
1746808530928 2.717823028564453 310
1746808530928 2.717823028564453 310
1746808540923 2.2440009117126465 320
1746808540924 2.2440009117126465 320
1746808549290 4.388423442840576 330
1746808549291 4.388423442840576 330
1746808557669 3.0751986503601074 340
1746808557670 3.0751986503601074 340
1746808566035 10.748143196105957 350
1746808566036 10.748143196105957 350
1746808620496 4.144251346588135 360
1746808620496 4.144251346588135 360
1746808628970 6.221587181091309 370
1746808628971 6.221587181091309 370
1746808637394 3.439941883087158 380
1746808637394 3.439941883087158 380
1746808645822 6.773650646209717 390
1746808645823 6.773650646209717 390
1746808654252 6.156893253326416 400
1746808654254 6.156893253326416 400
1746808662662 10.678126335144043 410
1746808662663 10.678126335144043 410
1746808671092 1.8459566831588745 420
1746808671093 1.8459566831588745 420
1746808679533 4.812971591949463 430
1746808679534 4.812971591949463 430
1746808687960 9.253085136413574 440
1746808687960 9.253085136413574 440
1746808696370 2.9447999000549316 450
1746808696371 2.9447999000549316 450
1746808704798 3.877692222595215 460
1746808704799 3.877692222595215 460
1746808713229 7.218099117279053 470
1746808713228 7.218099117279053 470
1746808721653 5.82628870010376 480
1746808721654 5.82628870010376 480
1746808730078 4.099668025970459 490
1746808730078 4.099668025970459 490
1746808738498 8.496034622192383 500
1746808738499 8.496034622192383 500
1746808746943 5.65338659286499 510
1746808746944 5.65338659286499 510
1746808755390 2.8430678844451904 520
1746808755390 2.8430678844451904 520
1746808763822 4.516549587249756 530
1746808763823 4.516549587249756 530
1746808819977 15.880444526672363 540
1746808819978 15.880444526672363 540
1746808828413 6.6465020179748535 550
1746808828414 6.6465020179748535 550
1746808836834 4.476932525634766 560
1746808836835 4.476932525634766 560
1746808845252 2.5601561069488525 570
1746808845253 2.5601561069488525 570
1746808853672 1.4675683975219727 580
1746808853672 1.4675683975219727 580
1746808862105 2.4754908084869385 590
1746808862105 2.4754908084869385 590
1746808870512 5.929880619049072 600
1746808870512 5.929880619049072 600
1746808878940 4.036290168762207 610
1746808878941 4.036290168762207 610
1746808887369 8.217826843261719 620
1746808887370 8.217826843261719 620
1746808895787 1.1222200393676758 630
1746808895788 1.1222200393676758 630
1746808904211 4.721872806549072 640
1746808904212 4.721872806549072 640
1746808912633 1.7527717351913452 650
1746808912634 1.7527717351913452 650
1746808921065 2.700082302093506 660
1746808921065 2.700082302093506 660
1746808929504 2.458972454071045 670
1746808929505 2.458972454071045 670
1746808937935 4.542978286743164 680
1746808937936 4.542978286743164 680
1746808946358 9.798035621643066 690
1746808946359 9.798035621643066 690
1746808954792 5.644723415374756 700
1746808954792 5.644723415374756 700
1746808963228 2.9721858501434326 710
1746808963230 2.9721858501434326 710
