1746808231072 4.971910112359551e-05 10
1746808231073 4.971910112359551e-05 10
1746808239148 4.943820224719101e-05 20
1746808239149 4.943820224719101e-05 20
1746808247242 4.915730337078652e-05 30
1746808247243 4.915730337078652e-05 30
1746808255371 4.8876404494382024e-05 40
1746808255371 4.8876404494382024e-05 40
1746808265098 4.859550561797753e-05 50
1746808265099 4.859550561797753e-05 50
1746808273286 4.831460674157304e-05 60
1746808273287 4.831460674157304e-05 60
1746808283073 4.803370786516854e-05 70
1746808283074 4.803370786516854e-05 70
1746808291289 4.7752808988764046e-05 80
1746808291289 4.7752808988764046e-05 80
1746808299511 4.747191011235955e-05 90
1746808299510 4.747191011235955e-05 90
1746808307733 4.719101123595506e-05 100
1746808307734 4.719101123595506e-05 100
1746808317608 4.691011235955056e-05 110
1746808317609 4.691011235955056e-05 110
1746808325851 4.662921348314607e-05 120
1746808325852 4.662921348314607e-05 120
1746808334148 4.6348314606741575e-05 130
1746808334149 4.6348314606741575e-05 130
1746808342438 4.606741573033708e-05 140
1746808342439 4.606741573033708e-05 140
1746808350742 4.578651685393259e-05 150
1746808350743 4.578651685393259e-05 150
1746808359041 4.550561797752809e-05 160
1746808359043 4.550561797752809e-05 160
1746808367351 4.52247191011236e-05 170
1746808367351 4.52247191011236e-05 170
1746808421913 4.4943820224719104e-05 180
1746808421914 4.4943820224719104e-05 180
1746808430293 4.4662921348314605e-05 190
1746808430293 4.4662921348314605e-05 190
1746808438738 4.438202247191011e-05 200
1746808438739 4.438202247191011e-05 200
1746808447099 4.410112359550562e-05 210
1746808447099 4.410112359550562e-05 210
1746808455475 4.3820224719101126e-05 220
1746808455476 4.3820224719101126e-05 220
1746808463864 4.353932584269663e-05 230
1746808463865 4.353932584269663e-05 230
1746808472225 4.3258426966292134e-05 240
1746808472226 4.3258426966292134e-05 240
1746808480609 4.297752808988764e-05 250
1746808480609 4.297752808988764e-05 250
1746808488995 4.269662921348315e-05 260
1746808488996 4.269662921348315e-05 260
1746808497368 4.2415730337078655e-05 270
1746808497370 4.2415730337078655e-05 270
1746808505743 4.2134831460674156e-05 280
1746808505744 4.2134831460674156e-05 280
1746808514120 4.185393258426967e-05 290
1746808514121 4.185393258426967e-05 290
1746808522524 4.157303370786517e-05 300
1746808522525 4.157303370786517e-05 300
1746808530928 4.129213483146068e-05 310
1746808530928 4.129213483146068e-05 310
1746808540923 4.1011235955056184e-05 320
1746808540924 4.1011235955056184e-05 320
1746808549290 4.0730337078651685e-05 330
1746808549291 4.0730337078651685e-05 330
1746808557669 4.044943820224719e-05 340
1746808557670 4.044943820224719e-05 340
1746808566035 4.01685393258427e-05 350
1746808566036 4.01685393258427e-05 350
1746808620496 3.98876404494382e-05 360
1746808620496 3.98876404494382e-05 360
1746808628970 3.960674157303371e-05 370
1746808628971 3.960674157303371e-05 370
1746808637394 3.9325842696629214e-05 380
1746808637394 3.9325842696629214e-05 380
1746808645822 3.904494382022472e-05 390
1746808645823 3.904494382022472e-05 390
1746808654252 3.876404494382023e-05 400
1746808654254 3.876404494382023e-05 400
1746808662662 3.8483146067415735e-05 410
1746808662663 3.8483146067415735e-05 410
1746808671092 3.8202247191011236e-05 420
1746808671093 3.8202247191011236e-05 420
1746808679533 3.792134831460674e-05 430
1746808679534 3.792134831460674e-05 430
1746808687960 3.764044943820225e-05 440
1746808687960 3.764044943820225e-05 440
1746808696370 3.735955056179776e-05 450
1746808696371 3.735955056179776e-05 450
1746808704798 3.7078651685393264e-05 460
1746808704799 3.7078651685393264e-05 460
1746808713229 3.6797752808988765e-05 470
1746808713228 3.6797752808988765e-05 470
1746808721653 3.651685393258427e-05 480
1746808721654 3.651685393258427e-05 480
1746808730078 3.623595505617978e-05 490
1746808730078 3.623595505617978e-05 490
1746808738498 3.595505617977528e-05 500
1746808738499 3.595505617977528e-05 500
1746808746943 3.5674157303370787e-05 510
1746808746944 3.5674157303370787e-05 510
1746808755390 3.5393258426966294e-05 520
1746808755390 3.5393258426966294e-05 520
1746808763822 3.51123595505618e-05 530
1746808763823 3.51123595505618e-05 530
1746808819977 3.483146067415731e-05 540
1746808819978 3.483146067415731e-05 540
1746808828413 3.455056179775281e-05 550
1746808828414 3.455056179775281e-05 550
1746808836834 3.4269662921348316e-05 560
1746808836835 3.4269662921348316e-05 560
1746808845252 3.398876404494382e-05 570
1746808845253 3.398876404494382e-05 570
1746808853672 3.370786516853933e-05 580
1746808853672 3.370786516853933e-05 580
1746808862105 3.342696629213483e-05 590
1746808862105 3.342696629213483e-05 590
1746808870512 3.314606741573034e-05 600
1746808870512 3.314606741573034e-05 600
1746808878940 3.2865168539325845e-05 610
1746808878941 3.2865168539325845e-05 610
1746808887369 3.258426966292135e-05 620
1746808887370 3.258426966292135e-05 620
1746808895787 3.230337078651686e-05 630
1746808895788 3.230337078651686e-05 630
1746808904211 3.202247191011236e-05 640
1746808904212 3.202247191011236e-05 640
1746808912633 3.1741573033707866e-05 650
1746808912634 3.1741573033707866e-05 650
1746808921065 3.1460674157303374e-05 660
1746808921065 3.1460674157303374e-05 660
1746808929504 3.1179775280898874e-05 670
1746808929505 3.1179775280898874e-05 670
1746808937935 3.089887640449438e-05 680
1746808937936 3.089887640449438e-05 680
1746808946358 3.061797752808989e-05 690
1746808946359 3.061797752808989e-05 690
1746808954792 3.0337078651685396e-05 700
1746808954792 3.0337078651685396e-05 700
1746808963228 3.0056179775280903e-05 710
1746808963230 3.0056179775280903e-05 710
