1746808231072 0.6998 10
1746808231073 0.6998 10
1746808239148 0.67 20
1746808239149 0.67 20
1746808247242 0.6719 30
1746808247243 0.6719 30
1746808255371 0.6135 40
1746808255371 0.6135 40
1746808265099 0.6703 50
1746808273286 0.5905 60
1746808273287 0.5905 60
1746808283073 0.7187 70
1746808283074 0.7187 70
1746808291289 0.5914 80
1746808291289 0.5914 80
1746808299510 0.59 90
1746808299511 0.59 90
1746808307733 0.6986 100
1746808307734 0.6986 100
1746808317608 0.6493 110
1746808317609 0.6493 110
1746808325851 0.6379 120
1746808325852 0.6379 120
1746808334148 0.6018 130
1746808334149 0.6018 130
1746808342438 0.5814 140
1746808342439 0.5814 140
1746808350742 0.616 150
1746808350743 0.616 150
1746808359041 0.6804 160
1746808359043 0.6804 160
1746808367351 0.6159 170
1746808367351 0.6159 170
1746808421913 0.6092 180
1746808421914 0.6092 180
1746808430293 0.6104 190
1746808430293 0.6104 190
1746808438738 0.6628 200
1746808438739 0.6628 200
1746808447099 0.6718 210
1746808447099 0.6718 210
1746808455475 0.6304 220
1746808455476 0.6304 220
1746808463864 0.6708 230
1746808463865 0.6708 230
1746808472225 0.6573 240
1746808472226 0.6573 240
1746808480609 0.6566 250
1746808480609 0.6566 250
1746808488995 0.5691 260
1746808488996 0.5691 260
1746808497368 0.657 270
1746808497370 0.657 270
1746808505743 0.6375 280
1746808505744 0.6375 280
1746808514121 0.6659 290
1746808514120 0.6659 290
1746808522524 0.6653 300
1746808522525 0.6653 300
1746808530928 0.6478 310
1746808530928 0.6478 310
1746808540923 0.5861 320
1746808540924 0.5861 320
1746808549290 0.6447 330
1746808549291 0.6447 330
1746808557669 0.6391 340
1746808557670 0.6391 340
1746808566035 0.6188 350
1746808566036 0.6188 350
1746808620496 0.6253 360
1746808620496 0.6253 360
1746808628970 0.6862 370
1746808628971 0.6862 370
1746808637394 0.6545 380
1746808637394 0.6545 380
1746808645822 0.6037 390
1746808645823 0.6037 390
1746808654252 0.6512 400
1746808654254 0.6512 400
1746808662662 0.5902 410
1746808662663 0.5902 410
1746808671092 0.6185 420
1746808671093 0.6185 420
1746808679533 0.5454 430
1746808679534 0.5454 430
1746808687960 0.6972 440
1746808687960 0.6972 440
1746808696370 0.6393 450
1746808696371 0.6393 450
1746808704798 0.592 460
1746808704799 0.592 460
1746808713229 0.6523 470
1746808713228 0.6523 470
1746808721653 0.6735 480
1746808721654 0.6735 480
1746808730078 0.6856 490
1746808730078 0.6856 490
1746808738498 0.6618 500
1746808738499 0.6618 500
1746808746943 0.6681 510
1746808746944 0.6681 510
1746808755390 0.6359 520
1746808755390 0.6359 520
1746808763822 0.7188 530
1746808763823 0.7188 530
1746808819977 0.6281 540
1746808819978 0.6281 540
1746808828413 0.6306 550
1746808828414 0.6306 550
1746808836834 0.614 560
1746808836835 0.614 560
1746808845252 0.4784 570
1746808845253 0.4784 570
1746808853672 0.6371 580
1746808853672 0.6371 580
1746808862105 0.7079 590
1746808862105 0.7079 590
1746808870512 0.6356 600
1746808870512 0.6356 600
1746808878940 0.6228 610
1746808878941 0.6228 610
1746808887369 0.6524 620
1746808887370 0.6524 620
1746808895787 0.6289 630
1746808895788 0.6289 630
1746808904211 0.6732 640
1746808904212 0.6732 640
1746808912633 0.6834 650
1746808912634 0.6834 650
1746808921065 0.6329 660
1746808921065 0.6329 660
1746808929504 0.6017 670
1746808929505 0.6017 670
1746808937935 0.6615 680
1746808937936 0.6615 680
1746808946358 0.683 690
1746808946359 0.683 690
1746808954792 0.7219 700
1746808954792 0.7219 700
1746808963228 0.6327 710
1746808963230 0.6327 710
