1747423309186 0.22727272727272727 10
1747423309187 0.22727272727272727 10
1747423313500 0.45454545454545453 20
1747423313501 0.45454545454545453 20
1747423317813 0.6818181818181818 30
1747423317813 0.6818181818181818 30
1747423322128 0.9090909090909091 40
1747423322129 0.9090909090909091 40
1747423325104 1.0 44
1747423325103 1.0 44
1747423330157 1.1363636363636362 50
1747423330158 1.1363636363636362 50
1747423334541 1.3636363636363638 60
1747423334542 1.3636363636363638 60
1747423338966 1.5909090909090908 70
1747423338966 1.5909090909090908 70
1747423343364 1.8181818181818183 80
1747423343365 1.8181818181818183 80
1747423347920 2.0 88
1747423347921 2.0 88
1747423351171 2.0454545454545454 90
1747423351172 2.0454545454545454 90
1747423357252 2.2727272727272725 100
1747423357250 2.2727272727272725 100
1747423361585 2.5 110
1747423361586 2.5 110
1747423365915 2.7272727272727275 120
1747423365914 2.7272727272727275 120
1747423370295 2.9545454545454546 130
1747423370296 2.9545454545454546 130
1747423372202 3.0 132
1747423372203 3.0 132
1747423378036 3.1818181818181817 140
1747423378037 3.1818181818181817 140
1747423382466 3.409090909090909 150
1747423382466 3.409090909090909 150
1747423386777 3.6363636363636362 160
1747423386778 3.6363636363636362 160
1747423391025 3.8636363636363638 170
1747423391025 3.8636363636363638 170
1747423394662 4.0 176
1747423394663 4.0 176
1747423399186 4.090909090909091 180
1747423399186 4.090909090909091 180
1747423403557 4.318181818181818 190
1747423403557 4.318181818181818 190
1747423407909 4.545454545454545 200
1747423407906 4.545454545454545 200
1747423413990 4.7727272727272725 210
1747423413990 4.7727272727272725 210
1747423418287 5.0 220
1747423418286 5.0 220
1747423419544 5.0 220
1747423419545 5.0 220
1747423422215 5.0 220
1747423422216 5.0 220
