1747423309186 69.63134002685547 10
1747423309187 69.63134002685547 10
1747423313500 4.2086005210876465 20
1747423313501 4.2086005210876465 20
1747423317813 4.337432861328125 30
1747423317813 4.337432861328125 30
1747423322128 11.242402076721191 40
1747423322129 11.242402076721191 40
1747423330157 2.1644866466522217 50
1747423330158 2.1644866466522217 50
1747423334541 8.707589149475098 60
1747423334542 8.707589149475098 60
1747423338966 18.377670288085938 70
1747423338966 18.377670288085938 70
1747423343364 34.92465591430664 80
1747423343365 34.92465591430664 80
1747423351171 5.44765567779541 90
1747423351172 5.44765567779541 90
1747423357252 3.073307514190674 100
1747423357250 3.073307514190674 100
1747423361585 6.7140913009643555 110
1747423361586 6.7140913009643555 110
1747423365915 4.548252582550049 120
1747423365914 4.548252582550049 120
1747423370295 11.069818496704102 130
1747423370296 11.069818496704102 130
1747423378036 0.9388074278831482 140
1747423378037 0.9388074278831482 140
1747423382466 3.4514212608337402 150
1747423382466 3.4514212608337402 150
1747423386777 8.818562507629395 160
1747423386778 8.818562507629395 160
1747423391025 0.742506742477417 170
1747423391025 0.742506742477417 170
1747423399186 13.331192970275879 180
1747423399186 13.331192970275879 180
1747423403557 0.21941016614437103 190
1747423403557 0.21941016614437103 190
1747423407906 0.17565742135047913 200
1747423407909 0.17565742135047913 200
1747423413990 0.10301392525434494 210
1747423413990 0.10301392525434494 210
1747423418287 0.051667097955942154 220
1747423418286 0.051667097955942154 220
