1747423309186 4.886363636363637e-05 10
1747423309187 4.886363636363637e-05 10
1747423313500 4.772727272727273e-05 20
1747423313501 4.772727272727273e-05 20
1747423317813 4.659090909090909e-05 30
1747423317813 4.659090909090909e-05 30
1747423322128 4.545454545454546e-05 40
1747423322129 4.545454545454546e-05 40
1747423330157 4.431818181818182e-05 50
1747423330158 4.431818181818182e-05 50
1747423334541 4.318181818181819e-05 60
1747423334542 4.318181818181819e-05 60
1747423338966 4.204545454545455e-05 70
1747423338966 4.204545454545455e-05 70
1747423343364 4.0909090909090915e-05 80
1747423343365 4.0909090909090915e-05 80
1747423351171 3.9772727272727275e-05 90
1747423351172 3.9772727272727275e-05 90
1747423357252 3.8636363636363636e-05 100
1747423357250 3.8636363636363636e-05 100
1747423361585 3.7500000000000003e-05 110
1747423361586 3.7500000000000003e-05 110
1747423365915 3.6363636363636364e-05 120
1747423365914 3.6363636363636364e-05 120
1747423370295 3.522727272727273e-05 130
1747423370296 3.522727272727273e-05 130
1747423378036 3.409090909090909e-05 140
1747423378037 3.409090909090909e-05 140
1747423382466 3.295454545454545e-05 150
1747423382466 3.295454545454545e-05 150
1747423386777 3.181818181818182e-05 160
1747423386778 3.181818181818182e-05 160
1747423391025 3.068181818181818e-05 170
1747423391025 3.068181818181818e-05 170
1747423399186 2.954545454545455e-05 180
1747423399186 2.954545454545455e-05 180
1747423403557 2.8409090909090912e-05 190
1747423403557 2.8409090909090912e-05 190
1747423407909 2.7272727272727273e-05 200
1747423407906 2.7272727272727273e-05 200
1747423413990 2.6136363636363637e-05 210
1747423413990 2.6136363636363637e-05 210
1747423418287 2.5e-05 220
1747423418286 2.5e-05 220
