1747423309186 1.3296 10
1747423309187 1.3296 10
1747423313500 0.6714 20
1747423313501 0.6714 20
1747423317813 0.3328 30
1747423317813 0.3328 30
1747423322128 0.3184 40
1747423322129 0.3184 40
1747423330157 0.3854 50
1747423330158 0.3854 50
1747423334541 0.2392 60
1747423334542 0.2392 60
1747423338966 0.217 70
1747423338966 0.217 70
1747423343364 0.4016 80
1747423343365 0.4016 80
1747423351171 0.3435 90
1747423351172 0.3435 90
1747423357252 0.2608 100
1747423357250 0.2608 100
1747423361585 0.0922 110
1747423361586 0.0922 110
1747423365915 0.0695 120
1747423365914 0.0695 120
1747423370295 0.139 130
1747423370296 0.139 130
1747423378036 0.0261 140
1747423378037 0.0261 140
1747423382466 0.0524 150
1747423382466 0.0524 150
1747423386777 0.0546 160
1747423386778 0.0546 160
1747423391025 0.2474 170
1747423391025 0.2474 170
1747423399186 0.0499 180
1747423399186 0.0499 180
1747423403557 0.0303 190
1747423403557 0.0303 190
1747423407906 0.0631 200
1747423407909 0.0631 200
1747423413990 0.0271 210
1747423413990 0.0271 210
1747423418287 0.0627 220
1747423418286 0.0627 220
