1747232240878 0.5555555555555556 10
1747232240878 0.5555555555555556 10
1747232254649 1.0 18
1747232254649 1.0 18
1747232258560 1.1111111111111112 20
1747232258562 1.1111111111111112 20
1747232272263 1.6666666666666665 30
1747232272263 1.6666666666666665 30
1747232277928 2.0 36
1747232277928 2.0 36
1747232284137 2.2222222222222223 40
1747232284137 2.2222222222222223 40
1747232293990 2.7777777777777777 50
1747232293990 2.7777777777777777 50
1747232298035 3.0 54
1747232307551 3.3333333333333335 60
1747232307551 3.3333333333333335 60
1747232317673 3.888888888888889 70
1747232317673 3.888888888888889 70
1747232323064 4.0 72
1747232323064 4.0 72
1747232332591 4.444444444444445 80
1747232332591 4.444444444444445 80
1747232345443 5.0 90
1747232345443 5.0 90
1747232346403 5.0 90
1747232346403 5.0 90
1747232360851 5.555555555555555 100
1747232360851 5.555555555555555 100
1747232371400 6.0 108
1747232371400 6.0 108
1747232372755 6.0 108
1747232372755 6.0 108
