1747232240878 8.763598442077637 10
1747232240878 8.763598442077637 10
1747232258560 12.099116325378418 20
1747232258562 12.099116325378418 20
1747232272263 1.7833523750305176 30
1747232272263 1.7833523750305176 30
1747232284137 11.554518699645996 40
1747232284137 11.554518699645996 40
1747232293990 1.8769984245300293 50
1747232293990 1.8769984245300293 50
1747232307551 8.724541664123535 60
1747232307551 8.724541664123535 60
1747232317673 4.7742486000061035 70
1747232317673 4.7742486000061035 70
1747232332591 22.63583755493164 80
1747232332591 22.63583755493164 80
1747232345443 11.762639045715332 90
1747232345443 11.762639045715332 90
1747232360851 15.017792701721191 100
1747232360851 15.017792701721191 100
