1747232240878 9.444444444444444e-05 10
1747232240878 9.444444444444444e-05 10
1747232258560 8.888888888888889e-05 20
1747232258562 8.888888888888889e-05 20
1747232272263 8.333333333333334e-05 30
1747232272263 8.333333333333334e-05 30
1747232284137 7.777777777777778e-05 40
1747232284137 7.777777777777778e-05 40
1747232293990 7.222222222222222e-05 50
1747232293990 7.222222222222222e-05 50
1747232307551 6.666666666666667e-05 60
1747232307551 6.666666666666667e-05 60
1747232317673 6.111111111111112e-05 70
1747232317673 6.111111111111112e-05 70
1747232332591 5.555555555555556e-05 80
1747232332591 5.555555555555556e-05 80
1747232345443 5e-05 90
1747232345443 5e-05 90
1747232360851 4.4444444444444447e-05 100
1747232360851 4.4444444444444447e-05 100
