1747232397905 0.5555555555555556 10
1747232397905 0.5555555555555556 10
1747232408573 1.0 18
1747232408573 1.0 18
1747232412400 1.1111111111111112 20
1747232412403 1.1111111111111112 20
1747232424741 1.6666666666666665 30
1747232424741 1.6666666666666665 30
1747232432033 2.0 36
1747232432033 2.0 36
1747232438407 2.2222222222222223 40
1747232438409 2.2222222222222223 40
1747232451521 2.7777777777777777 50
1747232451521 2.7777777777777777 50
1747232458768 3.0 54
1747232458768 3.0 54
1747232465165 3.3333333333333335 60
1747232465166 3.3333333333333335 60
1747232478243 3.888888888888889 70
1747232478243 3.888888888888889 70
1747232480635 4.0 72
1747232480635 4.0 72
1747232491842 4.444444444444445 80
1747232491840 4.444444444444445 80
1747232499940 5.0 90
1747232499940 5.0 90
1747232500908 5.0 90
1747232500908 5.0 90
1747232502310 5.0 90
1747232502310 5.0 90
