1747232397905 2.1291165351867676 10
1747232397905 2.1291165351867676 10
1747232412400 12.267914772033691 20
1747232412403 12.267914772033691 20
1747232424741 8.409906387329102 30
1747232424741 8.409906387329102 30
1747232438407 6.184582710266113 40
1747232438409 6.184582710266113 40
1747232451521 3.2474758625030518 50
1747232451521 3.2474758625030518 50
1747232465165 0.5999114513397217 60
1747232465166 0.5999114513397217 60
1747232478243 6.659473419189453 70
1747232478243 6.659473419189453 70
1747232491842 0.30294305086135864 80
1747232491840 0.30294305086135864 80
1747232499940 0.05230769142508507 90
1747232499940 0.05230769142508507 90
