1747232397905 4.722222222222222e-05 10
1747232397905 4.722222222222222e-05 10
1747232412400 4.4444444444444447e-05 20
1747232412403 4.4444444444444447e-05 20
1747232424741 4.166666666666667e-05 30
1747232424741 4.166666666666667e-05 30
1747232438407 3.888888888888889e-05 40
1747232438409 3.888888888888889e-05 40
1747232451521 3.611111111111111e-05 50
1747232451521 3.611111111111111e-05 50
1747232465165 3.3333333333333335e-05 60
1747232465166 3.3333333333333335e-05 60
1747232478243 3.055555555555556e-05 70
1747232478243 3.055555555555556e-05 70
1747232491842 2.777777777777778e-05 80
1747232491840 2.777777777777778e-05 80
1747232499940 2.5e-05 90
1747232499940 2.5e-05 90
