1747233930798 0.5263157894736842 10
1747233930798 0.5263157894736842 10
1747233936457 1.0 19
1747233936457 1.0 19
1747233939468 1.0526315789473684 20
1747233939469 1.0526315789473684 20
1747233945146 1.5789473684210527 30
1747233945147 1.5789473684210527 30
1747233948762 2.0 38
1747233948763 2.0 38
1747233950524 2.1052631578947367 40
1747233950525 2.1052631578947367 40
1747233956239 2.6315789473684212 50
1747233956240 2.6315789473684212 50
1747233961120 3.0 57
1747233961121 3.0 57
1747233963331 3.1578947368421053 60
1747233963332 3.1578947368421053 60
1747233967385 3.6842105263157894 70
1747233967386 3.6842105263157894 70
1747233970202 4.0 76
1747233970202 4.0 76
1747233972807 4.2105263157894735 80
1747233972808 4.2105263157894735 80
1747233976869 4.7368421052631575 90
1747233976870 4.7368421052631575 90
1747233980976 5.0 95
1747233980977 5.0 95
1747233984031 5.2631578947368425 100
1747233984032 5.2631578947368425 100
1747233988426 5.7894736842105265 110
1747233988428 5.7894736842105265 110
1747233990594 6.0 114
1747233990594 6.0 114
1747233994369 6.315789473684211 120
1747233994370 6.315789473684211 120
1747234000117 6.842105263157895 130
1747234000117 6.842105263157895 130
1747234001741 7.0 133
1747234001742 7.0 133
1747234002830 7.0 133
1747234002830 7.0 133
