1747233930798 2.5932555198669434 10
1747233930798 2.5932555198669434 10
1747233939468 13.383075714111328 20
1747233939469 13.383075714111328 20
1747233945146 0.5738734602928162 30
1747233945147 0.5738734602928162 30
1747233950524 0.11280757933855057 40
1747233950525 0.11280757933855057 40
1747233956239 0.17938758432865143 50
1747233956240 0.17938758432865143 50
1747233963331 0.03791186586022377 60
1747233963332 0.03791186586022377 60
1747233967386 0.03559090569615364 70
1747233967385 0.03559090569615364 70
1747233972807 0.023223629221320152 80
1747233972808 0.023223629221320152 80
1747233976869 0.028893981128931046 90
1747233976870 0.028893981128931046 90
1747233984031 0.01792101189494133 100
1747233984032 0.01792101189494133 100
1747233988426 0.018984707072377205 110
1747233988428 0.018984707072377205 110
1747233994369 0.0205911323428154 120
1747233994370 0.0205911323428154 120
1747234000117 0.012787866406142712 130
1747234000117 0.012787866406142712 130
