1747233930798 4.736842105263158e-05 10
1747233930798 4.736842105263158e-05 10
1747233939468 4.473684210526316e-05 20
1747233939469 4.473684210526316e-05 20
1747233945146 4.210526315789474e-05 30
1747233945147 4.210526315789474e-05 30
1747233950524 3.9473684210526316e-05 40
1747233950525 3.9473684210526316e-05 40
1747233956239 3.6842105263157895e-05 50
1747233956240 3.6842105263157895e-05 50
1747233963331 3.421052631578947e-05 60
1747233963332 3.421052631578947e-05 60
1747233967385 3.157894736842105e-05 70
1747233967386 3.157894736842105e-05 70
1747233972807 2.8947368421052634e-05 80
1747233972808 2.8947368421052634e-05 80
1747233976869 2.6315789473684212e-05 90
1747233976870 2.6315789473684212e-05 90
1747233984031 2.368421052631579e-05 100
1747233984032 2.368421052631579e-05 100
1747233988426 2.105263157894737e-05 110
1747233988428 2.105263157894737e-05 110
1747233994369 1.8421052631578947e-05 120
1747233994370 1.8421052631578947e-05 120
1747234000117 1.5789473684210526e-05 130
1747234000117 1.5789473684210526e-05 130
