1747233930798 0.5925 10
1747233930798 0.5925 10
1747233939468 0.2683 20
1747233939469 0.2683 20
1747233945146 0.0609 30
1747233945147 0.0609 30
1747233950524 0.0525 40
1747233950525 0.0525 40
1747233956239 0.0055 50
1747233956240 0.0055 50
1747233963331 0.0033 60
1747233963332 0.0033 60
1747233967386 0.0022 70
1747233967385 0.0022 70
1747233972807 0.0016 80
1747233972808 0.0016 80
1747233976869 0.0013 90
1747233976870 0.0013 90
1747233984031 0.0012 100
1747233984032 0.0012 100
1747233988426 0.0012 110
1747233988428 0.0012 110
1747233994369 0.001 120
1747233994370 0.001 120
1747234000117 0.0008 130
1747234000117 0.0008 130
