1747390395110 0.11235955056179775 10
1747390395111 0.11235955056179775 10
1747390397000 0.2247191011235955 20
1747390397001 0.2247191011235955 20
1747390398910 0.33707865168539325 30
1747390398911 0.33707865168539325 30
1747390400841 0.449438202247191 40
1747390400841 0.449438202247191 40
1747390402801 0.5617977528089888 50
1747390402801 0.5617977528089888 50
1747390406348 0.6741573033707865 60
1747390406348 0.6741573033707865 60
1747390409927 0.7865168539325843 70
1747390409927 0.7865168539325843 70
1747390411848 0.898876404494382 80
1747390411848 0.898876404494382 80
1747390414685 1.0 89
1747390414685 1.0 89
1747390415795 1.0112359550561798 90
1747390415811 1.0112359550561798 90
1747390419316 1.1235955056179776 100
1747390419316 1.1235955056179776 100
1747390422869 1.2359550561797752 110
1747390422869 1.2359550561797752 110
1747390424769 1.348314606741573 120
1747390424769 1.348314606741573 120
1747390426678 1.4606741573033708 130
1747390426678 1.4606741573033708 130
1747390429958 1.5730337078651684 140
1747390429942 1.5730337078651684 140
1747390432179 1.6853932584269664 150
1747390432179 1.6853932584269664 150
1747390434107 1.797752808988764 160
1747390434109 1.797752808988764 160
1747390436036 1.9101123595505618 170
1747390436036 1.9101123595505618 170
1747390440364 2.0 178
1747390440364 2.0 178
1747390441662 2.0224719101123596 180
1747390441662 2.0224719101123596 180
1747390443562 2.134831460674157 190
1747390443562 2.134831460674157 190
1747390447095 2.247191011235955 200
1747390447095 2.247191011235955 200
1747390449004 2.359550561797753 210
1747390449005 2.359550561797753 210
1747390451453 2.4719101123595504 220
1747390451453 2.4719101123595504 220
1747390454439 2.5842696629213484 230
1747390454439 2.5842696629213484 230
1747390456913 2.696629213483146 240
1747390456913 2.696629213483146 240
1747390461498 2.808988764044944 250
1747390461498 2.808988764044944 250
1747390463464 2.9213483146067416 260
1747390463464 2.9213483146067416 260
1747390465902 3.0 267
1747390465902 3.0 267
1747390467372 3.033707865168539 270
1747390467372 3.033707865168539 270
1747390469265 3.146067415730337 280
1747390469265 3.146067415730337 280
1747390471200 3.258426966292135 290
1747390471200 3.258426966292135 290
1747390474770 3.370786516853933 300
1747390474770 3.370786516853933 300
1747390476709 3.4831460674157304 310
1747390476709 3.4831460674157304 310
1747390478639 3.595505617977528 320
1747390478639 3.595505617977528 320
1747390480563 3.7078651685393256 330
1747390480563 3.7078651685393256 330
1747390482499 3.8202247191011236 340
1747390482499 3.8202247191011236 340
1747390484435 3.932584269662921 350
1747390484435 3.932584269662921 350
1747390488390 4.0 356
1747390488390 4.0 356
1747390489308 4.0 356
1747390489308 4.0 356
