1747390395110 1.919692039489746 10
1747390395111 1.919692039489746 10
1747390397000 3.766986846923828 20
1747390397001 3.766986846923828 20
1747390398910 3.7382237911224365 30
1747390398911 3.7382237911224365 30
1747390400841 3.5259761810302734 40
1747390400841 3.5259761810302734 40
1747390402801 6.143548965454102 50
1747390402801 6.143548965454102 50
1747390406348 2.033339023590088 60
1747390406348 2.033339023590088 60
1747390409927 2.9575350284576416 70
1747390409927 2.9575350284576416 70
1747390411848 9.799715042114258 80
1747390411848 9.799715042114258 80
1747390415795 2.5017993450164795 90
1747390415811 2.5017993450164795 90
1747390419316 2.471008539199829 100
1747390419316 2.471008539199829 100
1747390422869 10.453681945800781 110
1747390422869 10.453681945800781 110
1747390424769 6.887085437774658 120
1747390424769 6.887085437774658 120
1747390426678 5.1415300369262695 130
1747390426678 5.1415300369262695 130
1747390429942 2.8506007194519043 140
1747390429958 2.8506007194519043 140
1747390432179 1.7692910432815552 150
1747390432179 1.7692910432815552 150
1747390434107 15.67928695678711 160
1747390434109 15.67928695678711 160
1747390436036 7.6421966552734375 170
1747390436036 7.6421966552734375 170
1747390441662 5.097870826721191 180
1747390441662 5.097870826721191 180
1747390443562 5.497302532196045 190
1747390443562 5.497302532196045 190
1747390447095 2.8668758869171143 200
1747390447095 2.8668758869171143 200
1747390449004 0.4755246341228485 210
1747390449005 0.4755246341228485 210
1747390451453 1.4756317138671875 220
1747390451453 1.4756317138671875 220
1747390454439 23.225223541259766 230
1747390454439 23.225223541259766 230
1747390456913 3.006108522415161 240
1747390456913 3.006108522415161 240
1747390461498 9.459956169128418 250
1747390461498 9.459956169128418 250
1747390463464 4.443871974945068 260
1747390463464 4.443871974945068 260
1747390467372 16.29594612121582 270
1747390467372 16.29594612121582 270
1747390469265 8.698282241821289 280
1747390469265 8.698282241821289 280
1747390471200 0.2150879055261612 290
1747390471200 0.2150879055261612 290
1747390474770 0.4973941147327423 300
1747390474770 0.4973941147327423 300
1747390476709 0.14083871245384216 310
1747390476709 0.14083871245384216 310
1747390478639 22.365703582763672 320
1747390478639 22.365703582763672 320
1747390480563 5.893835067749023 330
1747390480563 5.893835067749023 330
1747390482499 13.6450777053833 340
1747390482499 13.6450777053833 340
1747390484435 24.102447509765625 350
1747390484435 24.102447509765625 350
