1747390395110 4.943820224719101e-05 10
1747390395111 4.943820224719101e-05 10
1747390397000 4.8876404494382024e-05 20
1747390397001 4.8876404494382024e-05 20
1747390398910 4.831460674157304e-05 30
1747390398911 4.831460674157304e-05 30
1747390400841 4.7752808988764046e-05 40
1747390400841 4.7752808988764046e-05 40
1747390402801 4.719101123595506e-05 50
1747390402801 4.719101123595506e-05 50
1747390406348 4.662921348314607e-05 60
1747390406348 4.662921348314607e-05 60
1747390409927 4.606741573033708e-05 70
1747390409927 4.606741573033708e-05 70
1747390411848 4.550561797752809e-05 80
1747390411848 4.550561797752809e-05 80
1747390415795 4.4943820224719104e-05 90
1747390415811 4.4943820224719104e-05 90
1747390419316 4.438202247191011e-05 100
1747390419316 4.438202247191011e-05 100
1747390422869 4.3820224719101126e-05 110
1747390422869 4.3820224719101126e-05 110
1747390424769 4.3258426966292134e-05 120
1747390424769 4.3258426966292134e-05 120
1747390426678 4.269662921348315e-05 130
1747390426678 4.269662921348315e-05 130
1747390429958 4.2134831460674156e-05 140
1747390429942 4.2134831460674156e-05 140
1747390432179 4.157303370786517e-05 150
1747390432179 4.157303370786517e-05 150
1747390434107 4.1011235955056184e-05 160
1747390434109 4.1011235955056184e-05 160
1747390436036 4.044943820224719e-05 170
1747390436036 4.044943820224719e-05 170
1747390441662 3.98876404494382e-05 180
1747390441662 3.98876404494382e-05 180
1747390443562 3.9325842696629214e-05 190
1747390443562 3.9325842696629214e-05 190
1747390447095 3.876404494382023e-05 200
1747390447095 3.876404494382023e-05 200
1747390449004 3.8202247191011236e-05 210
1747390449005 3.8202247191011236e-05 210
1747390451453 3.764044943820225e-05 220
1747390451453 3.764044943820225e-05 220
1747390454439 3.7078651685393264e-05 230
1747390454439 3.7078651685393264e-05 230
1747390456913 3.651685393258427e-05 240
1747390456913 3.651685393258427e-05 240
1747390461498 3.595505617977528e-05 250
1747390461498 3.595505617977528e-05 250
1747390463464 3.5393258426966294e-05 260
1747390463464 3.5393258426966294e-05 260
1747390467372 3.483146067415731e-05 270
1747390467372 3.483146067415731e-05 270
1747390469265 3.4269662921348316e-05 280
1747390469265 3.4269662921348316e-05 280
1747390471200 3.370786516853933e-05 290
1747390471200 3.370786516853933e-05 290
1747390474770 3.314606741573034e-05 300
1747390474770 3.314606741573034e-05 300
1747390476709 3.258426966292135e-05 310
1747390476709 3.258426966292135e-05 310
1747390478639 3.202247191011236e-05 320
1747390478639 3.202247191011236e-05 320
1747390480563 3.1460674157303374e-05 330
1747390480563 3.1460674157303374e-05 330
1747390482499 3.089887640449438e-05 340
1747390482499 3.089887640449438e-05 340
1747390484435 3.0337078651685396e-05 350
1747390484435 3.0337078651685396e-05 350
