1747390395110 0.6219 10
1747390395111 0.6219 10
1747390397000 0.5886 20
1747390397001 0.5886 20
1747390398910 0.5273 30
1747390398911 0.5273 30
1747390400841 0.5213 40
1747390400841 0.5213 40
1747390402801 0.477 50
1747390402801 0.477 50
1747390406348 0.538 60
1747390406348 0.538 60
1747390409927 0.4331 70
1747390409927 0.4331 70
1747390411848 0.4588 80
1747390411848 0.4588 80
1747390415795 0.4464 90
1747390415811 0.4464 90
1747390419316 0.2652 100
1747390419316 0.2652 100
1747390422869 0.3474 110
1747390422869 0.3474 110
1747390424769 0.2427 120
1747390424769 0.2427 120
1747390426678 0.2686 130
1747390426678 0.2686 130
1747390429942 0.2496 140
1747390429958 0.2496 140
1747390432179 0.2737 150
1747390432179 0.2737 150
1747390434107 0.2896 160
1747390434109 0.2896 160
1747390436036 0.3141 170
1747390436036 0.3141 170
1747390441662 0.2347 180
1747390441662 0.2347 180
1747390443562 0.1659 190
1747390443562 0.1659 190
1747390447095 0.1943 200
1747390447095 0.1943 200
1747390449004 0.1368 210
1747390449005 0.1368 210
1747390451453 0.1243 220
1747390451453 0.1243 220
1747390454439 0.1347 230
1747390454439 0.1347 230
1747390456913 0.178 240
1747390456913 0.178 240
1747390461498 0.1661 250
1747390461498 0.1661 250
1747390463464 0.1156 260
1747390463464 0.1156 260
1747390467372 0.2142 270
1747390467372 0.2142 270
1747390469265 0.1295 280
1747390469265 0.1295 280
1747390471200 0.0994 290
1747390471200 0.0994 290
1747390474770 0.1133 300
1747390474770 0.1133 300
1747390476709 0.0304 310
1747390476709 0.0304 310
1747390478639 0.072 320
1747390478639 0.072 320
1747390480563 0.0513 330
1747390480563 0.0513 330
1747390482499 0.1172 340
1747390482499 0.1172 340
1747390484435 0.0468 350
1747390484435 0.0468 350
