1747375767424 0.11235955056179775 10
1747375767424 0.11235955056179775 10
1747375772811 0.2247191011235955 20
1747375772811 0.2247191011235955 20
1747375776808 0.33707865168539325 30
1747375776808 0.33707865168539325 30
1747375780671 0.449438202247191 40
1747375780673 0.449438202247191 40
1747375784590 0.5617977528089888 50
1747375784590 0.5617977528089888 50
1747375790087 0.6741573033707865 60
1747375790089 0.6741573033707865 60
1747375793962 0.7865168539325843 70
1747375793962 0.7865168539325843 70
1747375797968 0.898876404494382 80
1747375797968 0.898876404494382 80
1747375805371 1.0 89
1747375805371 1.0 89
1747375807512 1.0112359550561798 90
1747375807508 1.0112359550561798 90
1747375811416 1.1235955056179776 100
1747375811416 1.1235955056179776 100
1747375815422 1.2359550561797752 110
1747375815422 1.2359550561797752 110
1747375819542 1.348314606741573 120
1747375819542 1.348314606741573 120
1747375825234 1.4606741573033708 130
1747375825234 1.4606741573033708 130
1747375830910 1.5730337078651684 140
1747375830910 1.5730337078651684 140
1747375835255 1.6853932584269664 150
1747375835256 1.6853932584269664 150
1747375839359 1.797752808988764 160
1747375839362 1.797752808988764 160
1747375843458 1.9101123595505618 170
1747375843461 1.9101123595505618 170
1747375848844 2.0 178
1747375848844 2.0 178
1747375851654 2.0224719101123596 180
1747375851655 2.0224719101123596 180
1747375855550 2.134831460674157 190
1747375855551 2.134831460674157 190
1747375861163 2.247191011235955 200
1747375861164 2.247191011235955 200
1747375865107 2.359550561797753 210
1747375865107 2.359550561797753 210
1747375869039 2.4719101123595504 220
1747375869040 2.4719101123595504 220
1747375872903 2.5842696629213484 230
1747375872904 2.5842696629213484 230
1747375876792 2.696629213483146 240
1747375876793 2.696629213483146 240
1747375880632 2.808988764044944 250
1747375880633 2.808988764044944 250
1747375884462 2.9213483146067416 260
1747375884463 2.9213483146067416 260
1747375889378 3.0 267
1747375889379 3.0 267
1747375891942 3.033707865168539 270
1747375891943 3.033707865168539 270
1747375897494 3.146067415730337 280
1747375897494 3.146067415730337 280
1747375901473 3.258426966292135 290
1747375901473 3.258426966292135 290
1747375905514 3.370786516853933 300
1747375905514 3.370786516853933 300
1747375909496 3.4831460674157304 310
1747375909496 3.4831460674157304 310
1747375913626 3.595505617977528 320
1747375913626 3.595505617977528 320
1747375917619 3.7078651685393256 330
1747375917619 3.7078651685393256 330
1747375921658 3.8202247191011236 340
1747375921658 3.8202247191011236 340
1747375925579 3.932584269662921 350
1747375925580 3.932584269662921 350
1747375931916 4.0 356
1747375931916 4.0 356
1747375935062 4.044943820224719 360
1747375935062 4.044943820224719 360
1747375938976 4.157303370786517 370
1747375938976 4.157303370786517 370
1747375942891 4.269662921348314 380
1747375942892 4.269662921348314 380
1747375946748 4.382022471910112 390
1747375946750 4.382022471910112 390
1747375953853 4.49438202247191 400
1747375953854 4.49438202247191 400
1747375957718 4.606741573033708 410
1747375957719 4.606741573033708 410
1747375961609 4.719101123595506 420
1747375961609 4.719101123595506 420
1747375965617 4.831460674157303 430
1747375965618 4.831460674157303 430
1747375972888 4.943820224719101 440
1747375972889 4.943820224719101 440
1747375977261 5.0 445
1747375977262 5.0 445
1747375981289 5.056179775280899 450
1747375981289 5.056179775280899 450
1747375985231 5.168539325842697 460
1747375985231 5.168539325842697 460
1747375990852 5.280898876404494 470
1747375990852 5.280898876404494 470
1747375994868 5.393258426966292 480
1747375994870 5.393258426966292 480
1747375998790 5.50561797752809 490
1747375998790 5.50561797752809 490
1747376004529 5.617977528089888 500
1747376004529 5.617977528089888 500
1747376008500 5.730337078651686 510
1747376008500 5.730337078651686 510
1747376012441 5.842696629213483 520
1747376012441 5.842696629213483 520
1747376017928 5.955056179775281 530
1747376017928 5.955056179775281 530
1747376021785 6.0 534
1747376021785 6.0 534
1747376023571 6.0 534
1747376023571 6.0 534
