1747375767424 3.392957925796509 10
1747375767424 3.392957925796509 10
1747375772811 2.7964625358581543 20
1747375772811 2.7964625358581543 20
1747375776808 4.6670637130737305 30
1747375776808 4.6670637130737305 30
1747375780671 10.418261528015137 40
1747375780673 10.418261528015137 40
1747375784590 4.521830081939697 50
1747375784590 4.521830081939697 50
1747375790087 5.464071273803711 60
1747375790089 5.464071273803711 60
1747375793962 11.658028602600098 70
1747375793962 11.658028602600098 70
1747375797968 17.15276527404785 80
1747375797968 17.15276527404785 80
1747375807512 4.652350425720215 90
1747375807508 4.652350425720215 90
1747375811416 6.620982646942139 100
1747375811416 6.620982646942139 100
1747375815422 19.949365615844727 110
1747375815422 19.949365615844727 110
1747375819542 35.75895309448242 120
1747375819542 35.75895309448242 120
1747375825234 10.453102111816406 130
1747375825234 10.453102111816406 130
1747375830910 40.092926025390625 140
1747375830910 40.092926025390625 140
1747375835255 20.843740463256836 150
1747375835256 20.843740463256836 150
1747375839359 19.85240364074707 160
1747375839362 19.85240364074707 160
1747375843458 11.989234924316406 170
1747375843461 11.989234924316406 170
1747375851654 1.9646283388137817 180
1747375851655 1.9646283388137817 180
1747375855550 1.5023701190948486 190
1747375855551 1.5023701190948486 190
1747375861163 9.716015815734863 200
1747375861164 9.716015815734863 200
1747375865107 2.137425422668457 210
1747375865107 2.137425422668457 210
1747375869039 3.173915147781372 220
1747375869040 3.173915147781372 220
1747375872903 2.886373281478882 230
1747375872904 2.886373281478882 230
1747375876792 21.340959548950195 240
1747375876793 21.340959548950195 240
1747375880632 10.202972412109375 250
1747375880633 10.202972412109375 250
1747375884462 24.136917114257812 260
1747375884463 24.136917114257812 260
1747375891942 0.7351377010345459 270
1747375891943 0.7351377010345459 270
1747375897494 0.17050665616989136 280
1747375897494 0.17050665616989136 280
1747375901473 1.4609169960021973 290
1747375901473 1.4609169960021973 290
1747375905514 0.3996732532978058 300
1747375905514 0.3996732532978058 300
1747375909496 0.09794698655605316 310
1747375909496 0.09794698655605316 310
1747375913626 2.1197872161865234 320
1747375913626 2.1197872161865234 320
1747375917619 2.19651460647583 330
1747375917619 2.19651460647583 330
1747375921658 53.75674819946289 340
1747375921658 53.75674819946289 340
1747375925579 20.02880096435547 350
1747375925580 20.02880096435547 350
1747375935062 33.81266403198242 360
1747375935062 33.81266403198242 360
1747375938976 2.4769954681396484 370
1747375938976 2.4769954681396484 370
1747375942891 0.3845452070236206 380
1747375942892 0.3845452070236206 380
1747375946748 0.5788026452064514 390
1747375946750 0.5788026452064514 390
1747375953853 0.3000411093235016 400
1747375953854 0.3000411093235016 400
1747375957718 0.19237972795963287 410
1747375957719 0.19237972795963287 410
1747375961609 0.1190846785902977 420
1747375961609 0.1190846785902977 420
1747375965617 0.15529169142246246 430
1747375965618 0.15529169142246246 430
1747375972888 0.10848083347082138 440
1747375972889 0.10848083347082138 440
1747375981289 24.32943344116211 450
1747375981289 24.32943344116211 450
1747375985231 0.10285832732915878 460
1747375985231 0.10285832732915878 460
1747375990852 0.0532570444047451 470
1747375990852 0.0532570444047451 470
1747375994868 22.592395782470703 480
1747375994870 22.592395782470703 480
1747375998790 0.17142030596733093 490
1747375998790 0.17142030596733093 490
1747376004529 2.849966287612915 500
1747376004529 2.849966287612915 500
1747376008500 0.13274861872196198 510
1747376008500 0.13274861872196198 510
1747376012441 0.08496570587158203 520
1747376012441 0.08496570587158203 520
1747376017928 0.8787713646888733 530
1747376017928 0.8787713646888733 530
