1747375767424 4.943820224719101e-05 10
1747375767424 4.943820224719101e-05 10
1747375772811 4.8876404494382024e-05 20
1747375772811 4.8876404494382024e-05 20
1747375776808 4.831460674157304e-05 30
1747375776808 4.831460674157304e-05 30
1747375780671 4.7752808988764046e-05 40
1747375780673 4.7752808988764046e-05 40
1747375784590 4.719101123595506e-05 50
1747375784590 4.719101123595506e-05 50
1747375790087 4.662921348314607e-05 60
1747375790089 4.662921348314607e-05 60
1747375793962 4.606741573033708e-05 70
1747375793962 4.606741573033708e-05 70
1747375797968 4.550561797752809e-05 80
1747375797968 4.550561797752809e-05 80
1747375807512 4.4943820224719104e-05 90
1747375807508 4.4943820224719104e-05 90
1747375811416 4.438202247191011e-05 100
1747375811416 4.438202247191011e-05 100
1747375815422 4.3820224719101126e-05 110
1747375815422 4.3820224719101126e-05 110
1747375819542 4.3258426966292134e-05 120
1747375819542 4.3258426966292134e-05 120
1747375825234 4.269662921348315e-05 130
1747375825234 4.269662921348315e-05 130
1747375830910 4.2134831460674156e-05 140
1747375830910 4.2134831460674156e-05 140
1747375835255 4.157303370786517e-05 150
1747375835256 4.157303370786517e-05 150
1747375839359 4.1011235955056184e-05 160
1747375839362 4.1011235955056184e-05 160
1747375843458 4.044943820224719e-05 170
1747375843461 4.044943820224719e-05 170
1747375851654 3.98876404494382e-05 180
1747375851655 3.98876404494382e-05 180
1747375855550 3.9325842696629214e-05 190
1747375855551 3.9325842696629214e-05 190
1747375861163 3.876404494382023e-05 200
1747375861164 3.876404494382023e-05 200
1747375865107 3.8202247191011236e-05 210
1747375865107 3.8202247191011236e-05 210
1747375869039 3.764044943820225e-05 220
1747375869040 3.764044943820225e-05 220
1747375872903 3.7078651685393264e-05 230
1747375872904 3.7078651685393264e-05 230
1747375876792 3.651685393258427e-05 240
1747375876793 3.651685393258427e-05 240
1747375880632 3.595505617977528e-05 250
1747375880633 3.595505617977528e-05 250
1747375884462 3.5393258426966294e-05 260
1747375884463 3.5393258426966294e-05 260
1747375891942 3.483146067415731e-05 270
1747375891943 3.483146067415731e-05 270
1747375897494 3.4269662921348316e-05 280
1747375897494 3.4269662921348316e-05 280
1747375901473 3.370786516853933e-05 290
1747375901473 3.370786516853933e-05 290
1747375905514 3.314606741573034e-05 300
1747375905514 3.314606741573034e-05 300
1747375909496 3.258426966292135e-05 310
1747375909496 3.258426966292135e-05 310
1747375913626 3.202247191011236e-05 320
1747375913626 3.202247191011236e-05 320
1747375917619 3.1460674157303374e-05 330
1747375917619 3.1460674157303374e-05 330
1747375921658 3.089887640449438e-05 340
1747375921658 3.089887640449438e-05 340
1747375925579 3.0337078651685396e-05 350
1747375925580 3.0337078651685396e-05 350
1747375935062 2.9775280898876406e-05 360
1747375935062 2.9775280898876406e-05 360
1747375938976 2.9213483146067417e-05 370
1747375938976 2.9213483146067417e-05 370
1747375942891 2.8651685393258425e-05 380
1747375942892 2.8651685393258425e-05 380
1747375946748 2.8089887640449443e-05 390
1747375946750 2.8089887640449443e-05 390
1747375953853 2.752808988764045e-05 400
1747375953854 2.752808988764045e-05 400
1747375957718 2.696629213483146e-05 410
1747375957719 2.696629213483146e-05 410
1747375961609 2.6404494382022472e-05 420
1747375961609 2.6404494382022472e-05 420
1747375965617 2.5842696629213486e-05 430
1747375965618 2.5842696629213486e-05 430
1747375972888 2.5280898876404497e-05 440
1747375972889 2.5280898876404497e-05 440
1747375981289 2.4719101123595505e-05 450
1747375981289 2.4719101123595505e-05 450
1747375985231 2.415730337078652e-05 460
1747375985231 2.415730337078652e-05 460
1747375990852 2.359550561797753e-05 470
1747375990852 2.359550561797753e-05 470
1747375994868 2.303370786516854e-05 480
1747375994870 2.303370786516854e-05 480
1747375998790 2.2471910112359552e-05 490
1747375998790 2.2471910112359552e-05 490
1747376004529 2.1910112359550563e-05 500
1747376004529 2.1910112359550563e-05 500
1747376008500 2.1348314606741574e-05 510
1747376008500 2.1348314606741574e-05 510
1747376012441 2.0786516853932585e-05 520
1747376012441 2.0786516853932585e-05 520
1747376017928 2.0224719101123596e-05 530
1747376017928 2.0224719101123596e-05 530
