1747375767424 0.6402 10
1747375767424 0.6402 10
1747375772811 0.6362 20
1747375772811 0.6362 20
1747375776808 0.6266 30
1747375776808 0.6266 30
1747375780671 0.5782 40
1747375780673 0.5782 40
1747375784590 0.6321 50
1747375784590 0.6321 50
1747375790087 0.4721 60
1747375790089 0.4721 60
1747375793962 0.5479 70
1747375793962 0.5479 70
1747375797968 0.4809 80
1747375797968 0.4809 80
1747375807512 0.5722 90
1747375807508 0.5722 90
1747375811416 0.4333 100
1747375811416 0.4333 100
1747375815422 0.4318 110
1747375815422 0.4318 110
1747375819542 0.4372 120
1747375819542 0.4372 120
1747375825234 0.3838 130
1747375825234 0.3838 130
1747375830910 0.4129 140
1747375830910 0.4129 140
1747375835255 0.3141 150
1747375835256 0.3141 150
1747375839359 0.3921 160
1747375839362 0.3921 160
1747375843458 0.3027 170
1747375843461 0.3027 170
1747375851654 0.289 180
1747375851655 0.289 180
1747375855550 0.2617 190
1747375855551 0.2617 190
1747375861163 0.3429 200
1747375861164 0.3429 200
1747375865107 0.2571 210
1747375865107 0.2571 210
1747375869039 0.3436 220
1747375869040 0.3436 220
1747375872903 0.271 230
1747375872904 0.271 230
1747375876792 0.292 240
1747375876793 0.292 240
1747375880632 0.2009 250
1747375880633 0.2009 250
1747375884462 0.267 260
1747375884463 0.267 260
1747375891942 0.202 270
1747375891943 0.202 270
1747375897494 0.0985 280
1747375897494 0.0985 280
1747375901473 0.2672 290
1747375901473 0.2672 290
1747375905514 0.077 300
1747375905514 0.077 300
1747375909496 0.1238 310
1747375909496 0.1238 310
1747375913626 0.2337 320
1747375913626 0.2337 320
1747375917619 0.2295 330
1747375917619 0.2295 330
1747375921658 0.1925 340
1747375921658 0.1925 340
1747375925579 0.1738 350
1747375925580 0.1738 350
1747375935062 0.0624 360
1747375935062 0.0624 360
1747375938976 0.0812 370
1747375938976 0.0812 370
1747375942891 0.1148 380
1747375942892 0.1148 380
1747375946748 0.0989 390
1747375946750 0.0989 390
1747375953853 0.1372 400
1747375953854 0.1372 400
1747375957718 0.0736 410
1747375957719 0.0736 410
1747375961609 0.0889 420
1747375961609 0.0889 420
1747375965617 0.0555 430
1747375965618 0.0555 430
1747375972888 0.0959 440
1747375972889 0.0959 440
1747375981289 0.0632 450
1747375981289 0.0632 450
1747375985231 0.0039 460
1747375985231 0.0039 460
1747375990852 0.0382 470
1747375990852 0.0382 470
1747375994868 0.1438 480
1747375994870 0.1438 480
1747375998790 0.1135 490
1747375998790 0.1135 490
1747376004529 0.0711 500
1747376004529 0.0711 500
1747376008500 0.0526 510
1747376008500 0.0526 510
1747376012441 0.0371 520
1747376012441 0.0371 520
1747376017928 0.0031 530
1747376017928 0.0031 530
