1747350013963 1.0 3
1747350013964 1.0 3
1747350020225 2.0 6
1747350020231 2.0 6
1747350023738 3.0 9
1747350023738 3.0 9
1747350026973 3.3333333333333335 10
1747350026974 3.3333333333333335 10
1747350027566 4.0 12
1747350027567 4.0 12
1747350031113 5.0 15
1747350031115 5.0 15
1747350034164 6.0 18
1747350034165 6.0 18
1747350037256 6.666666666666667 20
1747350037256 6.666666666666667 20
1747350037427 7.0 21
1747350037428 7.0 21
1747350040750 8.0 24
1747350040751 8.0 24
1747350043330 9.0 27
1747350043329 9.0 27
1747350045856 10.0 30
1747350045856 10.0 30
1747350045920 10.0 30
1747350045921 10.0 30
1747350047776 10.0 30
1747350047777 10.0 30
