1744565162948 3.0 0
1744565325926 3.0 0
1744565346695 3.0 0
1744565466885 3.0 0
1744565613852 3.0 0
1744565803373 3.0 0
1744566015248 3.0 0
1744566051069 3.0 0
1744566248369 3.0 0
1744651189767 3.0 0
1744653512854 3.0 0
1744655733781 3.0 0
1744655766492 3.0 0
1744656385650 3.0 0
1744656454199 3.0 0
1744656612440 3.0 0
1744656905609 3.0 0
1744656961159 3.0 0
1744657041982 3.0 0
1744657088386 3.0 0
1744657153550 3.0 0
1744657201650 3.0 0
1744657276611 3.0 0
1744657301525 3.0 0
1744657550020 3.0 0
1744657827751 3.0 0
1744657914994 3.0 0
1744658002475 3.0 0
1744658108622 3.0 0
1744658154715 3.0 0
1744658237419 3.0 0
1744658336265 3.0 0
1744658381798 3.0 0
1744658424757 3.0 0
1744658489304 3.0 0
