1744564361051 0.056179775280898875 10
1744564361050 0.056179775280898875 10
1744564364915 0.11235955056179775 20
1744564364916 0.11235955056179775 20
1744564368780 0.16853932584269662 30
1744564368779 0.16853932584269662 30
1744564373903 0.2247191011235955 40
1744564373908 0.2247191011235955 40
1744564378234 0.2808988764044944 50
1744564378235 0.2808988764044944 50
1744564382188 0.33707865168539325 60
1744564382188 0.33707865168539325 60
1744564386106 0.39325842696629215 70
1744564386105 0.39325842696629215 70
1744564389995 0.449438202247191 80
1744564389996 0.449438202247191 80
1744564393896 0.5056179775280899 90
1744564393898 0.5056179775280899 90
1744564399436 0.5617977528089888 100
1744564399437 0.5617977528089888 100
1744564403462 0.6179775280898876 110
1744564403463 0.6179775280898876 110
1744564410697 0.6741573033707865 120
1744564410698 0.6741573033707865 120
1744564416997 0.7303370786516854 130
1744564416993 0.7303370786516854 130
1744564421822 0.7865168539325843 140
1744564421823 0.7865168539325843 140
1744564425822 0.8426966292134831 150
1744564425823 0.8426966292134831 150
1744564429834 0.898876404494382 160
1744564429835 0.898876404494382 160
1744564435430 0.9550561797752809 170
1744564435430 0.9550561797752809 170
1744564443157 1.0 178
1744564443158 1.0 178
1744564447159 1.0112359550561798 180
1744564447160 1.0112359550561798 180
1744564451357 1.0674157303370786 190
1744564451359 1.0674157303370786 190
1744564455340 1.1235955056179776 200
1744564455339 1.1235955056179776 200
1744564459411 1.1797752808988764 210
1744564459412 1.1797752808988764 210
1744564463432 1.2359550561797752 220
1744564463433 1.2359550561797752 220
1744564467474 1.2921348314606742 230
1744564467475 1.2921348314606742 230
1744564471556 1.348314606741573 240
1744564471557 1.348314606741573 240
1744564475719 1.404494382022472 250
1744564475721 1.404494382022472 250
1744564480036 1.4606741573033708 260
1744564480037 1.4606741573033708 260
1744564484120 1.5168539325842696 270
1744564484120 1.5168539325842696 270
1744564488382 1.5730337078651684 280
1744564488383 1.5730337078651684 280
1744564494164 1.6292134831460674 290
1744564494163 1.6292134831460674 290
1744564500038 1.6853932584269664 300
1744564500037 1.6853932584269664 300
1744564504139 1.7415730337078652 310
1744564504140 1.7415730337078652 310
1744564508279 1.797752808988764 320
1744564508278 1.797752808988764 320
1744564512394 1.8539325842696628 330
1744564512395 1.8539325842696628 330
1744564516543 1.9101123595505618 340
1744564516543 1.9101123595505618 340
1744564522234 1.9662921348314608 350
1744564522235 1.9662921348314608 350
1744564531046 2.0 356
1744564531047 2.0 356
1744564534708 2.0224719101123596 360
1744564534711 2.0224719101123596 360
1744564543071 2.0786516853932584 370
1744564543072 2.0786516853932584 370
1744564547152 2.134831460674157 380
1744564547153 2.134831460674157 380
1744564551191 2.191011235955056 390
1744564551192 2.191011235955056 390
1744564558516 2.247191011235955 400
1744564558516 2.247191011235955 400
1744564562562 2.303370786516854 410
1744564562563 2.303370786516854 410
1744564566597 2.359550561797753 420
1744564566599 2.359550561797753 420
1744564572244 2.4157303370786516 430
1744564572245 2.4157303370786516 430
1744564576303 2.4719101123595504 440
1744564576304 2.4719101123595504 440
1744564582054 2.5280898876404496 450
1744564582055 2.5280898876404496 450
1744564586218 2.5842696629213484 460
1744564586219 2.5842696629213484 460
1744564590283 2.640449438202247 470
1744564590284 2.640449438202247 470
1744564594370 2.696629213483146 480
1744564594371 2.696629213483146 480
1744564598459 2.752808988764045 490
1744564598460 2.752808988764045 490
1744564602597 2.808988764044944 500
1744564602598 2.808988764044944 500
1744564606724 2.865168539325843 510
1744564606725 2.865168539325843 510
1744564610904 2.9213483146067416 520
1744564610906 2.9213483146067416 520
1744564615134 2.9775280898876404 530
1744564615134 2.9775280898876404 530
1744564621730 3.0 534
1744564621732 3.0 534
1744564624584 3.0 534
1744564624585 3.0 534
1744564630591 3.0 534
1744564630595 3.0 534
1744565093398 0.056179775280898875 10
1744565093397 0.056179775280898875 10
1744565098883 0.11235955056179775 20
1744565098884 0.11235955056179775 20
1744565102768 0.16853932584269662 30
1744565102769 0.16853932584269662 30
1744565106735 0.2247191011235955 40
1744565106735 0.2247191011235955 40
1744565112393 0.2808988764044944 50
1744565112392 0.2808988764044944 50
1744565116444 0.33707865168539325 60
1744565116445 0.33707865168539325 60
1744565162938 3.0 534
1744565162938 3.0 534
1744565167639 3.0 534
1744565167638 3.0 534
1744565325918 3.0 534
1744565325918 3.0 534
1744565330484 3.0 534
1744565330485 3.0 534
1744565346686 3.0 534
1744565346687 3.0 534
1744565351291 3.0 534
1744565351292 3.0 534
1744565466877 3.0 534
1744565466878 3.0 534
1744565473143 3.0 534
1744565473144 3.0 534
1744565613843 3.0 534
1744565613843 3.0 534
1744565803361 3.0 534
1744565803363 3.0 534
1744566015239 3.0 534
1744566015240 3.0 534
1744566051059 3.0 534
1744566051059 3.0 534
1744566248358 3.0 534
1744566248358 3.0 534
1744651189756 3.0 534
1744651189756 3.0 534
1744653512844 3.0 534
1744653512844 3.0 534
1744655733763 3.0 534
1744655733765 3.0 534
1744655766482 3.0 534
1744655766483 3.0 534
1744656385640 3.0 534
1744656385640 3.0 534
1744656454190 3.0 534
1744656454190 3.0 534
1744656612431 3.0 534
1744656612432 3.0 534
1744656905601 3.0 534
1744656905601 3.0 534
1744656961159 3.0 534
1744656961159 3.0 534
1744657041951 3.0 534
1744657041951 3.0 534
1744657088373 3.0 534
1744657088375 3.0 534
1744657153548 3.0 534
1744657153546 3.0 534
1744657201631 3.0 534
1744657201631 3.0 534
1744657276591 3.0 534
1744657276591 3.0 534
1744657301515 3.0 534
1744657301516 3.0 534
1744657550008 3.0 534
1744657550009 3.0 534
1744657827740 3.0 534
1744657827741 3.0 534
1744657914984 3.0 534
1744657914984 3.0 534
1744658002463 3.0 534
1744658002464 3.0 534
1744658108606 3.0 534
1744658108606 3.0 534
1744658154715 3.0 534
1744658154715 3.0 534
1744658237401 3.0 534
1744658237401 3.0 534
1744658336255 3.0 534
1744658336255 3.0 534
1744658381781 3.0 534
1744658381781 3.0 534
1744658424744 3.0 534
1744658424745 3.0 534
1744658489293 3.0 534
1744658489294 3.0 534
