1744564361051 2.443256378173828 10
1744564361050 2.443256378173828 10
1744564364915 9.821118354797363 20
1744564364916 9.821118354797363 20
1744564368780 9.8966064453125 30
1744564368779 9.8966064453125 30
1744564373903 3.532904624938965 40
1744564373908 3.532904624938965 40
1744564378234 3.4213550090789795 50
1744564378235 3.4213550090789795 50
1744564382188 10.73155403137207 60
1744564382188 10.73155403137207 60
1744564386106 10.300085067749023 70
1744564386105 10.300085067749023 70
1744564389995 3.7307090759277344 80
1744564389996 3.7307090759277344 80
1744564393896 23.45500946044922 90
1744564393898 23.45500946044922 90
1744564399436 8.03190803527832 100
1744564399437 8.03190803527832 100
1744564403462 6.672062397003174 110
1744564403463 6.672062397003174 110
1744564410697 3.893296957015991 120
1744564410698 3.893296957015991 120
1744564416993 5.743590354919434 130
1744564416997 5.743590354919434 130
1744564421822 16.932899475097656 140
1744564421823 16.932899475097656 140
1744564425822 8.014538764953613 150
1744564425823 8.014538764953613 150
1744564429834 2.9084393978118896 160
1744564429835 2.9084393978118896 160
1744564435430 3.6577749252319336 170
1744564435430 3.6577749252319336 170
1744564447159 6.627542495727539 180
1744564447160 6.627542495727539 180
1744564451357 11.150460243225098 190
1744564451359 11.150460243225098 190
1744564455340 4.43596887588501 200
1744564455339 4.43596887588501 200
1744564459411 16.23783302307129 210
1744564459412 16.23783302307129 210
1744564463432 0.763197660446167 220
1744564463433 0.763197660446167 220
1744564467474 2.845491647720337 230
1744564467475 2.845491647720337 230
1744564471556 1.0537785291671753 240
1744564471557 1.0537785291671753 240
1744564475719 1.7285927534103394 250
1744564475721 1.7285927534103394 250
1744564480036 21.329282760620117 260
1744564480037 21.329282760620117 260
1744564484120 26.153343200683594 270
1744564484120 26.153343200683594 270
1744564488382 0.4532833397388458 280
1744564488383 0.4532833397388458 280
1744564494164 5.802530765533447 290
1744564494163 5.802530765533447 290
1744564500038 0.6022088527679443 300
1744564500037 0.6022088527679443 300
1744564504139 4.945509433746338 310
1744564504140 4.945509433746338 310
1744564508278 19.065025329589844 320
1744564508279 19.065025329589844 320
1744564512394 41.08320617675781 330
1744564512395 41.08320617675781 330
1744564516543 12.22740650177002 340
1744564516543 12.22740650177002 340
1744564522234 0.4621765613555908 350
1744564522235 0.4621765613555908 350
1744564534708 0.3033221364021301 360
1744564534711 0.3033221364021301 360
1744564543071 1.0444382429122925 370
1744564543072 1.0444382429122925 370
1744564547152 16.266162872314453 380
1744564547153 16.266162872314453 380
1744564551191 0.36489665508270264 390
1744564551192 0.36489665508270264 390
1744564558516 0.4241064190864563 400
1744564558516 0.4241064190864563 400
1744564562562 1.6225473880767822 410
1744564562563 1.6225473880767822 410
1744564566597 0.46284574270248413 420
1744564566599 0.46284574270248413 420
1744564572244 3.7975428104400635 430
1744564572245 3.7975428104400635 430
1744564576303 2.126681327819824 440
1744564576304 2.126681327819824 440
1744564582054 0.11974559724330902 450
1744564582055 0.11974559724330902 450
1744564586218 7.029659271240234 460
1744564586219 7.029659271240234 460
1744564590283 0.6225051879882812 470
1744564590284 0.6225051879882812 470
1744564594370 7.957234859466553 480
1744564594371 7.957234859466553 480
1744564598459 4.292382717132568 490
1744564598460 4.292382717132568 490
1744564602597 0.25835075974464417 500
1744564602598 0.25835075974464417 500
1744564606724 1.5758650302886963 510
1744564606725 1.5758650302886963 510
1744564610904 13.84986400604248 520
1744564610906 13.84986400604248 520
1744564615134 0.1809454709291458 530
1744564615134 0.1809454709291458 530
1744565093398 1.9355829954147339 10
1744565093397 1.9355829954147339 10
1744565098883 4.936184406280518 20
1744565098884 4.936184406280518 20
1744565102769 2.7286412715911865 30
1744565102768 2.7286412715911865 30
1744565106735 3.9423017501831055 40
1744565106735 3.9423017501831055 40
1744565112393 3.9631335735321045 50
1744565112392 3.9631335735321045 50
1744565116444 8.28734302520752 60
1744565116445 8.28734302520752 60
