1744564361050 0.5673 10
1744564361051 0.5673 10
1744564364915 0.6453 20
1744564364916 0.6453 20
1744564368780 0.6031 30
1744564373903 0.5864 40
1744564373908 0.5864 40
1744564378234 0.5587 50
1744564378235 0.5587 50
1744564382188 0.6382 60
1744564382188 0.6382 60
1744564386106 0.5861 70
1744564386105 0.5861 70
1744564389995 0.6695 80
1744564389996 0.6695 80
1744564393896 0.4536 90
1744564393898 0.4536 90
1744564399436 0.596 100
1744564399437 0.596 100
1744564403462 0.4672 110
1744564403463 0.4672 110
1744564410697 0.5472 120
1744564410698 0.5472 120
1744564416993 0.5942 130
1744564416997 0.5942 130
1744564421822 0.4037 140
1744564421823 0.4037 140
1744564425822 0.6384 150
1744564425823 0.6384 150
1744564429834 0.3923 160
1744564429835 0.3923 160
1744564435430 0.3892 170
1744564435430 0.3892 170
1744564447159 0.475 180
1744564447160 0.475 180
1744564451357 0.2872 190
1744564451359 0.2872 190
1744564455340 0.3849 200
1744564455339 0.3849 200
1744564459411 0.1645 210
1744564459412 0.1645 210
1744564463432 0.4165 220
1744564463433 0.4165 220
1744564467474 0.3857 230
1744564467475 0.3857 230
1744564471556 0.1729 240
1744564471557 0.1729 240
1744564475719 0.3089 250
1744564475721 0.3089 250
1744564480036 0.3157 260
1744564480037 0.3157 260
1744564484120 0.4466 270
1744564484120 0.4466 270
1744564488382 0.0846 280
1744564488383 0.0846 280
1744564494164 0.1949 290
1744564494163 0.1949 290
1744564500037 0.3947 300
1744564500038 0.3947 300
1744564504139 0.5636 310
1744564504140 0.5636 310
1744564508278 0.2684 320
1744564508279 0.2684 320
1744564512394 0.1844 330
1744564512395 0.1844 330
1744564516543 0.5652 340
1744564516543 0.5652 340
1744564522234 0.2432 350
1744564522235 0.2432 350
1744564534708 0.0857 360
1744564534711 0.0857 360
1744564543071 0.1416 370
1744564543072 0.1416 370
1744564547152 0.1848 380
1744564547153 0.1848 380
1744564551191 0.0953 390
1744564551192 0.0953 390
1744564558516 0.1352 400
1744564558516 0.1352 400
1744564562562 0.1472 410
1744564562563 0.1472 410
1744564566597 0.0963 420
1744564566599 0.0963 420
1744564572244 0.199 430
1744564572245 0.199 430
1744564576303 0.1511 440
1744564576304 0.1511 440
1744564582054 0.1978 450
1744564582055 0.1978 450
1744564586218 0.2439 460
1744564586219 0.2439 460
1744564590283 0.1884 470
1744564590284 0.1884 470
1744564594370 0.073 480
1744564594371 0.073 480
1744564598459 0.2669 490
1744564598460 0.2669 490
1744564602597 0.0898 500
1744564602598 0.0898 500
1744564606724 0.226 510
1744564606725 0.226 510
1744564610904 0.0964 520
1744564610906 0.0964 520
1744564615134 0.1229 530
1744564615134 0.1229 530
1744565093398 0.6216 10
1744565093397 0.6216 10
1744565098883 0.6184 20
1744565098884 0.6184 20
1744565102769 0.5901 30
1744565102768 0.5901 30
1744565106735 0.5917 40
1744565106735 0.5917 40
1744565112393 0.5563 50
1744565116445 0.6352 60
