1744564624584 560426547916800.0 534
1744564624585 560426547916800.0 534
1744565162938 560426547916800.0 534
1744565162938 560426547916800.0 534
1744565325918 560426547916800.0 534
1744565325918 560426547916800.0 534
1744565346686 560426547916800.0 534
1744565346687 560426547916800.0 534
1744565466877 560426547916800.0 534
1744565466878 560426547916800.0 534
1744565613843 560426547916800.0 534
1744565613843 560426547916800.0 534
1744565803361 560426547916800.0 534
1744565803363 560426547916800.0 534
1744566015239 560426547916800.0 534
1744566015240 560426547916800.0 534
1744566051059 560426547916800.0 534
1744566051059 560426547916800.0 534
1744566248358 560426547916800.0 534
1744566248358 560426547916800.0 534
1744651189756 560426547916800.0 534
1744651189756 560426547916800.0 534
1744653512844 560426547916800.0 534
1744653512844 560426547916800.0 534
1744655733763 560426547916800.0 534
1744655733765 560426547916800.0 534
1744655766482 560426547916800.0 534
1744655766483 560426547916800.0 534
1744656385640 560426547916800.0 534
1744656385640 560426547916800.0 534
1744656454190 560426547916800.0 534
1744656454190 560426547916800.0 534
1744656612431 560426547916800.0 534
1744656612432 560426547916800.0 534
1744656905601 560426547916800.0 534
1744656905601 560426547916800.0 534
1744656961159 560426547916800.0 534
1744656961159 560426547916800.0 534
1744657041951 560426547916800.0 534
1744657041951 560426547916800.0 534
1744657088373 560426547916800.0 534
1744657088375 560426547916800.0 534
1744657153548 560426547916800.0 534
1744657153546 560426547916800.0 534
1744657201631 560426547916800.0 534
1744657201631 560426547916800.0 534
1744657276591 560426547916800.0 534
1744657276591 560426547916800.0 534
1744657301515 560426547916800.0 534
1744657301516 560426547916800.0 534
1744657550008 560426547916800.0 534
1744657550009 560426547916800.0 534
1744657827740 560426547916800.0 534
1744657827741 560426547916800.0 534
1744657914984 560426547916800.0 534
1744657914984 560426547916800.0 534
1744658002463 560426547916800.0 534
1744658002464 560426547916800.0 534
1744658108606 560426547916800.0 534
1744658108606 560426547916800.0 534
1744658154715 560426547916800.0 534
1744658154715 560426547916800.0 534
1744658237401 560426547916800.0 534
1744658237401 560426547916800.0 534
1744658336255 560426547916800.0 534
1744658336255 560426547916800.0 534
1744658381781 560426547916800.0 534
1744658381781 560426547916800.0 534
1744658424744 560426547916800.0 534
1744658424745 560426547916800.0 534
1744658489293 560426547916800.0 534
1744658489294 560426547916800.0 534
