1744564624584 1.961 534
1744564624585 1.961 534
1744565162938 1472.402 534
1744565162938 1472.402 534
1744565325918 1498.321 534
1744565325918 1498.321 534
1744565346686 1481.419 534
1744565346687 1481.419 534
1744565466877 1445.057 534
1744565466878 1445.057 534
1744565613843 1391.953 534
1744565613843 1391.953 534
1744565803361 1286.813 534
1744565803363 1286.813 534
1744566015239 1032.265 534
1744566015240 1032.265 534
1744566051059 1532.758 534
1744566051059 1532.758 534
1744566248358 1248.799 534
1744566248358 1248.799 534
1744651189756 687.017 534
1744651189756 687.017 534
1744653512844 1367.846 534
1744653512844 1367.846 534
1744655733763 1507.948 534
1744655733765 1507.948 534
1744655766482 1523.459 534
1744655766483 1523.459 534
1744656385640 1372.129 534
1744656385640 1372.129 534
1744656454190 1480.207 534
1744656454190 1480.207 534
1744656612431 1510.061 534
1744656612432 1510.061 534
1744656905601 1270.766 534
1744656905601 1270.766 534
1744656961159 1510.732 534
1744656961159 1510.732 534
1744657041951 1610.981 534
1744657041951 1610.981 534
1744657088373 1453.242 534
1744657088375 1453.242 534
1744657153548 1509.818 534
1744657153546 1509.818 534
1744657201631 1350.314 534
1744657201631 1350.314 534
1744657276591 1401.291 534
1744657276591 1401.291 534
1744657301515 1378.416 534
1744657301516 1378.416 534
1744657550008 1341.102 534
1744657550009 1341.102 534
1744657827740 1508.659 534
1744657827741 1508.659 534
1744657914984 1413.081 534
1744657914984 1413.081 534
1744658002463 1381.298 534
1744658002464 1381.298 534
1744658108606 1367.022 534
1744658108606 1367.022 534
1744658154715 1440.02 534
1744658154715 1440.02 534
1744658237401 1270.205 534
1744658237401 1270.205 534
1744658336255 1197.684 534
1744658336255 1197.684 534
1744658381781 1464.202 534
1744658381781 1464.202 534
1744658424744 1013.707 534
1744658424745 1013.707 534
1744658489293 1598.288 534
1744658489294 1598.288 534
