1744564624584 272.2795 534
1744564624585 272.2795 534
1744565162938 0.3627 534
1744565162938 0.3627 534
1744565325918 0.3564 534
1744565325918 0.3564 534
1744565346686 0.3605 534
1744565346687 0.3605 534
1744565466877 0.3695 534
1744565466878 0.3695 534
1744565613843 0.3836 534
1744565613843 0.3836 534
1744565803361 0.415 534
1744565803363 0.415 534
1744566015239 0.5173 534
1744566015240 0.5173 534
1744566051059 0.3484 534
1744566051059 0.3484 534
1744566248358 0.4276 534
1744566248358 0.4276 534
1744651189756 0.7773 534
1744651189756 0.7773 534
1744653512844 0.3904 534
1744653512844 0.3904 534
1744655733763 0.3541 534
1744655733765 0.3541 534
1744655766482 0.3505 534
1744656385640 0.3892 534
1744656385640 0.3892 534
1744656454190 0.3608 534
1744656454190 0.3608 534
1744656612431 0.3536 534
1744656612432 0.3536 534
1744656905601 0.4202 534
1744656905601 0.4202 534
1744656961159 0.3535 534
1744656961159 0.3535 534
1744657041951 0.3315 534
1744657041951 0.3315 534
1744657088373 0.3675 534
1744657088375 0.3675 534
1744657153546 0.3537 534
1744657153548 0.3537 534
1744657201631 0.3955 534
1744657201631 0.3955 534
1744657276591 0.3811 534
1744657276591 0.3811 534
1744657301515 0.3874 534
1744657301516 0.3874 534
1744657550008 0.3982 534
1744657550009 0.3982 534
1744657827740 0.354 534
1744657827741 0.354 534
1744657914984 0.3779 534
1744657914984 0.3779 534
1744658002463 0.3866 534
1744658002464 0.3866 534
1744658108606 0.3906 534
1744658108606 0.3906 534
1744658154715 0.3708 534
1744658154715 0.3708 534
1744658237401 0.4204 534
1744658237401 0.4204 534
1744658336255 0.4459 534
1744658336255 0.4459 534
1744658381781 0.3647 534
1744658381781 0.3647 534
1744658424744 0.5268 534
1744658424745 0.5268 534
1744658489293 0.3341 534
1744658489294 0.3341 534
