1744564624584 0.3359246814295594 534
1744564624585 0.3359246814295594 534
1744565162938 0.0 534
1744565162938 0.0 534
1744565325918 0.0 534
1744565325918 0.0 534
1744565346686 0.0 534
1744565346687 0.0 534
1744565466877 0.0 534
1744565466878 0.0 534
1744565613843 0.0 534
1744565613843 0.0 534
1744565803361 0.0 534
1744565803363 0.0 534
1744566015239 0.0 534
1744566015240 0.0 534
1744566051059 0.0 534
1744566248358 0.0 534
1744566248358 0.0 534
1744651189756 0.0 534
1744651189756 0.0 534
1744653512844 0.0 534
1744653512844 0.0 534
1744655733763 0.0 534
1744655733765 0.0 534
1744655766482 0.0 534
1744655766483 0.0 534
1744656385640 0.0 534
1744656385640 0.0 534
1744656454190 0.0 534
1744656454190 0.0 534
1744656612431 0.0 534
1744656612432 0.0 534
1744656905601 0.0 534
1744656905601 0.0 534
1744656961159 0.0 534
1744656961159 0.0 534
1744657041951 0.0 534
1744657041951 0.0 534
1744657088373 0.0 534
1744657088375 0.0 534
1744657153548 0.0 534
1744657153546 0.0 534
1744657201631 0.0 534
1744657201631 0.0 534
1744657276591 0.0 534
1744657276591 0.0 534
1744657301515 0.0 534
1744657301516 0.0 534
1744657550008 0.0 534
1744657550009 0.0 534
1744657827740 0.0 534
1744657827741 0.0 534
1744657914984 0.0 534
1744657914984 0.0 534
1744658002463 0.0 534
1744658002464 0.0 534
1744658108606 0.0 534
1744658108606 0.0 534
1744658154715 0.0 534
1744658154715 0.0 534
1744658237401 0.0 534
1744658237401 0.0 534
1744658336255 0.0 534
1744658336255 0.0 534
1744658381781 0.0 534
1744658381781 0.0 534
1744658424744 0.0 534
1744658424745 0.0 534
1744658489293 0.0 534
1744658489294 0.0 534
