1744564624584 15.646 534
1744564624585 15.646 534
1744565162938 11746.125 534
1744565162938 11746.125 534
1744565325918 11952.901 534
1744565325918 11952.901 534
1744565346686 11818.059 534
1744565346687 11818.059 534
1744565466877 11527.98 534
1744565466878 11527.98 534
1744565613843 11104.345 534
1744565613843 11104.345 534
1744565803361 10265.586 534
1744565803363 10265.586 534
1744566015239 8234.924 534
1744566015240 8234.924 534
1744566051059 12227.622 534
1744566051059 12227.622 534
1744566248358 9962.329 534
1744566248358 9962.329 534
1744651189756 5480.699 534
1744651189756 5480.699 534
1744653512844 10912.034 534
1744653512844 10912.034 534
1744655733763 12029.698 534
1744655733765 12029.698 534
1744655766482 12153.434 534
1744655766483 12153.434 534
1744656385640 10946.194 534
1744656385640 10946.194 534
1744656454190 11808.39 534
1744656454190 11808.39 534
1744656612431 12046.552 534
1744656612432 12046.552 534
1744656905601 10137.572 534
1744656905601 10137.572 534
1744656961159 12051.907 534
1744656961159 12051.907 534
1744657041951 12851.647 534
1744657041951 12851.647 534
1744657088373 11593.279 534
1744657088375 11593.279 534
1744657153546 12044.619 534
1744657153548 12044.619 534
1744657201631 10772.171 534
1744657201631 10772.171 534
1744657276591 11178.835 534
1744657276591 11178.835 534
1744657301515 10996.355 534
1744657301516 10996.355 534
1744657550008 10698.679 534
1744657550009 10698.679 534
1744657827740 12035.37 534
1744657827741 12035.37 534
1744657914984 11272.891 534
1744657914984 11272.891 534
1744658002463 11019.345 534
1744658002464 11019.345 534
1744658108606 10905.46 534
1744658108606 10905.46 534
1744658154715 11487.801 534
1744658154715 11487.801 534
1744658237401 10133.1 534
1744658237401 10133.1 534
1744658336255 9554.555 534
1744658336255 9554.555 534
1744658381781 11680.709 534
1744658381781 11680.709 534
1744658424744 8086.876 534
1744658424745 8086.876 534
1744658489293 12750.391 534
1744658489294 12750.391 534
1744725397815 5515.945 534
1744725397816 5515.945 534
1744725556956 12215.1 534
1744725556957 12215.1 534
1744725921893 12045.626 534
1744725921894 12045.626 534
1744725963595 11326.744 534
1744725963596 11326.744 534
1744817636721 5481.586 534
1744817636735 5481.586 534
1744817773615 10905.653 534
1744817773615 10905.653 534
1744817844661 11615.927 534
1744817844662 11615.927 534
1744827828165 9840.432 534
1744827828165 9840.432 534
1744827884114 11578.284 534
1744827884115 11578.284 534
1744827975681 10724.912 534
1744827975681 10724.912 534
1744830117024 9071.648 534
1744830117024 9071.648 534
