1747351800071 1.0 5
1747351800072 1.0 5
1747351821685 2.0 10
1747351821685 2.0 10
1747351821967 2.0 10
1747351821968 2.0 10
1747351845017 3.0 15
1747351845017 3.0 15
1747351864200 4.0 20
1747351864200 4.0 20
1747351864505 4.0 20
1747351864505 4.0 20
1747351884589 5.0 25
1747351884590 5.0 25
1747351906718 6.0 30
1747351906718 6.0 30
1747351906991 6.0 30
1747351906992 6.0 30
1747351927379 7.0 35
1747351927379 7.0 35
1747351950923 8.0 40
1747351950924 8.0 40
1747351951267 8.0 40
1747351951268 8.0 40
1747351953781 8.0 40
1747351953782 8.0 40
