1747413319050 0.0228310502283105 10
1747413319051 0.0228310502283105 10
1747413322777 0.045662100456621 20
1747413322778 0.045662100456621 20
1747413326563 0.0684931506849315 30
1747413326564 0.0684931506849315 30
1747413331884 0.091324200913242 40
1747413331885 0.091324200913242 40
1747413335624 0.1141552511415525 50
1747413335625 0.1141552511415525 50
1747413339404 0.136986301369863 60
1747413339404 0.136986301369863 60
1747413343174 0.1598173515981735 70
1747413343174 0.1598173515981735 70
1747413346930 0.182648401826484 80
1747413346930 0.182648401826484 80
1747413350687 0.2054794520547945 90
1747413350688 0.2054794520547945 90
1747413354567 0.228310502283105 100
1747413354568 0.228310502283105 100
1747413359976 0.2511415525114155 110
1747413359977 0.2511415525114155 110
1747413363826 0.273972602739726 120
1747413363825 0.273972602739726 120
1747413367778 0.2968036529680365 130
1747413367779 0.2968036529680365 130
1747413373401 0.319634703196347 140
1747413373401 0.319634703196347 140
1747413377363 0.3424657534246575 150
1747413377364 0.3424657534246575 150
1747413381235 0.365296803652968 160
1747413381236 0.365296803652968 160
1747413385152 0.3881278538812785 170
1747413385153 0.3881278538812785 170
1747413389001 0.410958904109589 180
1747413389002 0.410958904109589 180
1747413392827 0.4337899543378995 190
1747413392828 0.4337899543378995 190
1747413396686 0.45662100456621 200
1747413396686 0.45662100456621 200
1747413402124 0.4794520547945205 210
1747413402124 0.4794520547945205 210
1747413410615 0.502283105022831 220
1747413410618 0.502283105022831 220
1747413414649 0.5251141552511416 230
1747413414650 0.5251141552511416 230
1747413420155 0.547945205479452 240
1747413420155 0.547945205479452 240
1747413425580 0.5707762557077626 250
1747413425582 0.5707762557077626 250
1747413432342 0.593607305936073 260
1747413432346 0.593607305936073 260
1747413436580 0.6164383561643836 270
1747413436581 0.6164383561643836 270
1747413442094 0.639269406392694 280
1747413442094 0.639269406392694 280
1747413446400 0.6621004566210046 290
1747413446401 0.6621004566210046 290
1747413450354 0.684931506849315 300
1747413450355 0.684931506849315 300
1747413454319 0.7077625570776256 310
1747413454320 0.7077625570776256 310
1747413459932 0.730593607305936 320
1747413459933 0.730593607305936 320
1747413463807 0.7534246575342466 330
1747413463807 0.7534246575342466 330
1747413467686 0.776255707762557 340
1747413467686 0.776255707762557 340
1747413471893 0.7990867579908676 350
1747413471897 0.7990867579908676 350
1747413479108 0.821917808219178 360
1747413479109 0.821917808219178 360
1747413483067 0.8447488584474886 370
1747413483068 0.8447488584474886 370
1747413487015 0.867579908675799 380
1747413487015 0.867579908675799 380
1747413492698 0.8904109589041096 390
1747413492702 0.8904109589041096 390
1747413496765 0.91324200913242 400
1747413496765 0.91324200913242 400
1747413500893 0.9360730593607306 410
1747413500894 0.9360730593607306 410
1747413504910 0.958904109589041 420
1747413504909 0.958904109589041 420
1747413509090 0.9817351598173516 430
1747413509091 0.9817351598173516 430
1747413524283 1.0 438
1747413524281 1.0 438
1747413528384 1.004566210045662 440
1747413528384 1.004566210045662 440
1747413532352 1.0273972602739727 450
1747413532352 1.0273972602739727 450
1747413539746 1.0502283105022832 460
1747413539747 1.0502283105022832 460
1747413545353 1.0730593607305936 470
1747413545355 1.0730593607305936 470
1747413549277 1.095890410958904 480
1747413549276 1.095890410958904 480
1747413553218 1.1187214611872145 490
1747413553218 1.1187214611872145 490
1747413558811 1.1415525114155252 500
1747413558811 1.1415525114155252 500
1747413562788 1.1643835616438356 510
1747413562788 1.1643835616438356 510
1747413566921 1.187214611872146 520
1747413566921 1.187214611872146 520
1747413572659 1.2100456621004567 530
1747413572661 1.2100456621004567 530
1747413576604 1.2328767123287672 540
1747413576604 1.2328767123287672 540
1747413580555 1.2557077625570776 550
1747413580555 1.2557077625570776 550
1747413586284 1.278538812785388 560
1747413586285 1.278538812785388 560
1747413590272 1.3013698630136985 570
1747413590272 1.3013698630136985 570
1747413594301 1.3242009132420092 580
1747413594302 1.3242009132420092 580
1747413599945 1.3470319634703196 590
1747413599945 1.3470319634703196 590
1747413605890 1.36986301369863 600
1747413605890 1.36986301369863 600
1747413609831 1.3926940639269407 610
1747413609837 1.3926940639269407 610
1747413613805 1.4155251141552512 620
1747413613805 1.4155251141552512 620
1747413617773 1.4383561643835616 630
1747413617773 1.4383561643835616 630
1747413621722 1.461187214611872 640
1747413621722 1.461187214611872 640
1747413625724 1.4840182648401825 650
1747413625724 1.4840182648401825 650
1747413629692 1.5068493150684932 660
1747413629693 1.5068493150684932 660
1747413633687 1.5296803652968036 670
1747413633687 1.5296803652968036 670
1747413637694 1.5525114155251143 680
1747413637695 1.5525114155251143 680
1747413643393 1.5753424657534247 690
1747413643394 1.5753424657534247 690
1747413647436 1.5981735159817352 700
1747413647438 1.5981735159817352 700
1747413651491 1.6210045662100456 710
1747413651491 1.6210045662100456 710
1747413657170 1.643835616438356 720
1747413657171 1.643835616438356 720
1747413661158 1.6666666666666665 730
1747413661174 1.6666666666666665 730
1747413665184 1.6894977168949772 740
1747413665185 1.6894977168949772 740
1747413669166 1.7123287671232876 750
1747413669165 1.7123287671232876 750
1747413673142 1.7351598173515983 760
1747413673142 1.7351598173515983 760
1747413677109 1.7579908675799087 770
1747413677109 1.7579908675799087 770
1747413682764 1.7808219178082192 780
1747413682764 1.7808219178082192 780
1747413686725 1.8036529680365296 790
1747413686727 1.8036529680365296 790
1747413692393 1.82648401826484 800
1747413692393 1.82648401826484 800
1747413698070 1.8493150684931505 810
1747413698072 1.8493150684931505 810
1747413702064 1.8721461187214612 820
1747413702064 1.8721461187214612 820
1747413706060 1.8949771689497716 830
1747413706061 1.8949771689497716 830
1747413711794 1.9178082191780823 840
1747413711794 1.9178082191780823 840
1747413715922 1.9406392694063928 850
1747413715923 1.9406392694063928 850
1747413719945 1.9634703196347032 860
1747413719945 1.9634703196347032 860
1747413723995 1.9863013698630136 870
1747413723995 1.9863013698630136 870
1747413738096 2.0 876
1747413738096 2.0 876
1747413741905 2.009132420091324 880
1747413741905 2.009132420091324 880
1747413745913 2.0319634703196345 890
1747413745913 2.0319634703196345 890
1747413751573 2.0547945205479454 900
1747413751574 2.0547945205479454 900
1747413757303 2.077625570776256 910
1747413757303 2.077625570776256 910
1747413762988 2.1004566210045663 920
1747413762988 2.1004566210045663 920
1747413768717 2.1232876712328768 930
1747413768719 2.1232876712328768 930
1747413772708 2.146118721461187 940
1747413772709 2.146118721461187 940
1747413776681 2.1689497716894977 950
1747413776696 2.1689497716894977 950
1747413782361 2.191780821917808 960
1747413782362 2.191780821917808 960
1747413786448 2.2146118721461185 970
1747413786449 2.2146118721461185 970
1747413790398 2.237442922374429 980
1747413790398 2.237442922374429 980
1747413794454 2.26027397260274 990
1747413794455 2.26027397260274 990
1747413798416 2.2831050228310503 1000
1747413798416 2.2831050228310503 1000
1747413802399 2.3059360730593608 1010
1747413802399 2.3059360730593608 1010
1747413806449 2.328767123287671 1020
1747413806451 2.328767123287671 1020
1747413810532 2.3515981735159817 1030
1747413810569 2.3515981735159817 1030
1747413816293 2.374429223744292 1040
1747413816294 2.374429223744292 1040
1747413820300 2.3972602739726026 1050
1747413820300 2.3972602739726026 1050
1747413824353 2.4200913242009134 1060
1747413824354 2.4200913242009134 1060
1747413828465 2.442922374429224 1070
1747413828466 2.442922374429224 1070
1747413832617 2.4657534246575343 1080
1747413832617 2.4657534246575343 1080
1747413836767 2.4885844748858448 1090
1747413836767 2.4885844748858448 1090
1747413840775 2.5114155251141552 1100
1747413840776 2.5114155251141552 1100
1747413844854 2.5342465753424657 1110
1747413844856 2.5342465753424657 1110
1747413850593 2.557077625570776 1120
1747413850593 2.557077625570776 1120
1747413854768 2.5799086757990866 1130
1747413854768 2.5799086757990866 1130
1747413862119 2.602739726027397 1140
1747413862119 2.602739726027397 1140
1747413866203 2.625570776255708 1150
1747413866203 2.625570776255708 1150
1747413870236 2.6484018264840183 1160
1747413870236 2.6484018264840183 1160
1747413874254 2.671232876712329 1170
1747413874254 2.671232876712329 1170
1747413878683 2.6940639269406392 1180
1747413878685 2.6940639269406392 1180
1747413885741 2.7168949771689497 1190
1747413885742 2.7168949771689497 1190
1747413889737 2.73972602739726 1200
1747413889738 2.73972602739726 1200
1747413895502 2.762557077625571 1210
1747413895502 2.762557077625571 1210
1747413899540 2.7853881278538815 1220
1747413899541 2.7853881278538815 1220
1747413903654 2.808219178082192 1230
1747413903654 2.808219178082192 1230
1747413909389 2.8310502283105023 1240
1747413909390 2.8310502283105023 1240
1747413913477 2.853881278538813 1250
1747413913477 2.853881278538813 1250
1747413919216 2.8767123287671232 1260
1747413919217 2.8767123287671232 1260
1747413924948 2.8995433789954337 1270
1747413924948 2.8995433789954337 1270
1747413930794 2.922374429223744 1280
1747413930795 2.922374429223744 1280
1747413934873 2.9452054794520546 1290
1747413934873 2.9452054794520546 1290
1747413938882 2.968036529680365 1300
1747413938881 2.968036529680365 1300
1747413942910 2.990867579908676 1310
1747413942913 2.990867579908676 1310
1747413956124 3.0 1314
1747413956124 3.0 1314
1747413961057 3.0136986301369864 1320
1747413961057 3.0136986301369864 1320
1747413965277 3.036529680365297 1330
1747413965293 3.036529680365297 1330
1747413972474 3.0593607305936072 1340
1747413972474 3.0593607305936072 1340
1747413976495 3.0821917808219177 1350
1747413976496 3.0821917808219177 1350
1747413980524 3.105022831050228 1360
1747413980524 3.105022831050228 1360
1747413986292 3.127853881278539 1370
1747413986292 3.127853881278539 1370
1747413992040 3.1506849315068495 1380
1747413992041 3.1506849315068495 1380
1747413996079 3.17351598173516 1390
1747413996079 3.17351598173516 1390
1747414001776 3.1963470319634704 1400
1747414001776 3.1963470319634704 1400
1747414005854 3.219178082191781 1410
1747414005855 3.219178082191781 1410
1747414011647 3.2420091324200913 1420
1747414011646 3.2420091324200913 1420
1747414015708 3.2648401826484017 1430
1747414015709 3.2648401826484017 1430
1747414021326 3.287671232876712 1440
1747414021326 3.287671232876712 1440
1747414026948 3.3105022831050226 1450
1747414026948 3.3105022831050226 1450
1747414030943 3.3333333333333335 1460
1747414030943 3.3333333333333335 1460
1747414035092 3.356164383561644 1470
1747414035091 3.356164383561644 1470
1747414039159 3.3789954337899544 1480
1747414039160 3.3789954337899544 1480
1747414043253 3.401826484018265 1490
1747414043254 3.401826484018265 1490
1747414047461 3.4246575342465753 1500
1747414047461 3.4246575342465753 1500
1747414051521 3.4474885844748857 1510
1747414051521 3.4474885844748857 1510
1747414055644 3.470319634703196 1520
1747414055644 3.470319634703196 1520
1747414059745 3.493150684931507 1530
1747414059745 3.493150684931507 1530
1747414063846 3.5159817351598175 1540
1747414063846 3.5159817351598175 1540
1747414067913 3.538812785388128 1550
1747414067914 3.538812785388128 1550
1747414073649 3.5616438356164384 1560
1747414073649 3.5616438356164384 1560
1747414077682 3.584474885844749 1570
1747414077683 3.584474885844749 1570
1747414081813 3.6073059360730593 1580
1747414081813 3.6073059360730593 1580
1747414086008 3.6301369863013697 1590
1747414086009 3.6301369863013697 1590
1747414090179 3.65296803652968 1600
1747414090179 3.65296803652968 1600
1747414095980 3.6757990867579906 1610
1747414095980 3.6757990867579906 1610
1747414101753 3.6986301369863015 1620
1747414101754 3.6986301369863015 1620
1747414105963 3.721461187214612 1630
1747414105963 3.721461187214612 1630
1747414110082 3.7442922374429224 1640
1747414110083 3.7442922374429224 1640
1747414114248 3.767123287671233 1650
1747414114248 3.767123287671233 1650
1747414118271 3.7899543378995433 1660
1747414118271 3.7899543378995433 1660
1747414123932 3.8127853881278537 1670
1747414123932 3.8127853881278537 1670
1747414129684 3.8356164383561646 1680
1747414129685 3.8356164383561646 1680
1747414133856 3.858447488584475 1690
1747414133858 3.858447488584475 1690
1747414138032 3.8812785388127855 1700
1747414138033 3.8812785388127855 1700
1747414143765 3.904109589041096 1710
1747414143781 3.904109589041096 1710
1747414149534 3.9269406392694064 1720
1747414149534 3.9269406392694064 1720
1747414156904 3.949771689497717 1730
1747414156917 3.949771689497717 1730
1747414161084 3.9726027397260273 1740
1747414161082 3.9726027397260273 1740
1747414165099 3.9954337899543377 1750
1747414165100 3.9954337899543377 1750
1747414177488 4.0 1752
1747414177487 4.0 1752
1747414183437 4.018264840182648 1760
1747414183438 4.018264840182648 1760
1747414188219 4.041095890410959 1770
1747414188219 4.041095890410959 1770
1747414192274 4.063926940639269 1780
1747414192275 4.063926940639269 1780
1747414196302 4.0867579908675795 1790
1747414196302 4.0867579908675795 1790
1747414200375 4.109589041095891 1800
1747414200376 4.109589041095891 1800
1747414206154 4.132420091324201 1810
1747414206154 4.132420091324201 1810
1747414212183 4.155251141552512 1820
1747414212192 4.155251141552512 1820
1747414216460 4.178082191780822 1830
1747414216461 4.178082191780822 1830
1747414222226 4.200913242009133 1840
1747414222227 4.200913242009133 1840
1747414226473 4.223744292237443 1850
1747414226474 4.223744292237443 1850
1747414230581 4.2465753424657535 1860
1747414230582 4.2465753424657535 1860
1747414236257 4.269406392694064 1870
1747414236258 4.269406392694064 1870
1747414241911 4.292237442922374 1880
1747414241911 4.292237442922374 1880
1747414247630 4.315068493150685 1890
1747414247632 4.315068493150685 1890
1747414251880 4.337899543378995 1900
1747414251882 4.337899543378995 1900
1747414257736 4.360730593607306 1910
1747414257737 4.360730593607306 1910
1747414266747 4.383561643835616 1920
1747414266752 4.383561643835616 1920
1747414272803 4.406392694063927 1930
1747414272804 4.406392694063927 1930
1747414276968 4.429223744292237 1940
1747414276969 4.429223744292237 1940
1747414281076 4.4520547945205475 1950
1747414281077 4.4520547945205475 1950
1747414286995 4.474885844748858 1960
1747414286997 4.474885844748858 1960
1747414291366 4.497716894977169 1970
1747414291367 4.497716894977169 1970
1747414295540 4.52054794520548 1980
1747414295541 4.52054794520548 1980
1747414299757 4.54337899543379 1990
1747414299758 4.54337899543379 1990
1747414303889 4.566210045662101 2000
1747414303892 4.566210045662101 2000
1747414307989 4.589041095890411 2010
1747414307988 4.589041095890411 2010
1747414312153 4.6118721461187215 2020
1747414312154 4.6118721461187215 2020
1747414316271 4.634703196347032 2030
1747414316272 4.634703196347032 2030
1747414320406 4.657534246575342 2040
1747414320407 4.657534246575342 2040
1747414324786 4.680365296803653 2050
1747414324789 4.680365296803653 2050
1747414329251 4.703196347031963 2060
1747414329252 4.703196347031963 2060
1747414333453 4.726027397260274 2070
1747414333455 4.726027397260274 2070
1747414337739 4.748858447488584 2080
1747414337740 4.748858447488584 2080
1747414341849 4.771689497716895 2090
1747414341850 4.771689497716895 2090
1747414346052 4.794520547945205 2100
1747414346054 4.794520547945205 2100
1747414350316 4.817351598173516 2110
1747414350317 4.817351598173516 2110
1747414354409 4.840182648401827 2120
1747414354410 4.840182648401827 2120
1747414360160 4.863013698630137 2130
1747414360160 4.863013698630137 2130
1747414366017 4.885844748858448 2140
1747414366018 4.885844748858448 2140
1747414370129 4.908675799086758 2150
1747414370131 4.908675799086758 2150
1747414374244 4.931506849315069 2160
1747414374245 4.931506849315069 2160
1747414378335 4.954337899543379 2170
1747414378336 4.954337899543379 2170
1747414382436 4.9771689497716896 2180
1747414382437 4.9771689497716896 2180
1747414386441 5.0 2190
1747414386442 5.0 2190
1747414398610 5.0 2190
1747414398611 5.0 2190
1747414405436 5.0228310502283104 2200
1747414405437 5.0228310502283104 2200
1747414413020 5.045662100456621 2210
1747414413020 5.045662100456621 2210
1747414418799 5.068493150684931 2220
1747414418799 5.068493150684931 2220
1747414424497 5.091324200913242 2230
1747414424497 5.091324200913242 2230
1747414428526 5.114155251141552 2240
1747414428526 5.114155251141552 2240
1747414432640 5.136986301369863 2250
1747414432641 5.136986301369863 2250
1747414436745 5.159817351598173 2260
1747414436745 5.159817351598173 2260
1747414440835 5.182648401826484 2270
1747414440836 5.182648401826484 2270
1747414444915 5.205479452054795 2280
1747414444915 5.205479452054795 2280
1747414449008 5.228310502283105 2290
1747414449009 5.228310502283105 2290
1747414453105 5.251141552511416 2300
1747414453106 5.251141552511416 2300
1747414457166 5.273972602739726 2310
1747414457166 5.273972602739726 2310
1747414461249 5.296803652968037 2320
1747414461250 5.296803652968037 2320
1747414465382 5.319634703196347 2330
1747414465382 5.319634703196347 2330
1747414469561 5.342465753424658 2340
1747414469562 5.342465753424658 2340
1747414473633 5.365296803652968 2350
1747414473633 5.365296803652968 2350
1747414477699 5.3881278538812785 2360
1747414477700 5.3881278538812785 2360
1747414481810 5.410958904109589 2370
1747414481810 5.410958904109589 2370
1747414485973 5.433789954337899 2380
1747414485973 5.433789954337899 2380
1747414490145 5.45662100456621 2390
1747414490145 5.45662100456621 2390
1747414496034 5.47945205479452 2400
1747414496034 5.47945205479452 2400
1747414500201 5.502283105022831 2410
1747414500201 5.502283105022831 2410
1747414504268 5.525114155251142 2420
1747414504268 5.525114155251142 2420
1747414508334 5.5479452054794525 2430
1747414508335 5.5479452054794525 2430
1747414512419 5.570776255707763 2440
1747414512419 5.570776255707763 2440
1747414518252 5.593607305936073 2450
1747414518252 5.593607305936073 2450
1747414522301 5.616438356164384 2460
1747414522301 5.616438356164384 2460
1747414526569 5.639269406392694 2470
1747414526569 5.639269406392694 2470
1747414530682 5.662100456621005 2480
1747414530683 5.662100456621005 2480
1747414534838 5.684931506849315 2490
1747414534840 5.684931506849315 2490
1747414542380 5.707762557077626 2500
1747414542381 5.707762557077626 2500
1747414546486 5.730593607305936 2510
1747414546486 5.730593607305936 2510
1747414550636 5.7534246575342465 2520
1747414550638 5.7534246575342465 2520
1747414554781 5.776255707762557 2530
1747414554786 5.776255707762557 2530
1747414560548 5.799086757990867 2540
1747414560548 5.799086757990867 2540
1747414564578 5.821917808219178 2550
1747414564579 5.821917808219178 2550
1747414568604 5.844748858447488 2560
1747414568604 5.844748858447488 2560
1747414574901 5.867579908675799 2570
1747414574902 5.867579908675799 2570
1747414578939 5.890410958904109 2580
1747414578939 5.890410958904109 2580
1747414582972 5.91324200913242 2590
1747414582972 5.91324200913242 2590
1747414588693 5.936073059360731 2600
1747414588693 5.936073059360731 2600
1747414592856 5.958904109589041 2610
1747414592856 5.958904109589041 2610
1747414599606 5.981735159817352 2620
1747414599624 5.981735159817352 2620
1747414617067 6.0 2628
1747414617066 6.0 2628
1747414622767 6.004566210045662 2630
1747414622769 6.004566210045662 2630
1747414626931 6.027397260273973 2640
1747414626931 6.027397260273973 2640
1747414631169 6.050228310502283 2650
1747414631171 6.050228310502283 2650
1747414635382 6.073059360730594 2660
1747414635383 6.073059360730594 2660
1747414639586 6.095890410958904 2670
1747414639588 6.095890410958904 2670
1747414643796 6.1187214611872145 2680
1747414643797 6.1187214611872145 2680
1747414649682 6.141552511415525 2690
1747414649683 6.141552511415525 2690
1747414653783 6.164383561643835 2700
1747414653784 6.164383561643835 2700
1747414659514 6.187214611872146 2710
1747414659515 6.187214611872146 2710
1747414663519 6.210045662100456 2720
1747414663519 6.210045662100456 2720
1747414667533 6.232876712328767 2730
1747414667533 6.232876712328767 2730
1747414671603 6.255707762557078 2740
1747414671604 6.255707762557078 2740
1747414679003 6.2785388127853885 2750
1747414679004 6.2785388127853885 2750
1747414683043 6.301369863013699 2760
1747414683043 6.301369863013699 2760
1747414688828 6.324200913242009 2770
1747414688828 6.324200913242009 2770
1747414692961 6.34703196347032 2780
1747414692977 6.34703196347032 2780
1747414697045 6.36986301369863 2790
1747414697046 6.36986301369863 2790
1747414701089 6.392694063926941 2800
1747414701089 6.392694063926941 2800
1747414706829 6.415525114155251 2810
1747414706829 6.415525114155251 2810
1747414710879 6.438356164383562 2820
1747414710879 6.438356164383562 2820
1747414714997 6.461187214611872 2830
1747414714998 6.461187214611872 2830
1747414719061 6.4840182648401825 2840
1747414719061 6.4840182648401825 2840
1747414724910 6.506849315068493 2850
1747414724910 6.506849315068493 2850
1747414729036 6.529680365296803 2860
1747414729035 6.529680365296803 2860
1747414733156 6.552511415525114 2870
1747414733158 6.552511415525114 2870
1747414738913 6.575342465753424 2880
1747414738914 6.575342465753424 2880
1747414743006 6.598173515981735 2890
1747414743007 6.598173515981735 2890
1747414747064 6.621004566210045 2900
1747414747065 6.621004566210045 2900
1747414751131 6.6438356164383565 2910
1747414751131 6.6438356164383565 2910
1747414755242 6.666666666666667 2920
1747414755243 6.666666666666667 2920
1747414759298 6.689497716894977 2930
1747414759298 6.689497716894977 2930
1747414765082 6.712328767123288 2940
1747414765083 6.712328767123288 2940
1747414769254 6.735159817351598 2950
1747414769255 6.735159817351598 2950
1747414773377 6.757990867579909 2960
1747414773379 6.757990867579909 2960
1747414777516 6.780821917808219 2970
1747414777516 6.780821917808219 2970
1747414783366 6.80365296803653 2980
1747414783366 6.80365296803653 2980
1747414787905 6.82648401826484 2990
1747414787908 6.82648401826484 2990
1747414793183 6.8493150684931505 3000
1747414793183 6.8493150684931505 3000
1747414797263 6.872146118721461 3010
1747414797264 6.872146118721461 3010
1747414801283 6.894977168949771 3020
1747414801283 6.894977168949771 3020
1747414805352 6.917808219178082 3030
1747414805353 6.917808219178082 3030
1747414809455 6.940639269406392 3040
1747414809456 6.940639269406392 3040
1747414815577 6.963470319634704 3050
1747414815573 6.963470319634704 3050
1747414821100 6.986301369863014 3060
1747414821102 6.986301369863014 3060
1747414835380 7.0 3066
1747414835379 7.0 3066
1747414842688 7.0091324200913245 3070
1747414842690 7.0091324200913245 3070
1747414848949 7.031963470319635 3080
1747414848951 7.031963470319635 3080
1747414853263 7.054794520547945 3090
1747414853265 7.054794520547945 3090
1747414857634 7.077625570776256 3100
1747414857633 7.077625570776256 3100
1747414861739 7.100456621004566 3110
1747414861762 7.100456621004566 3110
1747414865835 7.123287671232877 3120
1747414865836 7.123287671232877 3120
1747414870160 7.146118721461187 3130
1747414870161 7.146118721461187 3130
1747414874249 7.168949771689498 3140
1747414874250 7.168949771689498 3140
1747414878389 7.191780821917808 3150
1747414878390 7.191780821917808 3150
1747414882542 7.2146118721461185 3160
1747414882543 7.2146118721461185 3160
1747414886729 7.237442922374429 3170
1747414886731 7.237442922374429 3170
1747414890979 7.260273972602739 3180
1747414890981 7.260273972602739 3180
1747414895163 7.28310502283105 3190
1747414895164 7.28310502283105 3190
1747414899438 7.30593607305936 3200
1747414899439 7.30593607305936 3200
1747414903626 7.328767123287671 3210
1747414903630 7.328767123287671 3210
1747414907952 7.351598173515982 3220
1747414907954 7.351598173515982 3220
1747414912217 7.3744292237442925 3230
1747414912219 7.3744292237442925 3230
1747414916386 7.397260273972603 3240
1747414916387 7.397260273972603 3240
1747414920636 7.420091324200913 3250
1747414920637 7.420091324200913 3250
1747414924767 7.442922374429224 3260
1747414924768 7.442922374429224 3260
1747414928890 7.465753424657534 3270
1747414928891 7.465753424657534 3270
1747414933047 7.488584474885845 3280
1747414933049 7.488584474885845 3280
1747414937197 7.511415525114155 3290
1747414937198 7.511415525114155 3290
1747414941349 7.534246575342466 3300
1747414941350 7.534246575342466 3300
1747414945524 7.557077625570776 3310
1747414945525 7.557077625570776 3310
1747414949710 7.579908675799087 3320
1747414949711 7.579908675799087 3320
1747414953902 7.602739726027397 3330
1747414953904 7.602739726027397 3330
1747414958101 7.6255707762557075 3340
1747414958102 7.6255707762557075 3340
1747414962326 7.648401826484018 3350
1747414962328 7.648401826484018 3350
1747414966567 7.671232876712329 3360
1747414966569 7.671232876712329 3360
1747414970796 7.69406392694064 3370
1747414970797 7.69406392694064 3370
1747414974981 7.71689497716895 3380
1747414974982 7.71689497716895 3380
1747414979145 7.739726027397261 3390
1747414979147 7.739726027397261 3390
1747414983318 7.762557077625571 3400
1747414983317 7.762557077625571 3400
1747414987526 7.7853881278538815 3410
1747414987525 7.7853881278538815 3410
1747414991816 7.808219178082192 3420
1747414991818 7.808219178082192 3420
1747414995983 7.831050228310502 3430
1747414995984 7.831050228310502 3430
1747415001847 7.853881278538813 3440
1747415001848 7.853881278538813 3440
1747415007770 7.876712328767123 3450
1747415007773 7.876712328767123 3450
1747415011988 7.899543378995434 3460
1747415011989 7.899543378995434 3460
1747415016115 7.922374429223744 3470
1747415016116 7.922374429223744 3470
1747415021907 7.945205479452055 3480
1747415021908 7.945205479452055 3480
1747415026206 7.968036529680365 3490
1747415026209 7.968036529680365 3490
1747415030493 7.9908675799086755 3500
1747415030495 7.9908675799086755 3500
1747415044479 8.0 3504
1747415044481 8.0 3504
1747415050184 8.0 3504
1747415050185 8.0 3504
