1747413319050 8.140750885009766 10
1747413319051 8.140750885009766 10
1747413322777 58.4045524597168 20
1747413322778 58.4045524597168 20
1747413326563 8.607475280761719 30
1747413326564 8.607475280761719 30
1747413331884 15.454586029052734 40
1747413331885 15.454586029052734 40
1747413335624 10.91853141784668 50
1747413335625 10.91853141784668 50
1747413339404 3.7310173511505127 60
1747413339404 3.7310173511505127 60
1747413343174 34.007808685302734 70
1747413343174 34.007808685302734 70
1747413346930 6.890873908996582 80
1747413346930 6.890873908996582 80
1747413350688 0.30850842595100403 90
1747413350687 0.30850842595100403 90
1747413354567 16.623411178588867 100
1747413354568 16.623411178588867 100
1747413359976 47.65825271606445 110
1747413359977 47.65825271606445 110
1747413363826 86.438232421875 120
1747413363825 86.438232421875 120
1747413367778 0.22263145446777344 130
1747413367779 0.22263145446777344 130
1747413373401 0.15701358020305634 140
1747413373401 0.15701358020305634 140
1747413377363 0.7320964336395264 150
1747413377364 0.7320964336395264 150
1747413381235 0.08649762719869614 160
1747413381236 0.08649762719869614 160
1747413385152 3.7153615951538086 170
1747413385153 3.7153615951538086 170
1747413389001 1.8774555921554565 180
1747413389002 1.8774555921554565 180
1747413392827 1.6218563318252563 190
1747413392828 1.6218563318252563 190
1747413396686 12.014930725097656 200
1747413396686 12.014930725097656 200
1747413402124 62.64206314086914 210
1747413402124 62.64206314086914 210
1747413410615 2.372331142425537 220
1747413410618 2.372331142425537 220
1747413414649 4.132305145263672 230
1747413414650 4.132305145263672 230
1747413420155 0.2793261706829071 240
1747413420155 0.2793261706829071 240
1747413425580 0.4645977318286896 250
1747413425582 0.4645977318286896 250
1747413432342 0.24575702846050262 260
1747413432346 0.24575702846050262 260
1747413436580 34.2045783996582 270
1747413436581 34.2045783996582 270
1747413442094 0.3120217025279999 280
1747413442094 0.3120217025279999 280
1747413446400 19.588363647460938 290
1747413446401 19.588363647460938 290
1747413450354 1.9343668222427368 300
1747413450355 1.9343668222427368 300
1747413454319 1.026336431503296 310
1747413454320 1.026336431503296 310
1747413459932 22.91837501525879 320
1747413459933 22.91837501525879 320
1747413463807 0.21740302443504333 330
1747413463807 0.21740302443504333 330
1747413467686 0.12822917103767395 340
1747413467686 0.12822917103767395 340
1747413471893 0.17702658474445343 350
1747413471897 0.17702658474445343 350
1747413479108 42.71951675415039 360
1747413479109 42.71951675415039 360
1747413483067 0.3184109628200531 370
1747413483068 0.3184109628200531 370
1747413487015 0.5569136142730713 380
1747413487015 0.5569136142730713 380
1747413492698 16.84670639038086 390
1747413492702 16.84670639038086 390
1747413496765 33.7078857421875 400
1747413496765 33.7078857421875 400
1747413500893 11.830805778503418 410
1747413500894 11.830805778503418 410
1747413504910 0.9683724045753479 420
1747413504909 0.9683724045753479 420
1747413509090 0.1211639791727066 430
1747413509091 0.1211639791727066 430
1747413528384 1.5461676120758057 440
1747413528384 1.5461676120758057 440
1747413532352 0.15307548642158508 450
1747413532352 0.15307548642158508 450
1747413539746 0.41784724593162537 460
1747413539747 0.41784724593162537 460
1747413545353 0.3663766086101532 470
1747413545355 0.3663766086101532 470
1747413549277 0.18377088010311127 480
1747413549276 0.18377088010311127 480
1747413553218 0.12624028325080872 490
1747413553218 0.12624028325080872 490
1747413558811 1.4779407978057861 500
1747413558811 1.4779407978057861 500
1747413562788 0.3698442280292511 510
1747413562788 0.3698442280292511 510
1747413566921 0.1758880317211151 520
1747413566921 0.1758880317211151 520
1747413572659 0.1404973417520523 530
1747413572661 0.1404973417520523 530
1747413576604 2.739119529724121 540
1747413576604 2.739119529724121 540
1747413580555 0.2522364556789398 550
1747413580555 0.2522364556789398 550
1747413586284 0.19251634180545807 560
1747413586285 0.19251634180545807 560
1747413590272 15.257613182067871 570
1747413590272 15.257613182067871 570
1747413594301 10.4136323928833 580
1747413594302 10.4136323928833 580
1747413599945 2.7742202281951904 590
1747413599945 2.7742202281951904 590
1747413605890 0.8224798440933228 600
1747413605890 0.8224798440933228 600
1747413609831 0.0851217657327652 610
1747413609837 0.0851217657327652 610
1747413613805 1.143343210220337 620
1747413613805 1.143343210220337 620
1747413617773 0.1458154320716858 630
1747413617773 0.1458154320716858 630
1747413621722 0.08650977909564972 640
1747413621722 0.08650977909564972 640
1747413625724 0.05422746390104294 650
1747413625724 0.05422746390104294 650
1747413629692 0.5940237641334534 660
1747413629693 0.5940237641334534 660
1747413633687 0.060322657227516174 670
1747413633687 0.060322657227516174 670
1747413637694 0.13912956416606903 680
1747413637695 0.13912956416606903 680
1747413643393 0.33731669187545776 690
1747413643394 0.33731669187545776 690
1747413647436 0.17485955357551575 700
1747413647438 0.17485955357551575 700
1747413651491 0.10611441731452942 710
1747413651491 0.10611441731452942 710
1747413657170 0.18680883944034576 720
1747413657171 0.18680883944034576 720
1747413661158 0.27211427688598633 730
1747413661174 0.27211427688598633 730
1747413665184 7.49292516708374 740
1747413665185 7.49292516708374 740
1747413669166 0.7400943636894226 750
1747413669165 0.7400943636894226 750
1747413673142 4.478134632110596 760
1747413673142 4.478134632110596 760
1747413677109 2.107984781265259 770
1747413677109 2.107984781265259 770
1747413682764 2.876361608505249 780
1747413682764 2.876361608505249 780
1747413686725 0.21792137622833252 790
1747413686727 0.21792137622833252 790
1747413692393 17.895912170410156 800
1747413692393 17.895912170410156 800
1747413698070 0.20127928256988525 810
1747413698072 0.20127928256988525 810
1747413702064 0.7101069688796997 820
1747413702064 0.7101069688796997 820
1747413706060 0.76480633020401 830
1747413706061 0.76480633020401 830
1747413711794 1.4068294763565063 840
1747413711794 1.4068294763565063 840
1747413715922 0.09129650890827179 850
1747413715923 0.09129650890827179 850
1747413719945 0.08704115450382233 860
1747413719945 0.08704115450382233 860
1747413723995 0.06531308591365814 870
1747413723995 0.06531308591365814 870
1747413741905 0.05450768396258354 880
1747413741905 0.05450768396258354 880
1747413745913 2.4249348640441895 890
1747413745913 2.4249348640441895 890
1747413751573 0.0672503411769867 900
1747413751574 0.0672503411769867 900
1747413757303 0.36716213822364807 910
1747413757303 0.36716213822364807 910
1747413762988 0.06499414891004562 920
1747413762988 0.06499414891004562 920
1747413768717 1.4779608249664307 930
1747413768719 1.4779608249664307 930
1747413772708 1.5973957777023315 940
1747413772709 1.5973957777023315 940
1747413776681 0.5327664613723755 950
1747413776696 0.5327664613723755 950
1747413782361 0.2520134150981903 960
1747413782362 0.2520134150981903 960
1747413786448 0.15761221945285797 970
1747413786449 0.15761221945285797 970
1747413790398 0.11924268305301666 980
1747413790398 0.11924268305301666 980
1747413794454 0.6123059391975403 990
1747413794455 0.6123059391975403 990
1747413798416 0.4451376795768738 1000
1747413798416 0.4451376795768738 1000
1747413802399 1.5250511169433594 1010
1747413802399 1.5250511169433594 1010
1747413806449 1.4309810400009155 1020
1747413806451 1.4309810400009155 1020
1747413810532 0.2598627507686615 1030
1747413810569 0.2598627507686615 1030
1747413816293 0.5949545502662659 1040
1747413816294 0.5949545502662659 1040
1747413820300 0.24357549846172333 1050
1747413820300 0.24357549846172333 1050
1747413824353 1.7044498920440674 1060
1747413824354 1.7044498920440674 1060
1747413828465 0.0598677396774292 1070
1747413828466 0.0598677396774292 1070
1747413832617 27.81583595275879 1080
1747413832617 27.81583595275879 1080
1747413836767 11.67558479309082 1090
1747413836767 11.67558479309082 1090
1747413840775 1.505395770072937 1100
1747413840776 1.505395770072937 1100
1747413844854 12.340564727783203 1110
1747413844856 12.340564727783203 1110
1747413850593 24.177282333374023 1120
1747413850593 24.177282333374023 1120
1747413854768 0.05922216549515724 1130
1747413854768 0.05922216549515724 1130
1747413862119 0.30521491169929504 1140
1747413862119 0.30521491169929504 1140
1747413866203 2.7974588871002197 1150
1747413866203 2.7974588871002197 1150
1747413870236 0.03192881494760513 1160
1747413870236 0.03192881494760513 1160
1747413874254 1.585832953453064 1170
1747413874254 1.585832953453064 1170
1747413878683 0.08730434626340866 1180
1747413878685 0.08730434626340866 1180
1747413885741 0.05732318013906479 1190
1747413885742 0.05732318013906479 1190
1747413889737 0.04909336566925049 1200
1747413889738 0.04909336566925049 1200
1747413895502 0.046723753213882446 1210
1747413895502 0.046723753213882446 1210
1747413899540 0.04336968809366226 1220
1747413899541 0.04336968809366226 1220
1747413903654 2.645522356033325 1230
1747413903654 2.645522356033325 1230
1747413909389 0.06973366439342499 1240
1747413909390 0.06973366439342499 1240
1747413913477 0.08441609889268875 1250
1747413913477 0.08441609889268875 1250
1747413919216 0.08788015693426132 1260
1747413919217 0.08788015693426132 1260
1747413924948 1.709267258644104 1270
1747413924948 1.709267258644104 1270
1747413930794 0.6819543838500977 1280
1747413930795 0.6819543838500977 1280
1747413934873 0.4484459161758423 1290
1747413934873 0.4484459161758423 1290
1747413938882 0.22354038059711456 1300
1747413938881 0.22354038059711456 1300
1747413942910 0.6723996996879578 1310
1747413942913 0.6723996996879578 1310
1747413961057 0.12167677283287048 1320
1747413961057 0.12167677283287048 1320
1747413965277 0.08026929199695587 1330
1747413965293 0.08026929199695587 1330
1747413972474 0.5140063762664795 1340
1747413972474 0.5140063762664795 1340
1747413976495 0.05639008805155754 1350
1747413976496 0.05639008805155754 1350
1747413980524 0.04457644000649452 1360
1747413980524 0.04457644000649452 1360
1747413986292 0.03659523278474808 1370
1747413986292 0.03659523278474808 1370
1747413992040 0.029603881761431694 1380
1747413992041 0.029603881761431694 1380
1747413996079 0.03512389585375786 1390
1747413996079 0.03512389585375786 1390
1747414001776 0.03727405145764351 1400
1747414001776 0.03727405145764351 1400
1747414005854 2.755493640899658 1410
1747414005855 2.755493640899658 1410
1747414011647 10.586997032165527 1420
1747414011646 10.586997032165527 1420
1747414015708 0.06547965854406357 1430
1747414015709 0.06547965854406357 1430
1747414021326 0.08306252956390381 1440
1747414021326 0.08306252956390381 1440
1747414026948 0.06647910177707672 1450
1747414026948 0.06647910177707672 1450
1747414030943 0.0668807327747345 1460
1747414030943 0.0668807327747345 1460
1747414035091 0.08765774965286255 1470
1747414035092 0.08765774965286255 1470
1747414039159 1.5296826362609863 1480
1747414039160 1.5296826362609863 1480
1747414043253 1.2310612201690674 1490
1747414043254 1.2310612201690674 1490
1747414047461 0.2677290141582489 1500
1747414047461 0.2677290141582489 1500
1747414051521 0.15249638259410858 1510
1747414051521 0.15249638259410858 1510
1747414055644 1.1062560081481934 1520
1747414055644 1.1062560081481934 1520
1747414059745 0.10876574367284775 1530
1747414059745 0.10876574367284775 1530
1747414063846 1.6862975358963013 1540
1747414063846 1.6862975358963013 1540
1747414067913 0.08080476522445679 1550
1747414067914 0.08080476522445679 1550
1747414073649 2.9377026557922363 1560
1747414073649 2.9377026557922363 1560
1747414077682 0.08268151432275772 1570
1747414077683 0.08268151432275772 1570
1747414081813 0.23837296664714813 1580
1747414081813 0.23837296664714813 1580
1747414086008 0.06583058834075928 1590
1747414086009 0.06583058834075928 1590
1747414090179 1.4690953493118286 1600
1747414090179 1.4690953493118286 1600
1747414095980 0.12321192771196365 1610
1747414095980 0.12321192771196365 1610
1747414101753 7.99612283706665 1620
1747414101754 7.99612283706665 1620
1747414105963 0.12642233073711395 1630
1747414105963 0.12642233073711395 1630
1747414110082 0.10534126311540604 1640
1747414110083 0.10534126311540604 1640
1747414114248 0.4843195676803589 1650
1747414114248 0.4843195676803589 1650
1747414118271 0.11103479564189911 1660
1747414118271 0.11103479564189911 1660
1747414123932 0.14076781272888184 1670
1747414123932 0.14076781272888184 1670
1747414129684 0.2165725827217102 1680
1747414129685 0.2165725827217102 1680
1747414133856 0.0873720720410347 1690
1747414133858 0.0873720720410347 1690
1747414138032 0.09980636090040207 1700
1747414138033 0.09980636090040207 1700
1747414143765 0.1039375588297844 1710
1747414143781 0.1039375588297844 1710
1747414149534 7.5279717445373535 1720
1747414149534 7.5279717445373535 1720
1747414156904 0.05731205269694328 1730
1747414156917 0.05731205269694328 1730
1747414161084 0.07235110551118851 1740
1747414161082 0.07235110551118851 1740
1747414165099 0.09449855983257294 1750
1747414165100 0.09449855983257294 1750
1747414183437 0.07585882395505905 1760
1747414183438 0.07585882395505905 1760
1747414188219 0.05155647173523903 1770
1747414188219 0.05155647173523903 1770
1747414192274 0.2983974814414978 1780
1747414192275 0.2983974814414978 1780
1747414196302 0.03717784956097603 1790
1747414196302 0.03717784956097603 1790
1747414200375 0.03491530194878578 1800
1747414200376 0.03491530194878578 1800
1747414206154 1.4058729410171509 1810
1747414206154 1.4058729410171509 1810
1747414212183 0.04170028120279312 1820
1747414212192 0.04170028120279312 1820
1747414216461 0.03623102232813835 1830
1747414216460 0.03623102232813835 1830
1747414222226 0.03483367711305618 1840
1747414222227 0.03483367711305618 1840
1747414226473 0.028479736298322678 1850
1747414226474 0.028479736298322678 1850
1747414230581 0.02828707918524742 1860
1747414230582 0.02828707918524742 1860
1747414236257 0.030903629958629608 1870
1747414236258 0.030903629958629608 1870
1747414241911 0.025930771604180336 1880
1747414241911 0.025930771604180336 1880
1747414247630 0.02942240983247757 1890
1747414247632 0.02942240983247757 1890
1747414251880 0.0495847724378109 1900
1747414251882 0.0495847724378109 1900
1747414257736 1.6585973501205444 1910
1747414257737 1.6585973501205444 1910
1747414266747 0.054858893156051636 1920
1747414266752 0.054858893156051636 1920
1747414272803 0.05077521502971649 1930
1747414272804 0.05077521502971649 1930
1747414276968 0.04438045620918274 1940
1747414276969 0.04438045620918274 1940
1747414281076 0.046477511525154114 1950
1747414281077 0.046477511525154114 1950
1747414286995 0.06230771169066429 1960
1747414286997 0.06230771169066429 1960
1747414291366 1.5056592226028442 1970
1747414291367 1.5056592226028442 1970
1747414295540 0.09737136960029602 1980
1747414295541 0.09737136960029602 1980
1747414299757 1.49811851978302 1990
1747414299758 1.49811851978302 1990
1747414303889 0.06654343008995056 2000
1747414303892 0.06654343008995056 2000
1747414307989 0.05058109760284424 2010
1747414307988 0.05058109760284424 2010
1747414312153 0.04686525836586952 2020
1747414312154 0.04686525836586952 2020
1747414316271 0.048057492822408676 2030
1747414316272 0.048057492822408676 2030
1747414320406 0.03309474140405655 2040
1747414320407 0.03309474140405655 2040
1747414324786 0.02864728681743145 2050
1747414324789 0.02864728681743145 2050
1747414329251 0.03429841995239258 2060
1747414329252 0.03429841995239258 2060
1747414333453 0.03760271891951561 2070
1747414333455 0.03760271891951561 2070
1747414337739 0.030142484232783318 2080
1747414337740 0.030142484232783318 2080
1747414341849 0.03648953139781952 2090
1747414341850 0.03648953139781952 2090
1747414346052 0.0760173425078392 2100
1747414346054 0.0760173425078392 2100
1747414350316 1.5526012182235718 2110
1747414350317 1.5526012182235718 2110
1747414354409 0.06500010937452316 2120
1747414354410 0.06500010937452316 2120
1747414360160 0.0580434575676918 2130
1747414360160 0.0580434575676918 2130
1747414366017 0.650378942489624 2140
1747414366018 0.650378942489624 2140
1747414370129 0.09061884135007858 2150
1747414370131 0.09061884135007858 2150
1747414374244 7.616135120391846 2160
1747414374245 7.616135120391846 2160
1747414378335 0.07010915875434875 2170
1747414378336 0.07010915875434875 2170
1747414382436 84.72283935546875 2180
1747414382437 84.72283935546875 2180
1747414386441 0.053357042372226715 2190
1747414386442 0.053357042372226715 2190
1747414405436 9.4315824508667 2200
1747414405437 9.4315824508667 2200
1747414413020 0.44336944818496704 2210
1747414413020 0.44336944818496704 2210
1747414418799 0.03441033139824867 2220
1747414418799 0.03441033139824867 2220
1747414424497 0.03108701854944229 2230
1747414424497 0.03108701854944229 2230
1747414428526 0.02866414748132229 2240
1747414428526 0.02866414748132229 2240
1747414432640 0.029473507776856422 2250
1747414432641 0.029473507776856422 2250
1747414436745 1.031481385231018 2260
1747414436745 1.031481385231018 2260
1747414440835 0.02518317475914955 2270
1747414440836 0.02518317475914955 2270
1747414444915 0.20808145403862 2280
1747414444915 0.20808145403862 2280
1747414449008 0.028241055086255074 2290
1747414449009 0.028241055086255074 2290
1747414453105 22.34932518005371 2300
1747414453106 22.34932518005371 2300
1747414457166 0.025097336620092392 2310
1747414457166 0.025097336620092392 2310
1747414461249 0.02319939248263836 2320
1747414461250 0.02319939248263836 2320
1747414465382 1.5978261232376099 2330
1747414465382 1.5978261232376099 2330
1747414469561 1.1496117115020752 2340
1747414469562 1.1496117115020752 2340
1747414473633 0.03095138631761074 2350
1747414473633 0.03095138631761074 2350
1747414477699 0.03130430728197098 2360
1747414477700 0.03130430728197098 2360
1747414481810 1.1827800273895264 2370
1747414481810 1.1827800273895264 2370
1747414485973 0.04048314318060875 2380
1747414485973 0.04048314318060875 2380
1747414490145 0.05016244202852249 2390
1747414490145 0.05016244202852249 2390
1747414496034 0.03134968876838684 2400
1747414496034 0.03134968876838684 2400
1747414500201 0.03322078287601471 2410
1747414500201 0.03322078287601471 2410
1747414504268 0.036386504769325256 2420
1747414504268 0.036386504769325256 2420
1747414508334 0.04446662217378616 2430
1747414508335 0.04446662217378616 2430
1747414512419 0.04615526273846626 2440
1747414512419 0.04615526273846626 2440
1747414518252 1.6397130489349365 2450
1747414518252 1.6397130489349365 2450
1747414522301 0.03695579618215561 2460
1747414522301 0.03695579618215561 2460
1747414526569 0.02668880484998226 2470
1747414526569 0.02668880484998226 2470
1747414530682 0.03254776448011398 2480
1747414530683 0.03254776448011398 2480
1747414534838 0.03627161309123039 2490
1747414534840 0.03627161309123039 2490
1747414542380 1.2326176166534424 2500
1747414542381 1.2326176166534424 2500
1747414546486 0.03660179674625397 2510
1747414546486 0.03660179674625397 2510
1747414550636 0.03580307960510254 2520
1747414550638 0.03580307960510254 2520
1747414554781 0.036618709564208984 2530
1747414554786 0.036618709564208984 2530
1747414560548 0.04484860599040985 2540
1747414560548 0.04484860599040985 2540
1747414564578 0.041825711727142334 2550
1747414564579 0.041825711727142334 2550
1747414568604 0.03442414477467537 2560
1747414568604 0.03442414477467537 2560
1747414574901 0.029506932944059372 2570
1747414574902 0.029506932944059372 2570
1747414578939 1.5813950300216675 2580
1747414578939 1.5813950300216675 2580
1747414582972 0.09036272764205933 2590
1747414582972 0.09036272764205933 2590
1747414588693 0.11484865844249725 2600
1747414588693 0.11484865844249725 2600
1747414592856 0.07181091606616974 2610
1747414592856 0.07181091606616974 2610
1747414599606 0.05704557150602341 2620
1747414599624 0.05704557150602341 2620
1747414622767 0.04729541018605232 2630
1747414622769 0.04729541018605232 2630
1747414626931 0.0385836586356163 2640
1747414626931 0.0385836586356163 2640
1747414631169 0.03084166906774044 2650
1747414631171 0.03084166906774044 2650
1747414635382 0.02723882533609867 2660
1747414635383 0.02723882533609867 2660
1747414639586 0.02307531051337719 2670
1747414639588 0.02307531051337719 2670
1747414643796 0.020593473687767982 2680
1747414643797 0.020593473687767982 2680
1747414649682 0.01949067786335945 2690
1747414649683 0.01949067786335945 2690
1747414653783 0.02082911878824234 2700
1747414653784 0.02082911878824234 2700
1747414659514 0.018794531002640724 2710
1747414659515 0.018794531002640724 2710
1747414663519 0.01705605536699295 2720
1747414663519 0.01705605536699295 2720
1747414667533 0.016414204612374306 2730
1747414667533 0.016414204612374306 2730
1747414671603 0.017115840688347816 2740
1747414671604 0.017115840688347816 2740
1747414679003 0.019765187054872513 2750
1747414679004 0.019765187054872513 2750
1747414683043 0.017617175355553627 2760
1747414683043 0.017617175355553627 2760
1747414688828 0.020248394459486008 2770
1747414688828 0.020248394459486008 2770
1747414692961 0.02442142553627491 2780
1747414692977 0.02442142553627491 2780
1747414697045 0.027499403804540634 2790
1747414697046 0.027499403804540634 2790
1747414701089 0.022433826699852943 2800
1747414701089 0.022433826699852943 2800
1747414706829 0.027868259698152542 2810
1747414706829 0.027868259698152542 2810
1747414710879 0.025092491880059242 2820
1747414710879 0.025092491880059242 2820
1747414714997 0.027332093566656113 2830
1747414714998 0.027332093566656113 2830
1747414719061 0.024078821763396263 2840
1747414719061 0.024078821763396263 2840
1747414724910 0.028436915948987007 2850
1747414724910 0.028436915948987007 2850
1747414729035 0.024433959275484085 2860
1747414729036 0.024433959275484085 2860
1747414733156 0.02402656525373459 2870
1747414733158 0.02402656525373459 2870
1747414738913 0.019989069551229477 2880
1747414738914 0.019989069551229477 2880
1747414743006 0.02069035917520523 2890
1747414743007 0.02069035917520523 2890
1747414747064 0.03610464930534363 2900
1747414747065 0.03610464930534363 2900
1747414751131 0.03535638749599457 2910
1747414751131 0.03535638749599457 2910
1747414755242 0.020242637023329735 2920
1747414755243 0.020242637023329735 2920
1747414759298 1.5438733100891113 2930
1747414759298 1.5438733100891113 2930
1747414765082 0.02719852142035961 2940
1747414765083 0.02719852142035961 2940
1747414769254 0.02665880136191845 2950
1747414769255 0.02665880136191845 2950
1747414773377 0.029052728787064552 2960
1747414773379 0.029052728787064552 2960
1747414777516 0.033139877021312714 2970
1747414777516 0.033139877021312714 2970
1747414783366 0.03141837194561958 2980
1747414783366 0.03141837194561958 2980
1747414787905 0.04183301702141762 2990
1747414787908 0.04183301702141762 2990
1747414793183 0.03048095665872097 3000
1747414793183 0.03048095665872097 3000
1747414797263 0.030493147671222687 3010
1747414797264 0.030493147671222687 3010
1747414801283 0.04271124675869942 3020
1747414801283 0.04271124675869942 3020
1747414805352 103.47555541992188 3030
1747414805353 103.47555541992188 3030
1747414809455 0.031437840312719345 3040
1747414809456 0.031437840312719345 3040
1747414815577 0.028779365122318268 3050
1747414815573 0.028779365122318268 3050
1747414821100 0.023903660476207733 3060
1747414821102 0.023903660476207733 3060
1747414842688 0.023997031152248383 3070
1747414842690 0.023997031152248383 3070
1747414848949 0.020197099074721336 3080
1747414848951 0.020197099074721336 3080
1747414853263 0.021327273920178413 3090
1747414853265 0.021327273920178413 3090
1747414857634 0.023408541455864906 3100
1747414857633 0.023408541455864906 3100
1747414861739 0.020299876108765602 3110
1747414861762 0.020299876108765602 3110
1747414865835 0.01696617715060711 3120
1747414865836 0.01696617715060711 3120
1747414870160 0.018829340115189552 3130
1747414870161 0.018829340115189552 3130
1747414874249 0.02811703085899353 3140
1747414874250 0.02811703085899353 3140
1747414878389 0.03126826137304306 3150
1747414878390 0.03126826137304306 3150
1747414882542 0.07473831623792648 3160
1747414882543 0.07473831623792648 3160
1747414886729 0.03894544392824173 3170
1747414886731 0.03894544392824173 3170
1747414890979 0.02668466791510582 3180
1747414890981 0.02668466791510582 3180
1747414895163 0.022306853905320168 3190
1747414895164 0.022306853905320168 3190
1747414899438 0.020301304757595062 3200
1747414899439 0.020301304757595062 3200
1747414903626 4.444145202636719 3210
1747414903630 4.444145202636719 3210
1747414907952 0.015457785688340664 3220
1747414907954 0.015457785688340664 3220
1747414912217 0.016492655500769615 3230
1747414912219 0.016492655500769615 3230
1747414916386 0.019837893545627594 3240
1747414916387 0.019837893545627594 3240
1747414920636 0.01592029631137848 3250
1747414920637 0.01592029631137848 3250
1747414924767 0.015179241076111794 3260
1747414924768 0.015179241076111794 3260
1747414928890 0.013941479846835136 3270
1747414928891 0.013941479846835136 3270
1747414933047 0.29424941539764404 3280
1747414933049 0.29424941539764404 3280
1747414937197 0.012359997257590294 3290
1747414937198 0.012359997257590294 3290
1747414941349 0.013624063692986965 3300
1747414941350 0.013624063692986965 3300
1747414945524 0.011043637990951538 3310
1747414945525 0.011043637990951538 3310
1747414949710 0.01168079487979412 3320
1747414949711 0.01168079487979412 3320
1747414953902 0.7761642932891846 3330
1747414953904 0.7761642932891846 3330
1747414958101 0.010015297681093216 3340
1747414958102 0.010015297681093216 3340
1747414962326 0.011211100965738297 3350
1747414962328 0.011211100965738297 3350
1747414966567 0.010347116738557816 3360
1747414966569 0.010347116738557816 3360
1747414970796 0.05679083243012428 3370
1747414970797 0.05679083243012428 3370
1747414974981 0.010916848666965961 3380
1747414974982 0.010916848666965961 3380
1747414979145 0.012177713215351105 3390
1747414979147 0.012177713215351105 3390
1747414983318 0.010991460643708706 3400
1747414983317 0.010991460643708706 3400
1747414987526 0.011164097115397453 3410
1747414987525 0.011164097115397453 3410
1747414991816 0.011351332999765873 3420
1747414991818 0.011351332999765873 3420
1747414995983 0.009786989539861679 3430
1747414995984 0.009786989539861679 3430
1747415001847 0.009549385868012905 3440
1747415001848 0.009549385868012905 3440
1747415007770 0.032509997487068176 3450
1747415007773 0.032509997487068176 3450
1747415011988 0.008977198973298073 3460
1747415011989 0.008977198973298073 3460
1747415016115 0.008940153755247593 3470
1747415016116 0.008940153755247593 3470
1747415021907 0.11574778705835342 3480
1747415021908 0.11574778705835342 3480
1747415026206 0.008278902620077133 3490
1747415026209 0.008278902620077133 3490
1747415030493 0.007539294194430113 3500
1747415030495 0.007539294194430113 3500
