1747413319050 4.988584474885845e-05 10
1747413319051 4.988584474885845e-05 10
1747413322777 4.977168949771689e-05 20
1747413322778 4.977168949771689e-05 20
1747413326563 4.9657534246575346e-05 30
1747413326564 4.9657534246575346e-05 30
1747413331884 4.9543378995433794e-05 40
1747413331885 4.9543378995433794e-05 40
1747413335624 4.942922374429224e-05 50
1747413335625 4.942922374429224e-05 50
1747413339404 4.9315068493150684e-05 60
1747413339404 4.9315068493150684e-05 60
1747413343174 4.920091324200913e-05 70
1747413343174 4.920091324200913e-05 70
1747413346930 4.908675799086758e-05 80
1747413346930 4.908675799086758e-05 80
1747413350688 4.8972602739726034e-05 90
1747413350687 4.8972602739726034e-05 90
1747413354567 4.8858447488584476e-05 100
1747413354568 4.8858447488584476e-05 100
1747413359976 4.8744292237442924e-05 110
1747413359977 4.8744292237442924e-05 110
1747413363826 4.863013698630137e-05 120
1747413363825 4.863013698630137e-05 120
1747413367778 4.851598173515982e-05 130
1747413367779 4.851598173515982e-05 130
1747413373401 4.840182648401827e-05 140
1747413373401 4.840182648401827e-05 140
1747413377363 4.8287671232876716e-05 150
1747413377364 4.8287671232876716e-05 150
1747413381235 4.8173515981735164e-05 160
1747413381236 4.8173515981735164e-05 160
1747413385152 4.805936073059361e-05 170
1747413385153 4.805936073059361e-05 170
1747413389001 4.794520547945205e-05 180
1747413389002 4.794520547945205e-05 180
1747413392827 4.78310502283105e-05 190
1747413392828 4.78310502283105e-05 190
1747413396686 4.7716894977168955e-05 200
1747413396686 4.7716894977168955e-05 200
1747413402124 4.7602739726027403e-05 210
1747413402124 4.7602739726027403e-05 210
1747413410615 4.7488584474885845e-05 220
1747413410618 4.7488584474885845e-05 220
1747413414649 4.737442922374429e-05 230
1747413414650 4.737442922374429e-05 230
1747413420155 4.726027397260274e-05 240
1747413420155 4.726027397260274e-05 240
1747413425580 4.714611872146119e-05 250
1747413425582 4.714611872146119e-05 250
1747413432342 4.703196347031964e-05 260
1747413432346 4.703196347031964e-05 260
1747413436580 4.6917808219178085e-05 270
1747413436581 4.6917808219178085e-05 270
1747413442094 4.680365296803653e-05 280
1747413442094 4.680365296803653e-05 280
1747413446400 4.668949771689498e-05 290
1747413446401 4.668949771689498e-05 290
1747413450354 4.657534246575342e-05 300
1747413450355 4.657534246575342e-05 300
1747413454319 4.646118721461187e-05 310
1747413454320 4.646118721461187e-05 310
1747413459932 4.6347031963470325e-05 320
1747413459933 4.6347031963470325e-05 320
1747413463807 4.623287671232877e-05 330
1747413463807 4.623287671232877e-05 330
1747413467686 4.6118721461187214e-05 340
1747413467686 4.6118721461187214e-05 340
1747413471893 4.600456621004566e-05 350
1747413471897 4.600456621004566e-05 350
1747413479108 4.589041095890411e-05 360
1747413479109 4.589041095890411e-05 360
1747413483067 4.577625570776256e-05 370
1747413483068 4.577625570776256e-05 370
1747413487015 4.5662100456621006e-05 380
1747413487015 4.5662100456621006e-05 380
1747413492698 4.5547945205479454e-05 390
1747413492702 4.5547945205479454e-05 390
1747413496765 4.54337899543379e-05 400
1747413496765 4.54337899543379e-05 400
1747413500893 4.531963470319635e-05 410
1747413500894 4.531963470319635e-05 410
1747413504910 4.520547945205479e-05 420
1747413504909 4.520547945205479e-05 420
1747413509090 4.5091324200913246e-05 430
1747413509091 4.5091324200913246e-05 430
1747413528384 4.4977168949771694e-05 440
1747413528384 4.4977168949771694e-05 440
1747413532352 4.486301369863014e-05 450
1747413532352 4.486301369863014e-05 450
1747413539746 4.474885844748858e-05 460
1747413539747 4.474885844748858e-05 460
1747413545353 4.463470319634703e-05 470
1747413545355 4.463470319634703e-05 470
1747413549277 4.452054794520548e-05 480
1747413549276 4.452054794520548e-05 480
1747413553218 4.4406392694063934e-05 490
1747413553218 4.4406392694063934e-05 490
1747413558811 4.4292237442922375e-05 500
1747413558811 4.4292237442922375e-05 500
1747413562788 4.417808219178082e-05 510
1747413562788 4.417808219178082e-05 510
1747413566921 4.406392694063927e-05 520
1747413566921 4.406392694063927e-05 520
1747413572659 4.394977168949772e-05 530
1747413572661 4.394977168949772e-05 530
1747413576604 4.383561643835617e-05 540
1747413576604 4.383561643835617e-05 540
1747413580555 4.3721461187214615e-05 550
1747413580555 4.3721461187214615e-05 550
1747413586284 4.360730593607306e-05 560
1747413586285 4.360730593607306e-05 560
1747413590272 4.349315068493151e-05 570
1747413590272 4.349315068493151e-05 570
1747413594301 4.337899543378995e-05 580
1747413594302 4.337899543378995e-05 580
1747413599945 4.32648401826484e-05 590
1747413599945 4.32648401826484e-05 590
1747413605890 4.3150684931506855e-05 600
1747413605890 4.3150684931506855e-05 600
1747413609831 4.30365296803653e-05 610
1747413609837 4.30365296803653e-05 610
1747413613805 4.2922374429223744e-05 620
1747413613805 4.2922374429223744e-05 620
1747413617773 4.280821917808219e-05 630
1747413617773 4.280821917808219e-05 630
1747413621722 4.269406392694064e-05 640
1747413621722 4.269406392694064e-05 640
1747413625724 4.257990867579909e-05 650
1747413625724 4.257990867579909e-05 650
1747413629692 4.2465753424657536e-05 660
1747413629693 4.2465753424657536e-05 660
1747413633687 4.2351598173515984e-05 670
1747413633687 4.2351598173515984e-05 670
1747413637694 4.223744292237443e-05 680
1747413637695 4.223744292237443e-05 680
1747413643393 4.212328767123288e-05 690
1747413643394 4.212328767123288e-05 690
1747413647436 4.200913242009132e-05 700
1747413647438 4.200913242009132e-05 700
1747413651491 4.1894977168949776e-05 710
1747413651491 4.1894977168949776e-05 710
1747413657170 4.1780821917808224e-05 720
1747413657171 4.1780821917808224e-05 720
1747413661158 4.166666666666667e-05 730
1747413661174 4.166666666666667e-05 730
1747413665184 4.155251141552511e-05 740
1747413665185 4.155251141552511e-05 740
1747413669166 4.143835616438356e-05 750
1747413669165 4.143835616438356e-05 750
1747413673142 4.132420091324201e-05 760
1747413673142 4.132420091324201e-05 760
1747413677109 4.121004566210046e-05 770
1747413677109 4.121004566210046e-05 770
1747413682764 4.1095890410958905e-05 780
1747413682764 4.1095890410958905e-05 780
1747413686725 4.098173515981735e-05 790
1747413686727 4.098173515981735e-05 790
1747413692393 4.08675799086758e-05 800
1747413692393 4.08675799086758e-05 800
1747413698070 4.075342465753425e-05 810
1747413698072 4.075342465753425e-05 810
1747413702064 4.063926940639269e-05 820
1747413702064 4.063926940639269e-05 820
1747413706060 4.0525114155251145e-05 830
1747413706061 4.0525114155251145e-05 830
1747413711794 4.041095890410959e-05 840
1747413711794 4.041095890410959e-05 840
1747413715922 4.029680365296804e-05 850
1747413715923 4.029680365296804e-05 850
1747413719945 4.018264840182648e-05 860
1747413719945 4.018264840182648e-05 860
1747413723995 4.006849315068493e-05 870
1747413723995 4.006849315068493e-05 870
1747413741905 3.995433789954338e-05 880
1747413741905 3.995433789954338e-05 880
1747413745913 3.984018264840183e-05 890
1747413745913 3.984018264840183e-05 890
1747413751573 3.9726027397260274e-05 900
1747413751574 3.9726027397260274e-05 900
1747413757303 3.961187214611872e-05 910
1747413757303 3.961187214611872e-05 910
1747413762988 3.949771689497717e-05 920
1747413762988 3.949771689497717e-05 920
1747413768717 3.938356164383562e-05 930
1747413768719 3.938356164383562e-05 930
1747413772708 3.9269406392694066e-05 940
1747413772709 3.9269406392694066e-05 940
1747413776681 3.9155251141552514e-05 950
1747413776696 3.9155251141552514e-05 950
1747413782361 3.904109589041096e-05 960
1747413782362 3.904109589041096e-05 960
1747413786448 3.892694063926941e-05 970
1747413786449 3.892694063926941e-05 970
1747413790398 3.881278538812785e-05 980
1747413790398 3.881278538812785e-05 980
1747413794454 3.86986301369863e-05 990
1747413794455 3.86986301369863e-05 990
1747413798416 3.8584474885844754e-05 1000
1747413798416 3.8584474885844754e-05 1000
1747413802399 3.84703196347032e-05 1010
1747413802399 3.84703196347032e-05 1010
1747413806449 3.8356164383561644e-05 1020
1747413806451 3.8356164383561644e-05 1020
1747413810532 3.824200913242009e-05 1030
1747413810569 3.824200913242009e-05 1030
1747413816293 3.812785388127854e-05 1040
1747413816294 3.812785388127854e-05 1040
1747413820300 3.801369863013699e-05 1050
1747413820300 3.801369863013699e-05 1050
1747413824353 3.7899543378995436e-05 1060
1747413824354 3.7899543378995436e-05 1060
1747413828465 3.7785388127853884e-05 1070
1747413828466 3.7785388127853884e-05 1070
1747413832617 3.767123287671233e-05 1080
1747413832617 3.767123287671233e-05 1080
1747413836767 3.755707762557078e-05 1090
1747413836767 3.755707762557078e-05 1090
1747413840775 3.744292237442922e-05 1100
1747413840776 3.744292237442922e-05 1100
1747413844854 3.7328767123287675e-05 1110
1747413844856 3.7328767123287675e-05 1110
1747413850593 3.7214611872146123e-05 1120
1747413850593 3.7214611872146123e-05 1120
1747413854768 3.710045662100457e-05 1130
1747413854768 3.710045662100457e-05 1130
1747413862119 3.698630136986301e-05 1140
1747413862119 3.698630136986301e-05 1140
1747413866203 3.687214611872146e-05 1150
1747413866203 3.687214611872146e-05 1150
1747413870236 3.675799086757991e-05 1160
1747413870236 3.675799086757991e-05 1160
1747413874254 3.664383561643836e-05 1170
1747413874254 3.664383561643836e-05 1170
1747413878683 3.6529680365296805e-05 1180
1747413878685 3.6529680365296805e-05 1180
1747413885741 3.641552511415525e-05 1190
1747413885742 3.641552511415525e-05 1190
1747413889737 3.63013698630137e-05 1200
1747413889738 3.63013698630137e-05 1200
1747413895502 3.618721461187215e-05 1210
1747413895502 3.618721461187215e-05 1210
1747413899540 3.60730593607306e-05 1220
1747413899541 3.60730593607306e-05 1220
1747413903654 3.5958904109589045e-05 1230
1747413903654 3.5958904109589045e-05 1230
1747413909389 3.584474885844749e-05 1240
1747413909390 3.584474885844749e-05 1240
1747413913477 3.573059360730594e-05 1250
1747413913477 3.573059360730594e-05 1250
1747413919216 3.561643835616438e-05 1260
1747413919217 3.561643835616438e-05 1260
1747413924948 3.550228310502283e-05 1270
1747413924948 3.550228310502283e-05 1270
1747413930794 3.538812785388128e-05 1280
1747413930795 3.538812785388128e-05 1280
1747413934873 3.527397260273973e-05 1290
1747413934873 3.527397260273973e-05 1290
1747413938882 3.5159817351598174e-05 1300
1747413938881 3.5159817351598174e-05 1300
1747413942910 3.504566210045662e-05 1310
1747413942913 3.504566210045662e-05 1310
1747413961057 3.493150684931507e-05 1320
1747413961057 3.493150684931507e-05 1320
1747413965277 3.481735159817352e-05 1330
1747413965293 3.481735159817352e-05 1330
1747413972474 3.4703196347031966e-05 1340
1747413972474 3.4703196347031966e-05 1340
1747413976495 3.4589041095890414e-05 1350
1747413976496 3.4589041095890414e-05 1350
1747413980524 3.447488584474886e-05 1360
1747413980524 3.447488584474886e-05 1360
1747413986292 3.436073059360731e-05 1370
1747413986292 3.436073059360731e-05 1370
1747413992040 3.424657534246575e-05 1380
1747413992041 3.424657534246575e-05 1380
1747413996079 3.41324200913242e-05 1390
1747413996079 3.41324200913242e-05 1390
1747414001776 3.4018264840182654e-05 1400
1747414001776 3.4018264840182654e-05 1400
1747414005854 3.39041095890411e-05 1410
1747414005855 3.39041095890411e-05 1410
1747414011647 3.378995433789954e-05 1420
1747414011646 3.378995433789954e-05 1420
1747414015708 3.367579908675799e-05 1430
1747414015709 3.367579908675799e-05 1430
1747414021326 3.356164383561644e-05 1440
1747414021326 3.356164383561644e-05 1440
1747414026948 3.344748858447489e-05 1450
1747414026948 3.344748858447489e-05 1450
1747414030943 3.3333333333333335e-05 1460
1747414030943 3.3333333333333335e-05 1460
1747414035092 3.321917808219178e-05 1470
1747414035091 3.321917808219178e-05 1470
1747414039159 3.310502283105023e-05 1480
1747414039160 3.310502283105023e-05 1480
1747414043253 3.299086757990868e-05 1490
1747414043254 3.299086757990868e-05 1490
1747414047461 3.287671232876712e-05 1500
1747414047461 3.287671232876712e-05 1500
1747414051521 3.2762557077625575e-05 1510
1747414051521 3.2762557077625575e-05 1510
1747414055644 3.264840182648402e-05 1520
1747414055644 3.264840182648402e-05 1520
1747414059745 3.253424657534247e-05 1530
1747414059745 3.253424657534247e-05 1530
1747414063846 3.242009132420091e-05 1540
1747414063846 3.242009132420091e-05 1540
1747414067913 3.230593607305936e-05 1550
1747414067914 3.230593607305936e-05 1550
1747414073649 3.219178082191781e-05 1560
1747414073649 3.219178082191781e-05 1560
1747414077682 3.207762557077626e-05 1570
1747414077683 3.207762557077626e-05 1570
1747414081813 3.1963470319634704e-05 1580
1747414081813 3.1963470319634704e-05 1580
1747414086008 3.184931506849315e-05 1590
1747414086009 3.184931506849315e-05 1590
1747414090179 3.17351598173516e-05 1600
1747414090179 3.17351598173516e-05 1600
1747414095980 3.162100456621005e-05 1610
1747414095980 3.162100456621005e-05 1610
1747414101753 3.1506849315068496e-05 1620
1747414101754 3.1506849315068496e-05 1620
1747414105963 3.1392694063926944e-05 1630
1747414105963 3.1392694063926944e-05 1630
1747414110082 3.127853881278539e-05 1640
1747414110083 3.127853881278539e-05 1640
1747414114248 3.116438356164384e-05 1650
1747414114248 3.116438356164384e-05 1650
1747414118271 3.105022831050228e-05 1660
1747414118271 3.105022831050228e-05 1660
1747414123932 3.093607305936073e-05 1670
1747414123932 3.093607305936073e-05 1670
1747414129684 3.082191780821918e-05 1680
1747414129685 3.082191780821918e-05 1680
1747414133856 3.070776255707763e-05 1690
1747414133858 3.070776255707763e-05 1690
1747414138032 3.059360730593607e-05 1700
1747414138033 3.059360730593607e-05 1700
1747414143765 3.047945205479452e-05 1710
1747414143781 3.047945205479452e-05 1710
1747414149534 3.036529680365297e-05 1720
1747414149534 3.036529680365297e-05 1720
1747414156904 3.025114155251142e-05 1730
1747414156917 3.025114155251142e-05 1730
1747414161084 3.0136986301369862e-05 1740
1747414161082 3.0136986301369862e-05 1740
1747414165099 3.0022831050228313e-05 1750
1747414165100 3.0022831050228313e-05 1750
1747414183437 2.990867579908676e-05 1760
1747414183438 2.990867579908676e-05 1760
1747414188219 2.979452054794521e-05 1770
1747414188219 2.979452054794521e-05 1770
1747414192274 2.9680365296803654e-05 1780
1747414192275 2.9680365296803654e-05 1780
1747414196302 2.9566210045662102e-05 1790
1747414196302 2.9566210045662102e-05 1790
1747414200375 2.945205479452055e-05 1800
1747414200376 2.945205479452055e-05 1800
1747414206154 2.9337899543378998e-05 1810
1747414206154 2.9337899543378998e-05 1810
1747414212183 2.9223744292237442e-05 1820
1747414212192 2.9223744292237442e-05 1820
1747414216460 2.910958904109589e-05 1830
1747414216461 2.910958904109589e-05 1830
1747414222226 2.8995433789954342e-05 1840
1747414222227 2.8995433789954342e-05 1840
1747414226473 2.888127853881279e-05 1850
1747414226474 2.888127853881279e-05 1850
1747414230581 2.8767123287671234e-05 1860
1747414230582 2.8767123287671234e-05 1860
1747414236257 2.8652968036529682e-05 1870
1747414236258 2.8652968036529682e-05 1870
1747414241911 2.853881278538813e-05 1880
1747414241911 2.853881278538813e-05 1880
1747414247630 2.842465753424658e-05 1890
1747414247632 2.842465753424658e-05 1890
1747414251880 2.8310502283105023e-05 1900
1747414251882 2.8310502283105023e-05 1900
1747414257736 2.819634703196347e-05 1910
1747414257737 2.819634703196347e-05 1910
1747414266747 2.808219178082192e-05 1920
1747414266752 2.808219178082192e-05 1920
1747414272803 2.796803652968037e-05 1930
1747414272804 2.796803652968037e-05 1930
1747414276968 2.785388127853881e-05 1940
1747414276969 2.785388127853881e-05 1940
1747414281076 2.7739726027397263e-05 1950
1747414281077 2.7739726027397263e-05 1950
1747414286995 2.762557077625571e-05 1960
1747414286997 2.762557077625571e-05 1960
1747414291366 2.751141552511416e-05 1970
1747414291367 2.751141552511416e-05 1970
1747414295540 2.7397260273972603e-05 1980
1747414295541 2.7397260273972603e-05 1980
1747414299757 2.728310502283105e-05 1990
1747414299758 2.728310502283105e-05 1990
1747414303889 2.71689497716895e-05 2000
1747414303892 2.71689497716895e-05 2000
1747414307989 2.7054794520547947e-05 2010
1747414307988 2.7054794520547947e-05 2010
1747414312153 2.6940639269406392e-05 2020
1747414312154 2.6940639269406392e-05 2020
1747414316271 2.682648401826484e-05 2030
1747414316272 2.682648401826484e-05 2030
1747414320406 2.671232876712329e-05 2040
1747414320407 2.671232876712329e-05 2040
1747414324786 2.659817351598174e-05 2050
1747414324789 2.659817351598174e-05 2050
1747414329251 2.6484018264840184e-05 2060
1747414329252 2.6484018264840184e-05 2060
1747414333453 2.6369863013698632e-05 2070
1747414333455 2.6369863013698632e-05 2070
1747414337739 2.625570776255708e-05 2080
1747414337740 2.625570776255708e-05 2080
1747414341849 2.6141552511415528e-05 2090
1747414341850 2.6141552511415528e-05 2090
1747414346052 2.6027397260273973e-05 2100
1747414346054 2.6027397260273973e-05 2100
1747414350316 2.591324200913242e-05 2110
1747414350317 2.591324200913242e-05 2110
1747414354409 2.579908675799087e-05 2120
1747414354410 2.579908675799087e-05 2120
1747414360160 2.568493150684932e-05 2130
1747414360160 2.568493150684932e-05 2130
1747414366017 2.557077625570776e-05 2140
1747414366018 2.557077625570776e-05 2140
1747414370129 2.5456621004566213e-05 2150
1747414370131 2.5456621004566213e-05 2150
1747414374244 2.534246575342466e-05 2160
1747414374245 2.534246575342466e-05 2160
1747414378335 2.522831050228311e-05 2170
1747414378336 2.522831050228311e-05 2170
1747414382436 2.5114155251141553e-05 2180
1747414382437 2.5114155251141553e-05 2180
1747414386441 2.5e-05 2190
1747414386442 2.5e-05 2190
1747414405436 2.4885844748858446e-05 2200
1747414405437 2.4885844748858446e-05 2200
1747414413020 2.4771689497716897e-05 2210
1747414413020 2.4771689497716897e-05 2210
1747414418799 2.4657534246575342e-05 2220
1747414418799 2.4657534246575342e-05 2220
1747414424497 2.454337899543379e-05 2230
1747414424497 2.454337899543379e-05 2230
1747414428526 2.4429223744292238e-05 2240
1747414428526 2.4429223744292238e-05 2240
1747414432640 2.4315068493150686e-05 2250
1747414432641 2.4315068493150686e-05 2250
1747414436745 2.4200913242009134e-05 2260
1747414436745 2.4200913242009134e-05 2260
1747414440835 2.4086757990867582e-05 2270
1747414440836 2.4086757990867582e-05 2270
1747414444915 2.3972602739726026e-05 2280
1747414444915 2.3972602739726026e-05 2280
1747414449008 2.3858447488584478e-05 2290
1747414449009 2.3858447488584478e-05 2290
1747414453105 2.3744292237442922e-05 2300
1747414453106 2.3744292237442922e-05 2300
1747414457166 2.363013698630137e-05 2310
1747414457166 2.363013698630137e-05 2310
1747414461249 2.351598173515982e-05 2320
1747414461250 2.351598173515982e-05 2320
1747414465382 2.3401826484018266e-05 2330
1747414465382 2.3401826484018266e-05 2330
1747414469561 2.328767123287671e-05 2340
1747414469562 2.328767123287671e-05 2340
1747414473633 2.3173515981735162e-05 2350
1747414473633 2.3173515981735162e-05 2350
1747414477699 2.3059360730593607e-05 2360
1747414477700 2.3059360730593607e-05 2360
1747414481810 2.2945205479452055e-05 2370
1747414481810 2.2945205479452055e-05 2370
1747414485973 2.2831050228310503e-05 2380
1747414485973 2.2831050228310503e-05 2380
1747414490145 2.271689497716895e-05 2390
1747414490145 2.271689497716895e-05 2390
1747414496034 2.2602739726027396e-05 2400
1747414496034 2.2602739726027396e-05 2400
1747414500201 2.2488584474885847e-05 2410
1747414500201 2.2488584474885847e-05 2410
1747414504268 2.237442922374429e-05 2420
1747414504268 2.237442922374429e-05 2420
1747414508334 2.226027397260274e-05 2430
1747414508335 2.226027397260274e-05 2430
1747414512419 2.2146118721461187e-05 2440
1747414512419 2.2146118721461187e-05 2440
1747414518252 2.2031963470319635e-05 2450
1747414518252 2.2031963470319635e-05 2450
1747414522301 2.1917808219178083e-05 2460
1747414522301 2.1917808219178083e-05 2460
1747414526569 2.180365296803653e-05 2470
1747414526569 2.180365296803653e-05 2470
1747414530682 2.1689497716894976e-05 2480
1747414530683 2.1689497716894976e-05 2480
1747414534838 2.1575342465753427e-05 2490
1747414534840 2.1575342465753427e-05 2490
1747414542380 2.1461187214611872e-05 2500
1747414542381 2.1461187214611872e-05 2500
1747414546486 2.134703196347032e-05 2510
1747414546486 2.134703196347032e-05 2510
1747414550636 2.1232876712328768e-05 2520
1747414550638 2.1232876712328768e-05 2520
1747414554781 2.1118721461187216e-05 2530
1747414554786 2.1118721461187216e-05 2530
1747414560548 2.100456621004566e-05 2540
1747414560548 2.100456621004566e-05 2540
1747414564578 2.0890410958904112e-05 2550
1747414564579 2.0890410958904112e-05 2550
1747414568604 2.0776255707762557e-05 2560
1747414568604 2.0776255707762557e-05 2560
1747414574901 2.0662100456621005e-05 2570
1747414574902 2.0662100456621005e-05 2570
1747414578939 2.0547945205479453e-05 2580
1747414578939 2.0547945205479453e-05 2580
1747414582972 2.04337899543379e-05 2590
1747414582972 2.04337899543379e-05 2590
1747414588693 2.0319634703196345e-05 2600
1747414588693 2.0319634703196345e-05 2600
1747414592856 2.0205479452054797e-05 2610
1747414592856 2.0205479452054797e-05 2610
1747414599606 2.009132420091324e-05 2620
1747414599624 2.009132420091324e-05 2620
1747414622767 1.997716894977169e-05 2630
1747414622769 1.997716894977169e-05 2630
1747414626931 1.9863013698630137e-05 2640
1747414626931 1.9863013698630137e-05 2640
1747414631169 1.9748858447488585e-05 2650
1747414631171 1.9748858447488585e-05 2650
1747414635382 1.9634703196347033e-05 2660
1747414635383 1.9634703196347033e-05 2660
1747414639586 1.952054794520548e-05 2670
1747414639588 1.952054794520548e-05 2670
1747414643796 1.9406392694063926e-05 2680
1747414643797 1.9406392694063926e-05 2680
1747414649682 1.9292237442922377e-05 2690
1747414649683 1.9292237442922377e-05 2690
1747414653783 1.9178082191780822e-05 2700
1747414653784 1.9178082191780822e-05 2700
1747414659514 1.906392694063927e-05 2710
1747414659515 1.906392694063927e-05 2710
1747414663519 1.8949771689497718e-05 2720
1747414663519 1.8949771689497718e-05 2720
1747414667533 1.8835616438356166e-05 2730
1747414667533 1.8835616438356166e-05 2730
1747414671603 1.872146118721461e-05 2740
1747414671604 1.872146118721461e-05 2740
1747414679003 1.8607305936073062e-05 2750
1747414679004 1.8607305936073062e-05 2750
1747414683043 1.8493150684931506e-05 2760
1747414683043 1.8493150684931506e-05 2760
1747414688828 1.8378995433789954e-05 2770
1747414688828 1.8378995433789954e-05 2770
1747414692961 1.8264840182648402e-05 2780
1747414692977 1.8264840182648402e-05 2780
1747414697045 1.815068493150685e-05 2790
1747414697046 1.815068493150685e-05 2790
1747414701089 1.80365296803653e-05 2800
1747414701089 1.80365296803653e-05 2800
1747414706829 1.7922374429223746e-05 2810
1747414706829 1.7922374429223746e-05 2810
1747414710879 1.780821917808219e-05 2820
1747414710879 1.780821917808219e-05 2820
1747414714997 1.769406392694064e-05 2830
1747414714998 1.769406392694064e-05 2830
1747414719061 1.7579908675799087e-05 2840
1747414719061 1.7579908675799087e-05 2840
1747414724910 1.7465753424657535e-05 2850
1747414724910 1.7465753424657535e-05 2850
1747414729036 1.7351598173515983e-05 2860
1747414729035 1.7351598173515983e-05 2860
1747414733156 1.723744292237443e-05 2870
1747414733158 1.723744292237443e-05 2870
1747414738913 1.7123287671232875e-05 2880
1747414738914 1.7123287671232875e-05 2880
1747414743006 1.7009132420091327e-05 2890
1747414743007 1.7009132420091327e-05 2890
1747414747064 1.689497716894977e-05 2900
1747414747065 1.689497716894977e-05 2900
1747414751131 1.678082191780822e-05 2910
1747414751131 1.678082191780822e-05 2910
1747414755242 1.6666666666666667e-05 2920
1747414755243 1.6666666666666667e-05 2920
1747414759298 1.6552511415525115e-05 2930
1747414759298 1.6552511415525115e-05 2930
1747414765082 1.643835616438356e-05 2940
1747414765083 1.643835616438356e-05 2940
1747414769254 1.632420091324201e-05 2950
1747414769255 1.632420091324201e-05 2950
1747414773377 1.6210045662100456e-05 2960
1747414773379 1.6210045662100456e-05 2960
1747414777516 1.6095890410958904e-05 2970
1747414777516 1.6095890410958904e-05 2970
1747414783366 1.5981735159817352e-05 2980
1747414783366 1.5981735159817352e-05 2980
1747414787905 1.58675799086758e-05 2990
1747414787908 1.58675799086758e-05 2990
1747414793183 1.5753424657534248e-05 3000
1747414793183 1.5753424657534248e-05 3000
1747414797263 1.5639269406392696e-05 3010
1747414797264 1.5639269406392696e-05 3010
1747414801283 1.552511415525114e-05 3020
1747414801283 1.552511415525114e-05 3020
1747414805352 1.541095890410959e-05 3030
1747414805353 1.541095890410959e-05 3030
1747414809455 1.5296803652968037e-05 3040
1747414809456 1.5296803652968037e-05 3040
1747414815577 1.5182648401826485e-05 3050
1747414815573 1.5182648401826485e-05 3050
1747414821100 1.5068493150684931e-05 3060
1747414821102 1.5068493150684931e-05 3060
1747414842688 1.495433789954338e-05 3070
1747414842690 1.495433789954338e-05 3070
1747414848949 1.4840182648401827e-05 3080
1747414848951 1.4840182648401827e-05 3080
1747414853263 1.4726027397260275e-05 3090
1747414853265 1.4726027397260275e-05 3090
1747414857634 1.4611872146118721e-05 3100
1747414857633 1.4611872146118721e-05 3100
1747414861739 1.4497716894977171e-05 3110
1747414861762 1.4497716894977171e-05 3110
1747414865835 1.4383561643835617e-05 3120
1747414865836 1.4383561643835617e-05 3120
1747414870160 1.4269406392694065e-05 3130
1747414870161 1.4269406392694065e-05 3130
1747414874249 1.4155251141552511e-05 3140
1747414874250 1.4155251141552511e-05 3140
1747414878389 1.404109589041096e-05 3150
1747414878390 1.404109589041096e-05 3150
1747414882542 1.3926940639269406e-05 3160
1747414882543 1.3926940639269406e-05 3160
1747414886729 1.3812785388127855e-05 3170
1747414886731 1.3812785388127855e-05 3170
1747414890979 1.3698630136986302e-05 3180
1747414890981 1.3698630136986302e-05 3180
1747414895163 1.358447488584475e-05 3190
1747414895164 1.358447488584475e-05 3190
1747414899438 1.3470319634703196e-05 3200
1747414899439 1.3470319634703196e-05 3200
1747414903626 1.3356164383561646e-05 3210
1747414903630 1.3356164383561646e-05 3210
1747414907952 1.3242009132420092e-05 3220
1747414907954 1.3242009132420092e-05 3220
1747414912217 1.312785388127854e-05 3230
1747414912219 1.312785388127854e-05 3230
1747414916386 1.3013698630136986e-05 3240
1747414916387 1.3013698630136986e-05 3240
1747414920636 1.2899543378995434e-05 3250
1747414920637 1.2899543378995434e-05 3250
1747414924767 1.278538812785388e-05 3260
1747414924768 1.278538812785388e-05 3260
1747414928890 1.267123287671233e-05 3270
1747414928891 1.267123287671233e-05 3270
1747414933047 1.2557077625570777e-05 3280
1747414933049 1.2557077625570777e-05 3280
1747414937197 1.2442922374429223e-05 3290
1747414937198 1.2442922374429223e-05 3290
1747414941349 1.2328767123287671e-05 3300
1747414941350 1.2328767123287671e-05 3300
1747414945524 1.2214611872146119e-05 3310
1747414945525 1.2214611872146119e-05 3310
1747414949710 1.2100456621004567e-05 3320
1747414949711 1.2100456621004567e-05 3320
1747414953902 1.1986301369863013e-05 3330
1747414953904 1.1986301369863013e-05 3330
1747414958101 1.1872146118721461e-05 3340
1747414958102 1.1872146118721461e-05 3340
1747414962326 1.175799086757991e-05 3350
1747414962328 1.175799086757991e-05 3350
1747414966567 1.1643835616438355e-05 3360
1747414966569 1.1643835616438355e-05 3360
1747414970796 1.1529680365296803e-05 3370
1747414970797 1.1529680365296803e-05 3370
1747414974981 1.1415525114155251e-05 3380
1747414974982 1.1415525114155251e-05 3380
1747414979145 1.1301369863013698e-05 3390
1747414979147 1.1301369863013698e-05 3390
1747414983318 1.1187214611872146e-05 3400
1747414983317 1.1187214611872146e-05 3400
1747414987526 1.1073059360730594e-05 3410
1747414987525 1.1073059360730594e-05 3410
1747414991816 1.0958904109589042e-05 3420
1747414991818 1.0958904109589042e-05 3420
1747414995983 1.0844748858447488e-05 3430
1747414995984 1.0844748858447488e-05 3430
1747415001847 1.0730593607305936e-05 3440
1747415001848 1.0730593607305936e-05 3440
1747415007770 1.0616438356164384e-05 3450
1747415007773 1.0616438356164384e-05 3450
1747415011988 1.050228310502283e-05 3460
1747415011989 1.050228310502283e-05 3460
1747415016115 1.0388127853881278e-05 3470
1747415016116 1.0388127853881278e-05 3470
1747415021907 1.0273972602739726e-05 3480
1747415021908 1.0273972602739726e-05 3480
1747415026206 1.0159817351598173e-05 3490
1747415026209 1.0159817351598173e-05 3490
1747415030493 1.004566210045662e-05 3500
1747415030495 1.004566210045662e-05 3500
