1747413319050 0.6355 10
1747413319051 0.6355 10
1747413322777 0.4834 20
1747413322778 0.4834 20
1747413326563 0.476 30
1747413326564 0.476 30
1747413331884 0.3778 40
1747413331885 0.3778 40
1747413335624 0.4025 50
1747413335625 0.4025 50
1747413339404 0.288 60
1747413339404 0.288 60
1747413343174 0.5081 70
1747413343174 0.5081 70
1747413346930 0.2476 80
1747413346930 0.2476 80
1747413350688 0.2032 90
1747413350687 0.2032 90
1747413354567 0.2161 100
1747413354568 0.2161 100
1747413359976 0.2286 110
1747413359977 0.2286 110
1747413363826 0.2429 120
1747413363825 0.2429 120
1747413367778 0.1662 130
1747413367779 0.1662 130
1747413373401 0.2233 140
1747413373401 0.2233 140
1747413377363 0.2505 150
1747413377364 0.2505 150
1747413381235 0.0751 160
1747413381236 0.0751 160
1747413385152 0.4434 170
1747413385153 0.4434 170
1747413389001 0.3299 180
1747413389002 0.3299 180
1747413392827 0.1757 190
1747413392828 0.1757 190
1747413396686 0.1624 200
1747413396686 0.1624 200
1747413402124 0.2111 210
1747413402124 0.2111 210
1747413410615 0.0705 220
1747413410618 0.0705 220
1747413414649 0.173 230
1747413414650 0.173 230
1747413420155 0.139 240
1747413420155 0.139 240
1747413425580 0.1511 250
1747413425582 0.1511 250
1747413432342 0.078 260
1747413432346 0.078 260
1747413436580 0.1559 270
1747413436581 0.1559 270
1747413442094 0.1779 280
1747413442094 0.1779 280
1747413446400 0.1345 290
1747413446401 0.1345 290
1747413450354 0.1787 300
1747413450355 0.1787 300
1747413454319 0.196 310
1747413454320 0.196 310
1747413459932 0.1724 320
1747413459933 0.1724 320
1747413463807 0.0937 330
1747413463807 0.0937 330
1747413467686 0.1423 340
1747413467686 0.1423 340
1747413471893 0.0778 350
1747413471897 0.0778 350
1747413479108 0.1893 360
1747413479109 0.1893 360
1747413483067 0.2744 370
1747413483068 0.2744 370
1747413487015 0.0732 380
1747413487015 0.0732 380
1747413492698 0.2518 390
1747413492702 0.2518 390
1747413496765 0.2204 400
1747413500893 0.1506 410
1747413500894 0.1506 410
1747413504910 0.0925 420
1747413504909 0.0925 420
1747413509090 0.1413 430
1747413509091 0.1413 430
1747413528384 0.0845 440
1747413528384 0.0845 440
1747413532352 0.111 450
1747413532352 0.111 450
1747413539746 0.0918 460
1747413539747 0.0918 460
1747413545353 0.1515 470
1747413545355 0.1515 470
1747413549277 0.031 480
1747413549276 0.031 480
1747413553218 0.1472 490
1747413553218 0.1472 490
1747413558811 0.0914 500
1747413558811 0.0914 500
1747413562788 0.1173 510
1747413562788 0.1173 510
1747413566921 0.0638 520
1747413566921 0.0638 520
1747413572659 0.3063 530
1747413572661 0.3063 530
1747413576604 0.1449 540
1747413576604 0.1449 540
1747413580555 0.0585 550
1747413580555 0.0585 550
1747413586284 0.077 560
1747413586285 0.077 560
1747413590272 0.1788 570
1747413590272 0.1788 570
1747413594302 0.1075 580
1747413599945 0.1684 590
1747413599945 0.1684 590
1747413605890 0.0899 600
1747413605890 0.0899 600
1747413609831 0.0494 610
1747413609837 0.0494 610
1747413613805 0.064 620
1747413613805 0.064 620
1747413617773 0.105 630
1747413617773 0.105 630
1747413621722 0.0174 640
1747413621722 0.0174 640
1747413625724 0.0555 650
1747413625724 0.0555 650
1747413629692 0.0084 660
1747413629693 0.0084 660
1747413633687 0.0811 670
1747413633687 0.0811 670
1747413637694 0.1789 680
1747413637695 0.1789 680
1747413643393 0.1018 690
1747413643394 0.1018 690
1747413647436 0.0547 700
1747413647438 0.0547 700
1747413651491 0.0403 710
1747413651491 0.0403 710
1747413657170 0.1507 720
1747413657171 0.1507 720
1747413661158 0.063 730
1747413661174 0.063 730
1747413665184 0.1426 740
1747413665185 0.1426 740
1747413669166 0.1058 750
1747413669165 0.1058 750
1747413673142 0.1179 760
1747413673142 0.1179 760
1747413677109 0.1081 770
1747413677109 0.1081 770
1747413682764 0.1588 780
1747413682764 0.1588 780
1747413686725 0.0807 790
1747413686727 0.0807 790
1747413692393 0.1659 800
1747413692393 0.1659 800
1747413698070 0.1287 810
1747413698072 0.1287 810
1747413702064 0.2885 820
1747413702064 0.2885 820
1747413706060 0.1092 830
1747413706061 0.1092 830
1747413711794 0.0534 840
1747413711794 0.0534 840
1747413715922 0.0968 850
1747413715923 0.0968 850
1747413719945 0.0085 860
1747413719945 0.0085 860
1747413723995 0.0094 870
1747413723995 0.0094 870
1747413741905 0.0806 880
1747413741905 0.0806 880
1747413745913 0.0218 890
1747413745913 0.0218 890
1747413751573 0.0446 900
1747413751574 0.0446 900
1747413757303 0.0754 910
1747413757303 0.0754 910
1747413762988 0.0377 920
1747413762988 0.0377 920
1747413768717 0.0784 930
1747413768719 0.0784 930
1747413772708 0.1176 940
1747413772709 0.1176 940
1747413776681 0.1554 950
1747413776696 0.1554 950
1747413782361 0.1243 960
1747413782362 0.1243 960
1747413786448 0.0979 970
1747413786449 0.0979 970
1747413790398 0.025 980
1747413790398 0.025 980
1747413794454 0.0862 990
1747413794455 0.0862 990
1747413798416 0.028 1000
1747413798416 0.028 1000
1747413802399 0.0779 1010
1747413802399 0.0779 1010
1747413806449 0.1133 1020
1747413806451 0.1133 1020
1747413810532 0.1166 1030
1747413810569 0.1166 1030
1747413816293 0.2106 1040
1747413816294 0.2106 1040
1747413820300 0.0448 1050
1747413820300 0.0448 1050
1747413824353 0.0281 1060
1747413824354 0.0281 1060
1747413828465 0.0382 1070
1747413828466 0.0382 1070
1747413832617 0.0699 1080
1747413832617 0.0699 1080
1747413836767 0.0823 1090
1747413836767 0.0823 1090
1747413840775 0.0921 1100
1747413840776 0.0921 1100
1747413844856 0.0626 1110
1747413844854 0.0626 1110
1747413850593 0.0782 1120
1747413850593 0.0782 1120
1747413854768 0.0655 1130
1747413854768 0.0655 1130
1747413862119 0.0117 1140
1747413862119 0.0117 1140
1747413866203 0.0058 1150
1747413866203 0.0058 1150
1747413870236 0.0425 1160
1747413870236 0.0425 1160
1747413874254 0.0651 1170
1747413874254 0.0651 1170
1747413878683 0.0424 1180
1747413878685 0.0424 1180
1747413885741 0.1151 1190
1747413885742 0.1151 1190
1747413889737 0.0677 1200
1747413889738 0.0677 1200
1747413895502 0.0442 1210
1747413895502 0.0442 1210
1747413899540 0.0776 1220
1747413899541 0.0776 1220
1747413903654 0.0442 1230
1747413903654 0.0442 1230
1747413909389 0.0373 1240
1747413909390 0.0373 1240
1747413913477 0.0431 1250
1747413913477 0.0431 1250
1747413919216 0.1055 1260
1747413919217 0.1055 1260
1747413924948 0.1006 1270
1747413924948 0.1006 1270
1747413930794 0.1334 1280
1747413930795 0.1334 1280
1747413934873 0.103 1290
1747413934873 0.103 1290
1747413938881 0.11 1300
1747413938882 0.11 1300
1747413942910 0.0531 1310
1747413942913 0.0531 1310
1747413961057 0.0386 1320
1747413961057 0.0386 1320
1747413965277 0.0414 1330
1747413965293 0.0414 1330
1747413972474 0.0056 1340
1747413972474 0.0056 1340
1747413976495 0.0054 1350
1747413976496 0.0054 1350
1747413980524 0.0153 1360
1747413980524 0.0153 1360
1747413986292 0.0212 1370
1747413986292 0.0212 1370
1747413992040 0.0441 1380
1747413992041 0.0441 1380
1747413996079 0.072 1390
1747413996079 0.072 1390
1747414001776 0.0018 1400
1747414001776 0.0018 1400
1747414005854 0.0597 1410
1747414005855 0.0597 1410
1747414011647 0.0628 1420
1747414011646 0.0628 1420
1747414015708 0.0639 1430
1747414015709 0.0639 1430
1747414021326 0.0544 1440
1747414021326 0.0544 1440
1747414026948 0.0065 1450
1747414026948 0.0065 1450
1747414030943 0.0836 1460
1747414030943 0.0836 1460
1747414035091 0.1844 1470
1747414035092 0.1844 1470
1747414039159 0.1641 1480
1747414039160 0.1641 1480
1747414043253 0.35 1490
1747414043254 0.35 1490
1747414047461 0.1066 1500
1747414047461 0.1066 1500
1747414051521 0.1179 1510
1747414051521 0.1179 1510
1747414055644 0.0086 1520
1747414055644 0.0086 1520
1747414059745 0.0717 1530
1747414059745 0.0717 1530
1747414063846 0.038 1540
1747414063846 0.038 1540
1747414067913 0.0665 1550
1747414067914 0.0665 1550
1747414073649 0.097 1560
1747414073649 0.097 1560
1747414077682 0.0856 1570
1747414077683 0.0856 1570
1747414081813 0.0149 1580
1747414081813 0.0149 1580
1747414086008 0.055 1590
1747414086009 0.055 1590
1747414090179 0.1098 1600
1747414090179 0.1098 1600
1747414095980 0.0389 1610
1747414095980 0.0389 1610
1747414101753 0.0652 1620
1747414101754 0.0652 1620
1747414105963 0.0703 1630
1747414105963 0.0703 1630
1747414110082 0.0056 1640
1747414110083 0.0056 1640
1747414114248 0.0881 1650
1747414114248 0.0881 1650
1747414118271 0.0827 1660
1747414118271 0.0827 1660
1747414123932 0.0445 1670
1747414123932 0.0445 1670
1747414129684 0.0741 1680
1747414129685 0.0741 1680
1747414133856 0.0475 1690
1747414133858 0.0475 1690
1747414138032 0.0585 1700
1747414138033 0.0585 1700
1747414143765 0.0361 1710
1747414143781 0.0361 1710
1747414149534 0.0192 1720
1747414149534 0.0192 1720
1747414156904 0.0728 1730
1747414156917 0.0728 1730
1747414161084 0.0826 1740
1747414161082 0.0826 1740
1747414165099 0.0575 1750
1747414165100 0.0575 1750
1747414183437 0.056 1760
1747414183438 0.056 1760
1747414188219 0.0374 1770
1747414188219 0.0374 1770
1747414192274 0.0226 1780
1747414192275 0.0226 1780
1747414196302 0.0018 1790
1747414196302 0.0018 1790
1747414200375 0.0422 1800
1747414200376 0.0422 1800
1747414206154 0.0948 1810
1747414206154 0.0948 1810
1747414212183 0.0285 1820
1747414212192 0.0285 1820
1747414216460 0.0018 1830
1747414216461 0.0018 1830
1747414222226 0.0503 1840
1747414222227 0.0503 1840
1747414226473 0.0149 1850
1747414226474 0.0149 1850
1747414230581 0.0421 1860
1747414230582 0.0421 1860
1747414236257 0.0295 1870
1747414236258 0.0295 1870
1747414241911 0.0707 1880
1747414241911 0.0707 1880
1747414247630 0.0738 1890
1747414247632 0.0738 1890
1747414251880 0.1233 1900
1747414251882 0.1233 1900
1747414257736 0.098 1910
1747414257737 0.098 1910
1747414266747 0.0075 1920
1747414266752 0.0075 1920
1747414272803 0.0024 1930
1747414272804 0.0024 1930
1747414276968 0.04 1940
1747414276969 0.04 1940
1747414281076 0.0779 1950
1747414281077 0.0779 1950
1747414286995 0.0401 1960
1747414286997 0.0401 1960
1747414291366 0.0711 1970
1747414291367 0.0711 1970
1747414295540 0.0071 1980
1747414295541 0.0071 1980
1747414299757 0.0827 1990
1747414299758 0.0827 1990
1747414303889 0.0178 2000
1747414303892 0.0178 2000
1747414307989 0.0034 2010
1747414307988 0.0034 2010
1747414312153 0.0034 2020
1747414312154 0.0034 2020
1747414316271 0.0021 2030
1747414316272 0.0021 2030
1747414320406 0.0253 2040
1747414320407 0.0253 2040
1747414324786 0.0015 2050
1747414324789 0.0015 2050
1747414329251 0.0796 2060
1747414329252 0.0796 2060
1747414333453 0.0272 2070
1747414333455 0.0272 2070
1747414337739 0.0416 2080
1747414337740 0.0416 2080
1747414341849 0.0032 2090
1747414341850 0.0032 2090
1747414346052 0.0774 2100
1747414346054 0.0774 2100
1747414350316 0.105 2110
1747414350317 0.105 2110
1747414354409 0.1029 2120
1747414354410 0.1029 2120
1747414360160 0.004 2130
1747414360160 0.004 2130
1747414366017 0.1324 2140
1747414366018 0.1324 2140
1747414370129 0.0061 2150
1747414370131 0.0061 2150
1747414374244 0.0185 2160
1747414374245 0.0185 2160
1747414378335 0.0031 2170
1747414378336 0.0031 2170
1747414382436 0.0954 2180
1747414382437 0.0954 2180
1747414386441 0.0382 2190
1747414386442 0.0382 2190
1747414405436 0.0139 2200
1747414405437 0.0139 2200
1747414413020 0.0277 2210
1747414413020 0.0277 2210
1747414418799 0.0016 2220
1747414418799 0.0016 2220
1747414424497 0.0015 2230
1747414424497 0.0015 2230
1747414428526 0.0453 2240
1747414428526 0.0453 2240
1747414432640 0.0434 2250
1747414432641 0.0434 2250
1747414436745 0.004 2260
1747414436745 0.004 2260
1747414440835 0.0013 2270
1747414440836 0.0013 2270
1747414444915 0.0445 2280
1747414444915 0.0445 2280
1747414449008 0.0228 2290
1747414449009 0.0228 2290
1747414453105 0.0227 2300
1747414453106 0.0227 2300
1747414457166 0.0011 2310
1747414457166 0.0011 2310
1747414461249 0.0264 2320
1747414461250 0.0264 2320
1747414465382 0.0452 2330
1747414465382 0.0452 2330
1747414469561 0.0535 2340
1747414469562 0.0535 2340
1747414473633 0.0013 2350
1747414473633 0.0013 2350
1747414477699 0.0309 2360
1747414477700 0.0309 2360
1747414481810 0.0429 2370
1747414481810 0.0429 2370
1747414485973 0.0404 2380
1747414485973 0.0404 2380
1747414490145 0.0148 2390
1747414490145 0.0148 2390
1747414496034 0.0182 2400
1747414496034 0.0182 2400
1747414500201 0.0563 2410
1747414500201 0.0563 2410
1747414504268 0.1201 2420
1747414504268 0.1201 2420
1747414508334 0.0022 2430
1747414508335 0.0022 2430
1747414512419 0.0026 2440
1747414512419 0.0026 2440
1747414518252 0.0485 2450
1747414518252 0.0485 2450
1747414522301 0.0018 2460
1747414522301 0.0018 2460
1747414526569 0.0016 2470
1747414526569 0.0016 2470
1747414530682 0.0016 2480
1747414530683 0.0016 2480
1747414534838 0.0832 2490
1747414534840 0.0832 2490
1747414542380 0.0015 2500
1747414542381 0.0015 2500
1747414546486 0.0438 2510
1747414546486 0.0438 2510
1747414550636 0.0017 2520
1747414550638 0.0017 2520
1747414554781 0.0834 2530
1747414554786 0.0834 2530
1747414560548 0.0021 2540
1747414560548 0.0021 2540
1747414564578 0.002 2550
1747414564579 0.002 2550
1747414568604 0.0017 2560
1747414568604 0.0017 2560
1747414574901 0.0378 2570
1747414574902 0.0378 2570
1747414578939 0.1247 2580
1747414578939 0.1247 2580
1747414582972 0.0709 2590
1747414582972 0.0709 2590
1747414588693 0.0358 2600
1747414588693 0.0358 2600
1747414592856 0.0052 2610
1747414592856 0.0052 2610
1747414599606 0.0036 2620
1747414599624 0.0036 2620
1747414622767 0.0024 2630
1747414622769 0.0024 2630
1747414626931 0.0026 2640
1747414626931 0.0026 2640
1747414631169 0.0015 2650
1747414631171 0.0015 2650
1747414635382 0.0125 2660
1747414635383 0.0125 2660
1747414639586 0.0012 2670
1747414639588 0.0012 2670
1747414643796 0.0131 2680
1747414643797 0.0131 2680
1747414649682 0.001 2690
1747414649683 0.001 2690
1747414653783 0.0011 2700
1747414653784 0.0011 2700
1747414659514 0.0008 2710
1747414659515 0.0008 2710
1747414663519 0.0008 2720
1747414663519 0.0008 2720
1747414667533 0.0007 2730
1747414667533 0.0007 2730
1747414671603 0.0428 2740
1747414671604 0.0428 2740
1747414679003 0.0008 2750
1747414679004 0.0008 2750
1747414683043 0.0009 2760
1747414683043 0.0009 2760
1747414688828 0.0421 2770
1747414688828 0.0421 2770
1747414692961 0.0442 2780
1747414692977 0.0442 2780
1747414697045 0.0012 2790
1747414697046 0.0012 2790
1747414701089 0.0367 2800
1747414701089 0.0367 2800
1747414706829 0.0459 2810
1747414706829 0.0459 2810
1747414710879 0.0011 2820
1747414710879 0.0011 2820
1747414714997 0.0012 2830
1747414714998 0.0012 2830
1747414719061 0.045 2840
1747414719061 0.045 2840
1747414724910 0.0012 2850
1747414724910 0.0012 2850
1747414729035 0.0012 2860
1747414729036 0.0012 2860
1747414733156 0.0011 2870
1747414733158 0.0011 2870
1747414738913 0.0009 2880
1747414738914 0.0009 2880
1747414743006 0.0459 2890
1747414743007 0.0459 2890
1747414747064 0.0009 2900
1747414747065 0.0009 2900
1747414751131 0.001 2910
1747414751131 0.001 2910
1747414755242 0.001 2920
1747414755243 0.001 2920
1747414759298 0.0867 2930
1747414759298 0.0867 2930
1747414765082 0.0011 2940
1747414765083 0.0011 2940
1747414769254 0.0012 2950
1747414769255 0.0012 2950
1747414773377 0.0445 2960
1747414773379 0.0445 2960
1747414777516 0.043 2970
1747414777516 0.043 2970
1747414783366 0.0016 2980
1747414783366 0.0016 2980
1747414787905 0.0364 2990
1747414787908 0.0364 2990
1747414793183 0.047 3000
1747414793183 0.047 3000
1747414797263 0.0017 3010
1747414797264 0.0017 3010
1747414801283 0.0013 3020
1747414801283 0.0013 3020
1747414805352 0.0797 3030
1747414805353 0.0797 3030
1747414809455 0.0019 3040
1747414809456 0.0019 3040
1747414815577 0.0013 3050
1747414815573 0.0013 3050
1747414821100 0.0014 3060
1747414821102 0.0014 3060
1747414842688 0.0012 3070
1747414842690 0.0012 3070
1747414848949 0.0295 3080
1747414848951 0.0295 3080
1747414853263 0.001 3090
1747414853265 0.001 3090
1747414857634 0.0451 3100
1747414861739 0.0011 3110
1747414861762 0.0011 3110
1747414865835 0.001 3120
1747414865836 0.001 3120
1747414870160 0.001 3130
1747414870161 0.001 3130
1747414874249 0.0802 3140
1747414874250 0.0802 3140
1747414878389 0.0016 3150
1747414878390 0.0016 3150
1747414882542 0.0377 3160
1747414882543 0.0377 3160
1747414886729 0.0015 3170
1747414886731 0.0015 3170
1747414890979 0.0012 3180
1747414890981 0.0012 3180
1747414895163 0.0011 3190
1747414895164 0.0011 3190
1747414899438 0.001 3200
1747414899439 0.001 3200
1747414903626 0.0349 3210
1747414903630 0.0349 3210
1747414907952 0.001 3220
1747414907954 0.001 3220
1747414912217 0.0011 3230
1747414912219 0.0011 3230
1747414916386 0.0008 3240
1747414916387 0.0008 3240
1747414920636 0.0008 3250
1747414920637 0.0008 3250
1747414924767 0.0007 3260
1747414924768 0.0007 3260
1747414928890 0.0007 3270
1747414928891 0.0007 3270
1747414933047 0.0006 3280
1747414933049 0.0006 3280
1747414937197 0.0006 3290
1747414937198 0.0006 3290
1747414941349 0.0006 3300
1747414941350 0.0006 3300
1747414945524 0.0005 3310
1747414945525 0.0005 3310
1747414949710 0.0346 3320
1747414949711 0.0346 3320
1747414953902 0.001 3330
1747414953904 0.001 3330
1747414958101 0.0012 3340
1747414958102 0.0012 3340
1747414962326 0.0438 3350
1747414962328 0.0438 3350
1747414966567 0.0377 3360
1747414966569 0.0377 3360
1747414970796 0.0005 3370
1747414970797 0.0005 3370
1747414974981 0.0132 3380
1747414974982 0.0132 3380
1747414979145 0.0004 3390
1747414979147 0.0004 3390
1747414983317 0.0849 3400
1747414983318 0.0849 3400
1747414987526 0.0005 3410
1747414987525 0.0005 3410
1747414991816 0.0005 3420
1747414991818 0.0005 3420
1747414995983 0.0005 3430
1747414995984 0.0005 3430
1747415001847 0.0004 3440
1747415001848 0.0004 3440
1747415007770 0.0005 3450
1747415007773 0.0005 3450
1747415011988 0.0005 3460
1747415011989 0.0005 3460
1747415016115 0.0004 3470
1747415016116 0.0004 3470
1747415021907 0.0005 3480
1747415021908 0.0005 3480
1747415026206 0.0185 3490
1747415026209 0.0185 3490
1747415030493 0.0004 3500
1747415030495 0.0004 3500
