1747377380818 0.10638297872340426 10
1747377380820 0.10638297872340426 10
1747377384656 0.2127659574468085 20
1747377384657 0.2127659574468085 20
1747377391700 0.3191489361702128 30
1747377391701 0.3191489361702128 30
1747377397081 0.425531914893617 40
1747377397082 0.425531914893617 40
1747377402467 0.5319148936170213 50
1747377406206 0.6382978723404256 60
1747377406206 0.6382978723404256 60
1747377411593 0.7446808510638298 70
1747377411592 0.7446808510638298 70
1747377415325 0.851063829787234 80
1747377415326 0.851063829787234 80
1747377419082 0.9574468085106383 90
1747377419083 0.9574468085106383 90
1747377422932 1.0 94
1747377422933 1.0 94
1747377426805 1.0638297872340425 100
1747377426806 1.0638297872340425 100
1747377430677 1.1702127659574468 110
1747377430678 1.1702127659574468 110
1747377434879 1.2765957446808511 120
1747377434884 1.2765957446808511 120
1747377441652 1.3829787234042552 130
1747377441652 1.3829787234042552 130
1747377445445 1.4893617021276595 140
1747377445445 1.4893617021276595 140
1747377449235 1.5957446808510638 150
1747377449236 1.5957446808510638 150
1747377453016 1.702127659574468 160
1747377453017 1.702127659574468 160
1747377456797 1.8085106382978724 170
1747377456798 1.8085106382978724 170
1747377460574 1.9148936170212765 180
1747377460575 1.9148936170212765 180
1747377465945 2.0 188
1747377465946 2.0 188
1747377468302 2.021276595744681 190
1747377468303 2.021276595744681 190
1747377472183 2.127659574468085 200
1747377472184 2.127659574468085 200
1747377476045 2.2340425531914896 210
1747377476045 2.2340425531914896 210
1747377479888 2.3404255319148937 220
1747377479889 2.3404255319148937 220
1747377483863 2.4468085106382977 230
1747377483864 2.4468085106382977 230
1747377487716 2.5531914893617023 240
1747377487715 2.5531914893617023 240
1747377491581 2.6595744680851063 250
1747377491580 2.6595744680851063 250
1747377495439 2.7659574468085104 260
1747377495440 2.7659574468085104 260
1747377499307 2.872340425531915 270
1747377499308 2.872340425531915 270
1747377503401 2.978723404255319 280
1747377503405 2.978723404255319 280
1747377508042 3.0 282
1747377508043 3.0 282
1747377512670 3.0851063829787235 290
1747377512672 3.0851063829787235 290
1747377516563 3.1914893617021276 300
1747377516564 3.1914893617021276 300
1747377520467 3.297872340425532 310
1747377520467 3.297872340425532 310
1747377527567 3.404255319148936 320
1747377527567 3.404255319148936 320
1747377531481 3.5106382978723403 330
1747377531482 3.5106382978723403 330
1747377535421 3.617021276595745 340
1747377535422 3.617021276595745 340
1747377540820 3.723404255319149 350
1747377540821 3.723404255319149 350
1747377544579 3.829787234042553 360
1747377544579 3.829787234042553 360
1747377548442 3.9361702127659575 370
1747377548442 3.9361702127659575 370
1747377553224 4.0 376
1747377553225 4.0 376
1747377554827 4.0 376
1747377554827 4.0 376
