1747377380818 5.629292964935303 10
1747377380820 5.629292964935303 10
1747377384656 9.88105297088623 20
1747377384657 9.88105297088623 20
1747377391700 0.6690177917480469 30
1747377391701 0.6690177917480469 30
1747377397081 0.22527293860912323 40
1747377397082 0.22527293860912323 40
1747377402466 0.8736719489097595 50
1747377402467 0.8736719489097595 50
1747377406206 25.839418411254883 60
1747377406206 25.839418411254883 60
1747377411592 0.022401781752705574 70
1747377411593 0.022401781752705574 70
1747377415325 13.732579231262207 80
1747377415326 13.732579231262207 80
1747377419082 0.14913305640220642 90
1747377419083 0.14913305640220642 90
1747377426805 0.029344825074076653 100
1747377426806 0.029344825074076653 100
1747377430677 3.3957300186157227 110
1747377430678 3.3957300186157227 110
1747377434879 0.07114825397729874 120
1747377434884 0.07114825397729874 120
1747377441652 0.037896398454904556 130
1747377441652 0.037896398454904556 130
1747377445445 0.46770963072776794 140
1747377445445 0.46770963072776794 140
1747377449235 0.02288881130516529 150
1747377449236 0.02288881130516529 150
1747377453016 0.03048989176750183 160
1747377453017 0.03048989176750183 160
1747377456797 0.05399279668927193 170
1747377456798 0.05399279668927193 170
1747377460574 0.018609868362545967 180
1747377460575 0.018609868362545967 180
1747377468302 0.025959638878703117 190
1747377468303 0.025959638878703117 190
1747377472183 0.014240379445254803 200
1747377472184 0.014240379445254803 200
1747377476045 0.008385208435356617 210
1747377476045 0.008385208435356617 210
1747377479888 0.006843624170869589 220
1747377479889 0.006843624170869589 220
1747377483863 0.0057345302775502205 230
1747377483864 0.0057345302775502205 230
1747377487716 0.00513831852003932 240
1747377487715 0.00513831852003932 240
1747377491581 0.0037504651118069887 250
1747377491580 0.0037504651118069887 250
1747377495439 0.00423465995118022 260
1747377495440 0.00423465995118022 260
1747377499307 0.006981498096138239 270
1747377499308 0.006981498096138239 270
1747377503401 0.02856321632862091 280
1747377503405 0.02856321632862091 280
1747377512670 0.027760235592722893 290
1747377512672 0.027760235592722893 290
1747377516563 0.016065122559666634 300
1747377516564 0.016065122559666634 300
1747377520467 0.025634441524744034 310
1747377520467 0.025634441524744034 310
1747377527567 0.014947771094739437 320
1747377527567 0.014947771094739437 320
1747377531481 2.5564541816711426 330
1747377531482 2.5564541816711426 330
1747377535421 0.007498981896787882 340
1747377535422 0.007498981896787882 340
1747377540820 0.005403780844062567 350
1747377540821 0.005403780844062567 350
1747377544579 0.004102105274796486 360
1747377544579 0.004102105274796486 360
1747377548442 0.004367396235466003 370
1747377548442 0.004367396235466003 370
