1747377380818 4.946808510638298e-05 10
1747377380820 4.946808510638298e-05 10
1747377384656 4.893617021276596e-05 20
1747377384657 4.893617021276596e-05 20
1747377391700 4.840425531914894e-05 30
1747377391701 4.840425531914894e-05 30
1747377397081 4.787234042553192e-05 40
1747377397082 4.787234042553192e-05 40
1747377402466 4.734042553191489e-05 50
1747377402467 4.734042553191489e-05 50
1747377406206 4.680851063829788e-05 60
1747377406206 4.680851063829788e-05 60
1747377411593 4.627659574468085e-05 70
1747377411592 4.627659574468085e-05 70
1747377415325 4.574468085106383e-05 80
1747377415326 4.574468085106383e-05 80
1747377419082 4.5212765957446815e-05 90
1747377419083 4.5212765957446815e-05 90
1747377426805 4.468085106382979e-05 100
1747377426806 4.468085106382979e-05 100
1747377430677 4.414893617021277e-05 110
1747377430678 4.414893617021277e-05 110
1747377434879 4.3617021276595746e-05 120
1747377434884 4.3617021276595746e-05 120
1747377441652 4.3085106382978725e-05 130
1747377441652 4.3085106382978725e-05 130
1747377445445 4.2553191489361704e-05 140
1747377445445 4.2553191489361704e-05 140
1747377449235 4.2021276595744684e-05 150
1747377449236 4.2021276595744684e-05 150
1747377453016 4.148936170212766e-05 160
1747377453017 4.148936170212766e-05 160
1747377456797 4.095744680851064e-05 170
1747377456798 4.095744680851064e-05 170
1747377460574 4.0425531914893614e-05 180
1747377460575 4.0425531914893614e-05 180
1747377468302 3.9893617021276594e-05 190
1747377468303 3.9893617021276594e-05 190
1747377472183 3.936170212765958e-05 200
1747377472184 3.936170212765958e-05 200
1747377476045 3.882978723404255e-05 210
1747377476045 3.882978723404255e-05 210
1747377479888 3.829787234042553e-05 220
1747377479889 3.829787234042553e-05 220
1747377483863 3.776595744680852e-05 230
1747377483864 3.776595744680852e-05 230
1747377487716 3.723404255319149e-05 240
1747377487715 3.723404255319149e-05 240
1747377491581 3.670212765957447e-05 250
1747377491580 3.670212765957447e-05 250
1747377495439 3.617021276595745e-05 260
1747377495440 3.617021276595745e-05 260
1747377499307 3.563829787234043e-05 270
1747377499308 3.563829787234043e-05 270
1747377503401 3.5106382978723407e-05 280
1747377503405 3.5106382978723407e-05 280
1747377512670 3.4574468085106386e-05 290
1747377512672 3.4574468085106386e-05 290
1747377516563 3.4042553191489365e-05 300
1747377516564 3.4042553191489365e-05 300
1747377520467 3.3510638297872344e-05 310
1747377520467 3.3510638297872344e-05 310
1747377527567 3.2978723404255317e-05 320
1747377527567 3.2978723404255317e-05 320
1747377531481 3.2446808510638296e-05 330
1747377531482 3.2446808510638296e-05 330
1747377535421 3.191489361702128e-05 340
1747377535422 3.191489361702128e-05 340
1747377540820 3.1382978723404254e-05 350
1747377540821 3.1382978723404254e-05 350
1747377544579 3.085106382978723e-05 360
1747377544579 3.085106382978723e-05 360
1747377548442 3.0319148936170216e-05 370
1747377548442 3.0319148936170216e-05 370
