1747377380818 0.4665 10
1747377380820 0.4665 10
1747377384656 0.1399 20
1747377384657 0.1399 20
1747377391700 0.178 30
1747377391701 0.178 30
1747377397081 0.1284 40
1747377397082 0.1284 40
1747377402466 0.0399 50
1747377402467 0.0399 50
1747377406206 0.0285 60
1747377406206 0.0285 60
1747377411592 0.0429 70
1747377411593 0.0429 70
1747377415325 0.2473 80
1747377415326 0.2473 80
1747377419082 0.0331 90
1747377419083 0.0331 90
1747377426805 0.0446 100
1747377426806 0.0446 100
1747377430677 0.0533 110
1747377430678 0.0533 110
1747377434879 0.0159 120
1747377434884 0.0159 120
1747377441652 0.0015 130
1747377441652 0.0015 130
1747377445445 0.0458 140
1747377445445 0.0458 140
1747377449235 0.0102 150
1747377449236 0.0102 150
1747377453016 0.0433 160
1747377453017 0.0433 160
1747377456797 0.0014 170
1747377456798 0.0014 170
1747377460574 0.0019 180
1747377460575 0.0019 180
1747377468302 0.0424 190
1747377468303 0.0424 190
1747377472183 0.0021 200
1747377472184 0.0021 200
1747377476045 0.0004 210
1747377476045 0.0004 210
1747377479888 0.0175 220
1747377479889 0.0175 220
1747377483863 0.0003 230
1747377483864 0.0003 230
1747377487715 0.001 240
1747377487716 0.001 240
1747377491580 0.0002 250
1747377491581 0.0002 250
1747377495439 0.0119 260
1747377495440 0.0119 260
1747377499307 0.1052 270
1747377499308 0.1052 270
1747377503401 0.0316 280
1747377503405 0.0316 280
1747377512670 0.001 290
1747377512672 0.001 290
1747377516563 0.0395 300
1747377516564 0.0395 300
1747377520467 0.0006 310
1747377520467 0.0006 310
1747377527567 0.0007 320
1747377527567 0.0007 320
1747377531481 0.0199 330
1747377531482 0.0199 330
1747377535421 0.0003 340
1747377535422 0.0003 340
1747377540820 0.0003 350
1747377540821 0.0003 350
1747377544579 0.0002 360
1747377544579 0.0002 360
1747377548442 0.0002 370
1747377548442 0.0002 370
