1747232081766 0.5555555555555556 10
1747232081766 0.5555555555555556 10
1747232090706 1.0 18
1747232090706 1.0 18
1747232093706 1.1111111111111112 20
1747232093707 1.1111111111111112 20
1747232104619 1.6666666666666665 30
1747232104622 1.6666666666666665 30
1747232110941 2.0 36
1747232110941 2.0 36
1747232115546 2.2222222222222223 40
1747232115546 2.2222222222222223 40
1747232130277 2.7777777777777777 50
1747232130277 2.7777777777777777 50
1747232135094 3.0 54
1747232135094 3.0 54
1747232147473 3.3333333333333335 60
1747232147473 3.3333333333333335 60
1747232158874 3.888888888888889 70
1747232158874 3.888888888888889 70
1747232161280 4.0 72
1747232161280 4.0 72
1747232170889 4.444444444444445 80
1747232170889 4.444444444444445 80
1747232186390 5.0 90
1747232186390 5.0 90
1747232188567 5.0 90
1747232188583 5.0 90
1747232205746 5.555555555555555 100
1747232205746 5.555555555555555 100
1747232216294 6.0 108
1747232216294 6.0 108
1747232217567 6.0 108
1747232217567 6.0 108
