1747232081766 2.469817876815796 10
1747232081766 2.469817876815796 10
1747232093706 4.952548027038574 20
1747232093707 4.952548027038574 20
1747232104619 2.4800713062286377 30
1747232104622 2.4800713062286377 30
1747232115546 5.525144577026367 40
1747232115546 5.525144577026367 40
1747232130277 22.509626388549805 50
1747232130277 22.509626388549805 50
1747232147473 11.148716926574707 60
1747232147473 11.148716926574707 60
1747232158874 18.111934661865234 70
1747232158874 18.111934661865234 70
1747232170889 0.9296881556510925 80
1747232170889 0.9296881556510925 80
1747232186390 0.15575769543647766 90
1747232186390 0.15575769543647766 90
1747232205746 0.06692180782556534 100
1747232205746 0.06692180782556534 100
