1747232081766 4.722222222222222e-05 10
1747232081766 4.722222222222222e-05 10
1747232093706 4.4444444444444447e-05 20
1747232093707 4.4444444444444447e-05 20
1747232104619 4.166666666666667e-05 30
1747232104622 4.166666666666667e-05 30
1747232115546 3.888888888888889e-05 40
1747232115546 3.888888888888889e-05 40
1747232130277 3.611111111111111e-05 50
1747232130277 3.611111111111111e-05 50
1747232147473 3.3333333333333335e-05 60
1747232147473 3.3333333333333335e-05 60
1747232158874 3.055555555555556e-05 70
1747232158874 3.055555555555556e-05 70
1747232170889 2.777777777777778e-05 80
1747232170889 2.777777777777778e-05 80
1747232186390 2.5e-05 90
1747232186390 2.5e-05 90
1747232205746 2.2222222222222223e-05 100
1747232205746 2.2222222222222223e-05 100
