1747416787877 0.11235955056179775 10
1747416787878 0.11235955056179775 10
1747416793685 0.2247191011235955 20
1747416793685 0.2247191011235955 20
1747416797820 0.33707865168539325 30
1747416797820 0.33707865168539325 30
1747416801988 0.449438202247191 40
1747416801988 0.449438202247191 40
1747416806178 0.5617977528089888 50
1747416806179 0.5617977528089888 50
1747416810351 0.6741573033707865 60
1747416810353 0.6741573033707865 60
1747416814554 0.7865168539325843 70
1747416814554 0.7865168539325843 70
1747416818814 0.898876404494382 80
1747416818813 0.898876404494382 80
1747416825022 1.0 89
1747416825025 1.0 89
1747416828871 1.0112359550561798 90
1747416828871 1.0112359550561798 90
1747416836276 1.1235955056179776 100
1747416836278 1.1235955056179776 100
1747416840458 1.2359550561797752 110
1747416840458 1.2359550561797752 110
1747416844622 1.348314606741573 120
1747416844622 1.348314606741573 120
1747416850421 1.4606741573033708 130
1747416850422 1.4606741573033708 130
1747416854605 1.5730337078651684 140
1747416854605 1.5730337078651684 140
1747416860397 1.6853932584269664 150
1747416860401 1.6853932584269664 150
1747416864727 1.797752808988764 160
1747416864728 1.797752808988764 160
1747416870589 1.9101123595505618 170
1747416870590 1.9101123595505618 170
1747416876332 2.0 178
1747416876334 2.0 178
1747416880543 2.0224719101123596 180
1747416880543 2.0224719101123596 180
1747416885158 2.134831460674157 190
1747416885158 2.134831460674157 190
1747416889358 2.247191011235955 200
1747416889358 2.247191011235955 200
1747416895184 2.359550561797753 210
1747416895186 2.359550561797753 210
1747416899721 2.4719101123595504 220
1747416899722 2.4719101123595504 220
1747416905711 2.5842696629213484 230
1747416905711 2.5842696629213484 230
1747416911577 2.696629213483146 240
1747416911578 2.696629213483146 240
1747416915793 2.808988764044944 250
1747416915793 2.808988764044944 250
1747416920014 2.9213483146067416 260
1747416920013 2.9213483146067416 260
1747416925392 3.0 267
1747416925393 3.0 267
1747416928863 3.033707865168539 270
1747416928865 3.033707865168539 270
1747416933110 3.146067415730337 280
1747416933110 3.146067415730337 280
1747416937430 3.258426966292135 290
1747416937431 3.258426966292135 290
1747416941743 3.370786516853933 300
1747416941743 3.370786516853933 300
1747416946066 3.4831460674157304 310
1747416946067 3.4831460674157304 310
1747416950461 3.595505617977528 320
1747416950461 3.595505617977528 320
1747416954787 3.7078651685393256 330
1747416954787 3.7078651685393256 330
1747416959078 3.8202247191011236 340
1747416959078 3.8202247191011236 340
1747416963399 3.932584269662921 350
1747416963399 3.932584269662921 350
1747416968362 4.0 356
1747416968362 4.0 356
1747416970996 4.0 356
1747416970996 4.0 356
