1747416787877 25.220746994018555 10
1747416787878 25.220746994018555 10
1747416793685 15.993897438049316 20
1747416793685 15.993897438049316 20
1747416797820 7.365567207336426 30
1747416797820 7.365567207336426 30
1747416801988 16.184162139892578 40
1747416801988 16.184162139892578 40
1747416806178 5.649328231811523 50
1747416806179 5.649328231811523 50
1747416810351 8.648801803588867 60
1747416810353 8.648801803588867 60
1747416814554 6.032155990600586 70
1747416814554 6.032155990600586 70
1747416818814 20.86175537109375 80
1747416818813 20.86175537109375 80
1747416828871 13.269783020019531 90
1747416828871 13.269783020019531 90
1747416836276 5.683119773864746 100
1747416836278 5.683119773864746 100
1747416840458 7.765313625335693 110
1747416840458 7.765313625335693 110
1747416844622 7.730131149291992 120
1747416844622 7.730131149291992 120
1747416850421 15.603439331054688 130
1747416850422 15.603439331054688 130
1747416854605 5.343624591827393 140
1747416854605 5.343624591827393 140
1747416860397 9.984916687011719 150
1747416860401 9.984916687011719 150
1747416864727 4.886161804199219 160
1747416864728 4.886161804199219 160
1747416870589 11.01032543182373 170
1747416870590 11.01032543182373 170
1747416880543 7.0266337394714355 180
1747416880543 7.0266337394714355 180
1747416885158 32.327816009521484 190
1747416885158 32.327816009521484 190
1747416889358 15.81784439086914 200
1747416889358 15.81784439086914 200
1747416895184 13.312859535217285 210
1747416895186 13.312859535217285 210
1747416899721 5.4548516273498535 220
1747416899722 5.4548516273498535 220
1747416905711 6.320324897766113 230
1747416905711 6.320324897766113 230
1747416911577 5.063726425170898 240
1747416911578 5.063726425170898 240
1747416915793 5.367100238800049 250
1747416915793 5.367100238800049 250
1747416920014 0.47387924790382385 260
1747416920013 0.47387924790382385 260
1747416928863 4.96795654296875 270
1747416928865 4.96795654296875 270
1747416933110 0.5960397720336914 280
1747416933110 0.5960397720336914 280
1747416937430 9.792203903198242 290
1747416937431 9.792203903198242 290
1747416941743 1.685515284538269 300
1747416941743 1.685515284538269 300
1747416946066 13.096540451049805 310
1747416946067 13.096540451049805 310
1747416950461 1.8002907037734985 320
1747416950461 1.8002907037734985 320
1747416954787 3.304081439971924 330
1747416954787 3.304081439971924 330
1747416959078 0.4427623748779297 340
1747416959078 0.4427623748779297 340
1747416963399 12.078795433044434 350
1747416963399 12.078795433044434 350
