1747416787877 4.943820224719101e-05 10
1747416787878 4.943820224719101e-05 10
1747416793685 4.8876404494382024e-05 20
1747416793685 4.8876404494382024e-05 20
1747416797820 4.831460674157304e-05 30
1747416797820 4.831460674157304e-05 30
1747416801988 4.7752808988764046e-05 40
1747416801988 4.7752808988764046e-05 40
1747416806178 4.719101123595506e-05 50
1747416806179 4.719101123595506e-05 50
1747416810351 4.662921348314607e-05 60
1747416810353 4.662921348314607e-05 60
1747416814554 4.606741573033708e-05 70
1747416814554 4.606741573033708e-05 70
1747416818814 4.550561797752809e-05 80
1747416818813 4.550561797752809e-05 80
1747416828871 4.4943820224719104e-05 90
1747416828871 4.4943820224719104e-05 90
1747416836276 4.438202247191011e-05 100
1747416836278 4.438202247191011e-05 100
1747416840458 4.3820224719101126e-05 110
1747416840458 4.3820224719101126e-05 110
1747416844622 4.3258426966292134e-05 120
1747416844622 4.3258426966292134e-05 120
1747416850421 4.269662921348315e-05 130
1747416850422 4.269662921348315e-05 130
1747416854605 4.2134831460674156e-05 140
1747416854605 4.2134831460674156e-05 140
1747416860397 4.157303370786517e-05 150
1747416860401 4.157303370786517e-05 150
1747416864727 4.1011235955056184e-05 160
1747416864728 4.1011235955056184e-05 160
1747416870589 4.044943820224719e-05 170
1747416870590 4.044943820224719e-05 170
1747416880543 3.98876404494382e-05 180
1747416880543 3.98876404494382e-05 180
1747416885158 3.9325842696629214e-05 190
1747416885158 3.9325842696629214e-05 190
1747416889358 3.876404494382023e-05 200
1747416889358 3.876404494382023e-05 200
1747416895184 3.8202247191011236e-05 210
1747416895186 3.8202247191011236e-05 210
1747416899721 3.764044943820225e-05 220
1747416899722 3.764044943820225e-05 220
1747416905711 3.7078651685393264e-05 230
1747416905711 3.7078651685393264e-05 230
1747416911577 3.651685393258427e-05 240
1747416911578 3.651685393258427e-05 240
1747416915793 3.595505617977528e-05 250
1747416915793 3.595505617977528e-05 250
1747416920014 3.5393258426966294e-05 260
1747416920013 3.5393258426966294e-05 260
1747416928863 3.483146067415731e-05 270
1747416928865 3.483146067415731e-05 270
1747416933110 3.4269662921348316e-05 280
1747416933110 3.4269662921348316e-05 280
1747416937430 3.370786516853933e-05 290
1747416937431 3.370786516853933e-05 290
1747416941743 3.314606741573034e-05 300
1747416941743 3.314606741573034e-05 300
1747416946066 3.258426966292135e-05 310
1747416946067 3.258426966292135e-05 310
1747416950461 3.202247191011236e-05 320
1747416950461 3.202247191011236e-05 320
1747416954787 3.1460674157303374e-05 330
1747416954787 3.1460674157303374e-05 330
1747416959078 3.089887640449438e-05 340
1747416959078 3.089887640449438e-05 340
1747416963399 3.0337078651685396e-05 350
1747416963399 3.0337078651685396e-05 350
