1747416787877 0.9742 10
1747416787878 0.9742 10
1747416793685 0.7242 20
1747416793685 0.7242 20
1747416797820 0.6397 30
1747416797820 0.6397 30
1747416801988 0.5741 40
1747416801988 0.5741 40
1747416806178 0.5246 50
1747416806179 0.5246 50
1747416810351 0.439 60
1747416810353 0.439 60
1747416814554 0.3269 70
1747416814554 0.3269 70
1747416818813 0.323 80
1747416818814 0.323 80
1747416828871 0.375 90
1747416828871 0.375 90
1747416836276 0.1797 100
1747416836278 0.1797 100
1747416840458 0.2823 110
1747416840458 0.2823 110
1747416844622 0.1996 120
1747416844622 0.1996 120
1747416850421 0.3128 130
1747416850422 0.3128 130
1747416854605 0.2491 140
1747416854605 0.2491 140
1747416860397 0.3238 150
1747416860401 0.3238 150
1747416864727 0.1915 160
1747416864728 0.1915 160
1747416870589 0.1828 170
1747416870590 0.1828 170
1747416880543 0.1879 180
1747416880543 0.1879 180
1747416885158 0.129 190
1747416885158 0.129 190
1747416889358 0.3297 200
1747416889358 0.3297 200
1747416895184 0.2786 210
1747416895186 0.2786 210
1747416899721 0.1021 220
1747416899722 0.1021 220
1747416905711 0.0822 230
1747416905711 0.0822 230
1747416911577 0.2085 240
1747416911578 0.2085 240
1747416915793 0.1556 250
1747416915793 0.1556 250
1747416920014 0.0628 260
1747416920013 0.0628 260
1747416928863 0.0784 270
1747416928865 0.0784 270
1747416933110 0.0228 280
1747416933110 0.0228 280
1747416937430 0.1123 290
1747416937431 0.1123 290
1747416941743 0.0866 300
1747416941743 0.0866 300
1747416946066 0.043 310
1747416946067 0.043 310
1747416950461 0.0874 320
1747416950461 0.0874 320
1747416954787 0.1325 330
1747416954787 0.1325 330
1747416959078 0.1511 340
1747416959078 0.1511 340
1747416963399 0.0976 350
1747416963399 0.0976 350
