1747386924204 0.22727272727272727 10
1747386924206 0.22727272727272727 10
1747386928003 0.45454545454545453 20
1747386928005 0.45454545454545453 20
1747386931818 0.6818181818181818 30
1747386931818 0.6818181818181818 30
1747386938960 0.9090909090909091 40
1747386938960 0.9090909090909091 40
1747386943125 1.0 44
1747386943125 1.0 44
1747386948913 1.1363636363636362 50
1747386948913 1.1363636363636362 50
1747386952799 1.3636363636363638 60
1747386952799 1.3636363636363638 60
1747386958233 1.5909090909090908 70
1747386958233 1.5909090909090908 70
1747386963713 1.8181818181818183 80
1747386963699 1.8181818181818183 80
1747386969418 2.0 88
1747386969420 2.0 88
1747386971541 2.0454545454545454 90
1747386971541 2.0454545454545454 90
1747386975364 2.2727272727272725 100
1747386975364 2.2727272727272725 100
1747386979195 2.5 110
1747386979195 2.5 110
1747386984639 2.7272727272727275 120
1747386984639 2.7272727272727275 120
1747386988536 2.9545454545454546 130
1747386988536 2.9545454545454546 130
1747386990312 3.0 132
1747386990313 3.0 132
1747386997066 3.1818181818181817 140
1747386997066 3.1818181818181817 140
1747387000949 3.409090909090909 150
1747387000949 3.409090909090909 150
1747387004855 3.6363636363636362 160
1747387004861 3.6363636363636362 160
1747387008788 3.8636363636363638 170
1747387008788 3.8636363636363638 170
1747387012121 4.0 176
1747387012121 4.0 176
1747387015270 4.090909090909091 180
1747387015270 4.090909090909091 180
1747387019209 4.318181818181818 190
1747387019209 4.318181818181818 190
1747387026350 4.545454545454545 200
1747387026352 4.545454545454545 200
1747387031872 4.7727272727272725 210
1747387031872 4.7727272727272725 210
1747387035589 5.0 220
1747387035589 5.0 220
1747387036763 5.0 220
1747387036763 5.0 220
1747387038233 5.0 220
1747387038233 5.0 220
