1747386924204 2.4517970085144043 10
1747386924206 2.4517970085144043 10
1747386928003 2.566993236541748 20
1747386928005 2.566993236541748 20
1747386931818 8.104313850402832 30
1747386931818 8.104313850402832 30
1747386938960 4.913908004760742 40
1747386938960 4.913908004760742 40
1747386948913 11.216692924499512 50
1747386948913 11.216692924499512 50
1747386952799 18.59633445739746 60
1747386952799 18.59633445739746 60
1747386958233 5.690282344818115 70
1747386958233 5.690282344818115 70
1747386963699 9.920889854431152 80
1747386963713 9.920889854431152 80
1747386971541 5.435455799102783 90
1747386971541 5.435455799102783 90
1747386975364 7.1676435470581055 100
1747386975364 7.1676435470581055 100
1747386979195 6.928164005279541 110
1747386979195 6.928164005279541 110
1747386984639 25.806676864624023 120
1747386984639 25.806676864624023 120
1747386988536 14.918553352355957 130
1747386988536 14.918553352355957 130
1747386997066 6.340412616729736 140
1747386997066 6.340412616729736 140
1747387000949 3.4213309288024902 150
1747387000949 3.4213309288024902 150
1747387004855 2.589566469192505 160
1747387004861 2.589566469192505 160
1747387008788 5.340699672698975 170
1747387008788 5.340699672698975 170
1747387015270 3.0106711387634277 180
1747387015270 3.0106711387634277 180
1747387019209 1.1769438982009888 190
1747387019209 1.1769438982009888 190
1747387026350 1.1222342252731323 200
1747387026352 1.1222342252731323 200
1747387031872 0.6399586200714111 210
1747387031872 0.6399586200714111 210
1747387035589 0.6126790046691895 220
1747387035589 0.6126790046691895 220
