1747386924204 4.886363636363637e-05 10
1747386924206 4.886363636363637e-05 10
1747386928003 4.772727272727273e-05 20
1747386928005 4.772727272727273e-05 20
1747386931818 4.659090909090909e-05 30
1747386931818 4.659090909090909e-05 30
1747386938960 4.545454545454546e-05 40
1747386938960 4.545454545454546e-05 40
1747386948913 4.431818181818182e-05 50
1747386948913 4.431818181818182e-05 50
1747386952799 4.318181818181819e-05 60
1747386952799 4.318181818181819e-05 60
1747386958233 4.204545454545455e-05 70
1747386958233 4.204545454545455e-05 70
1747386963713 4.0909090909090915e-05 80
1747386963699 4.0909090909090915e-05 80
1747386971541 3.9772727272727275e-05 90
1747386971541 3.9772727272727275e-05 90
1747386975364 3.8636363636363636e-05 100
1747386975364 3.8636363636363636e-05 100
1747386979195 3.7500000000000003e-05 110
1747386979195 3.7500000000000003e-05 110
1747386984639 3.6363636363636364e-05 120
1747386984639 3.6363636363636364e-05 120
1747386988536 3.522727272727273e-05 130
1747386988536 3.522727272727273e-05 130
1747386997066 3.409090909090909e-05 140
1747386997066 3.409090909090909e-05 140
1747387000949 3.295454545454545e-05 150
1747387000949 3.295454545454545e-05 150
1747387004855 3.181818181818182e-05 160
1747387004861 3.181818181818182e-05 160
1747387008788 3.068181818181818e-05 170
1747387008788 3.068181818181818e-05 170
1747387015270 2.954545454545455e-05 180
1747387015270 2.954545454545455e-05 180
1747387019209 2.8409090909090912e-05 190
1747387019209 2.8409090909090912e-05 190
1747387026350 2.7272727272727273e-05 200
1747387026352 2.7272727272727273e-05 200
1747387031872 2.6136363636363637e-05 210
1747387031872 2.6136363636363637e-05 210
1747387035589 2.5e-05 220
1747387035589 2.5e-05 220
