1747386924204 0.6871 10
1747386924206 0.6871 10
1747386928003 0.6864 20
1747386928005 0.6864 20
1747386931818 0.6732 30
1747386931818 0.6732 30
1747386938960 0.6839 40
1747386938960 0.6839 40
1747386948913 0.6396 50
1747386948913 0.6396 50
1747386952799 0.569 60
1747386952799 0.569 60
1747386958233 0.5054 70
1747386958233 0.5054 70
1747386963699 0.4463 80
1747386963713 0.4463 80
1747386971541 0.4162 90
1747386971541 0.4162 90
1747386975364 0.3718 100
1747386975364 0.3718 100
1747386979195 0.2531 110
1747386979195 0.2531 110
1747386984639 0.2349 120
1747386984639 0.2349 120
1747386988536 0.3762 130
1747386988536 0.3762 130
1747386997066 0.2342 140
1747386997066 0.2342 140
1747387000949 0.2261 150
1747387000949 0.2261 150
1747387004855 0.1998 160
1747387004861 0.1998 160
1747387008788 0.2883 170
1747387008788 0.2883 170
1747387015270 0.2115 180
1747387015270 0.2115 180
1747387019209 0.2029 190
1747387019209 0.2029 190
1747387026350 0.1488 200
1747387026352 0.1488 200
1747387031872 0.1327 210
1747387031872 0.1327 210
1747387035589 0.1541 220
1747387035589 0.1541 220
