1747153403218 0.5555555555555556 10
1747153403219 0.5555555555555556 10
1747153412089 1.0 18
1747153412089 1.0 18
1747153415444 1.1111111111111112 20
1747153415443 1.1111111111111112 20
1747153426745 1.6666666666666665 30
1747153426745 1.6666666666666665 30
1747153434693 2.0 36
1747153434694 2.0 36
1747153441688 2.2222222222222223 40
1747153441692 2.2222222222222223 40
1747153450223 2.7777777777777777 50
1747153450223 2.7777777777777777 50
1747153455820 3.0 54
1747153455823 3.0 54
1747153469190 3.3333333333333335 60
1747153469190 3.3333333333333335 60
1747153478847 3.888888888888889 70
1747153478848 3.888888888888889 70
1747153482895 4.0 72
1747153482896 4.0 72
1747153493727 4.444444444444445 80
1747153493727 4.444444444444445 80
1747153504860 5.0 90
1747153504855 5.0 90
1747153506898 5.0 90
1747153506899 5.0 90
1747153508387 5.0 90
1747153508387 5.0 90
