1747153403218 3.304192304611206 10
1747153403219 3.304192304611206 10
1747153415444 1.7393155097961426 20
1747153415443 1.7393155097961426 20
1747153426745 7.324504375457764 30
1747153426745 7.324504375457764 30
1747153441688 6.3080620765686035 40
1747153441692 6.3080620765686035 40
1747153450223 6.06504487991333 50
1747153450223 6.06504487991333 50
1747153469190 2.01348614692688 60
1747153469190 2.01348614692688 60
1747153478847 5.974743366241455 70
1747153478848 5.974743366241455 70
1747153493727 2.8104310035705566 80
1747153493727 2.8104310035705566 80
1747153504860 1.749729037284851 90
1747153504855 1.749729037284851 90
