1747153403218 4.4444444444444447e-05 10
1747153403219 4.4444444444444447e-05 10
1747153415444 3.888888888888889e-05 20
1747153415443 3.888888888888889e-05 20
1747153426745 3.3333333333333335e-05 30
1747153426745 3.3333333333333335e-05 30
1747153441688 2.777777777777778e-05 40
1747153441692 2.777777777777778e-05 40
1747153450223 2.2222222222222223e-05 50
1747153450223 2.2222222222222223e-05 50
1747153469190 1.6666666666666667e-05 60
1747153469190 1.6666666666666667e-05 60
1747153478847 1.1111111111111112e-05 70
1747153478848 1.1111111111111112e-05 70
1747153493727 5.555555555555556e-06 80
1747153493727 5.555555555555556e-06 80
1747153504860 0.0 90
1747153504855 0.0 90
