1747380617355 0.0228310502283105 10
1747380617355 0.0228310502283105 10
1747380621156 0.045662100456621 20
1747380621157 0.045662100456621 20
1747380625126 0.0684931506849315 30
1747380625127 0.0684931506849315 30
1747380628988 0.091324200913242 40
1747380628989 0.091324200913242 40
1747380634476 0.1141552511415525 50
1747380634477 0.1141552511415525 50
1747380638355 0.136986301369863 60
1747380638355 0.136986301369863 60
1747380643892 0.1598173515981735 70
1747380643893 0.1598173515981735 70
1747380647783 0.182648401826484 80
1747380647784 0.182648401826484 80
1747380651709 0.2054794520547945 90
1747380651709 0.2054794520547945 90
1747380657278 0.228310502283105 100
1747380657282 0.228310502283105 100
1747380661417 0.2511415525114155 110
1747380661417 0.2511415525114155 110
1747380665305 0.273972602739726 120
1747380665305 0.273972602739726 120
1747380669206 0.2968036529680365 130
1747380669207 0.2968036529680365 130
1747380673108 0.319634703196347 140
1747380673109 0.319634703196347 140
1747380677027 0.3424657534246575 150
1747380677027 0.3424657534246575 150
1747380680932 0.365296803652968 160
1747380680933 0.365296803652968 160
1747380684848 0.3881278538812785 170
1747380684848 0.3881278538812785 170
1747380688782 0.410958904109589 180
1747380688783 0.410958904109589 180
1747380692705 0.4337899543378995 190
1747380692706 0.4337899543378995 190
1747380696653 0.45662100456621 200
1747380696654 0.45662100456621 200
1747380700609 0.4794520547945205 210
1747380700610 0.4794520547945205 210
1747380704592 0.502283105022831 220
1747380704593 0.502283105022831 220
1747380708630 0.5251141552511416 230
1747380708631 0.5251141552511416 230
1747380712625 0.547945205479452 240
1747380712626 0.547945205479452 240
1747380716559 0.5707762557077626 250
1747380716559 0.5707762557077626 250
1747380722191 0.593607305936073 260
1747380722192 0.593607305936073 260
1747380726185 0.6164383561643836 270
1747380726186 0.6164383561643836 270
1747380730166 0.639269406392694 280
1747380730166 0.639269406392694 280
1747380734158 0.6621004566210046 290
1747380734159 0.6621004566210046 290
1747380738160 0.684931506849315 300
1747380738161 0.684931506849315 300
1747380743814 0.7077625570776256 310
1747380743814 0.7077625570776256 310
1747380747704 0.730593607305936 320
1747380747704 0.730593607305936 320
1747380751716 0.7534246575342466 330
1747380751717 0.7534246575342466 330
1747380755704 0.776255707762557 340
1747380755704 0.776255707762557 340
1747380759678 0.7990867579908676 350
1747380759679 0.7990867579908676 350
1747380763653 0.821917808219178 360
1747380763654 0.821917808219178 360
1747380767692 0.8447488584474886 370
1747380767692 0.8447488584474886 370
1747380771675 0.867579908675799 380
1747380771676 0.867579908675799 380
1747380775666 0.8904109589041096 390
1747380775667 0.8904109589041096 390
1747380779672 0.91324200913242 400
1747380779672 0.91324200913242 400
1747380783689 0.9360730593607306 410
1747380783690 0.9360730593607306 410
1747380787804 0.958904109589041 420
1747380787805 0.958904109589041 420
1747380791896 0.9817351598173516 430
1747380791897 0.9817351598173516 430
1747380807239 1.0 438
1747380807240 1.0 438
1747380809581 1.004566210045662 440
1747380809582 1.004566210045662 440
1747380815290 1.0273972602739727 450
1747380815291 1.0273972602739727 450
1747380819336 1.0502283105022832 460
1747380819337 1.0502283105022832 460
1747380823384 1.0730593607305936 470
1747380823385 1.0730593607305936 470
1747380830688 1.095890410958904 480
1747380830688 1.095890410958904 480
1747380836324 1.1187214611872145 490
1747380836324 1.1187214611872145 490
1747380840282 1.1415525114155252 500
1747380840282 1.1415525114155252 500
1747380844242 1.1643835616438356 510
1747380844242 1.1643835616438356 510
1747380848131 1.187214611872146 520
1747380848131 1.187214611872146 520
1747380852011 1.2100456621004567 530
1747380852012 1.2100456621004567 530
1747380855899 1.2328767123287672 540
1747380855899 1.2328767123287672 540
1747380859868 1.2557077625570776 550
1747380859868 1.2557077625570776 550
1747380863829 1.278538812785388 560
1747380863830 1.278538812785388 560
1747380869481 1.3013698630136985 570
1747380869481 1.3013698630136985 570
1747380873486 1.3242009132420092 580
1747380873487 1.3242009132420092 580
1747380877457 1.3470319634703196 590
1747380877458 1.3470319634703196 590
1747380881426 1.36986301369863 600
1747380881427 1.36986301369863 600
1747380885417 1.3926940639269407 610
1747380885417 1.3926940639269407 610
1747380889404 1.4155251141552512 620
1747380889405 1.4155251141552512 620
1747380893387 1.4383561643835616 630
1747380893388 1.4383561643835616 630
1747380897379 1.461187214611872 640
1747380897380 1.461187214611872 640
1747380901377 1.4840182648401825 650
1747380901378 1.4840182648401825 650
1747380905379 1.5068493150684932 660
1747380905380 1.5068493150684932 660
1747380909379 1.5296803652968036 670
1747380909380 1.5296803652968036 670
1747380913383 1.5525114155251143 680
1747380913384 1.5525114155251143 680
1747380917393 1.5753424657534247 690
1747380917394 1.5753424657534247 690
1747380921401 1.5981735159817352 700
1747380921402 1.5981735159817352 700
1747380925427 1.6210045662100456 710
1747380925428 1.6210045662100456 710
1747380929512 1.643835616438356 720
1747380929512 1.643835616438356 720
1747380933576 1.6666666666666665 730
1747380933576 1.6666666666666665 730
1747380937639 1.6894977168949772 740
1747380937638 1.6894977168949772 740
1747380941682 1.7123287671232876 750
1747380941682 1.7123287671232876 750
1747380945709 1.7351598173515983 760
1747380945710 1.7351598173515983 760
1747380949730 1.7579908675799087 770
1747380949730 1.7579908675799087 770
1747380953761 1.7808219178082192 780
1747380953762 1.7808219178082192 780
1747380957794 1.8036529680365296 790
1747380957794 1.8036529680365296 790
1747380961846 1.82648401826484 800
1747380961846 1.82648401826484 800
1747380965895 1.8493150684931505 810
1747380965896 1.8493150684931505 810
1747380969924 1.8721461187214612 820
1747380969925 1.8721461187214612 820
1747380973951 1.8949771689497716 830
1747380973952 1.8949771689497716 830
1747380977940 1.9178082191780823 840
1747380977940 1.9178082191780823 840
1747380981943 1.9406392694063928 850
1747380981945 1.9406392694063928 850
1747380985887 1.9634703196347032 860
1747380985887 1.9634703196347032 860
1747380989870 1.9863013698630136 870
1747380989870 1.9863013698630136 870
1747381004370 2.0 876
1747381004371 2.0 876
1747381007505 2.009132420091324 880
1747381007506 2.009132420091324 880
1747381011555 2.0319634703196345 890
1747381011555 2.0319634703196345 890
1747381015587 2.0547945205479454 900
1747381015588 2.0547945205479454 900
1747381021312 2.077625570776256 910
1747381021312 2.077625570776256 910
1747381025330 2.1004566210045663 920
1747381025331 2.1004566210045663 920
1747381031021 2.1232876712328768 930
1747381031020 2.1232876712328768 930
1747381035014 2.146118721461187 940
1747381035015 2.146118721461187 940
1747381039036 2.1689497716894977 950
1747381039037 2.1689497716894977 950
1747381043071 2.191780821917808 960
1747381043072 2.191780821917808 960
1747381047058 2.2146118721461185 970
1747381047059 2.2146118721461185 970
1747381051048 2.237442922374429 980
1747381051049 2.237442922374429 980
1747381056677 2.26027397260274 990
1747381056677 2.26027397260274 990
1747381060615 2.2831050228310503 1000
1747381060615 2.2831050228310503 1000
1747381064640 2.3059360730593608 1010
1747381064641 2.3059360730593608 1010
1747381068645 2.328767123287671 1020
1747381068646 2.328767123287671 1020
1747381072663 2.3515981735159817 1030
1747381072664 2.3515981735159817 1030
1747381078295 2.374429223744292 1040
1747381078296 2.374429223744292 1040
1747381082286 2.3972602739726026 1050
1747381082287 2.3972602739726026 1050
1747381086300 2.4200913242009134 1060
1747381086301 2.4200913242009134 1060
1747381090322 2.442922374429224 1070
1747381090320 2.442922374429224 1070
1747381094328 2.4657534246575343 1080
1747381094327 2.4657534246575343 1080
1747381098436 2.4885844748858448 1090
1747381098437 2.4885844748858448 1090
1747381102486 2.5114155251141552 1100
1747381102486 2.5114155251141552 1100
1747381106580 2.5342465753424657 1110
1747381106581 2.5342465753424657 1110
1747381110598 2.557077625570776 1120
1747381110597 2.557077625570776 1120
1747381114645 2.5799086757990866 1130
1747381114646 2.5799086757990866 1130
1747381118698 2.602739726027397 1140
1747381118698 2.602739726027397 1140
1747381122754 2.625570776255708 1150
1747381122754 2.625570776255708 1150
1747381126770 2.6484018264840183 1160
1747381126770 2.6484018264840183 1160
1747381130809 2.671232876712329 1170
1747381130810 2.671232876712329 1170
1747381134902 2.6940639269406392 1180
1747381134903 2.6940639269406392 1180
1747381139033 2.7168949771689497 1190
1747381139034 2.7168949771689497 1190
1747381143103 2.73972602739726 1200
1747381143104 2.73972602739726 1200
1747381147154 2.762557077625571 1210
1747381147155 2.762557077625571 1210
1747381151185 2.7853881278538815 1220
1747381151186 2.7853881278538815 1220
1747381156934 2.808219178082192 1230
1747381156935 2.808219178082192 1230
1747381160968 2.8310502283105023 1240
1747381160968 2.8310502283105023 1240
1747381165021 2.853881278538813 1250
1747381165021 2.853881278538813 1250
1747381169034 2.8767123287671232 1260
1747381169050 2.8767123287671232 1260
1747381173068 2.8995433789954337 1270
1747381173068 2.8995433789954337 1270
1747381177103 2.922374429223744 1280
1747381177103 2.922374429223744 1280
1747381181137 2.9452054794520546 1290
1747381181137 2.9452054794520546 1290
1747381185153 2.968036529680365 1300
1747381185153 2.968036529680365 1300
1747381189203 2.990867579908676 1310
1747381189203 2.990867579908676 1310
1747381202895 3.0 1314
1747381202896 3.0 1314
1747381207108 3.0136986301369864 1320
1747381207108 3.0136986301369864 1320
1747381211196 3.036529680365297 1330
1747381211197 3.036529680365297 1330
1747381216948 3.0593607305936072 1340
1747381216949 3.0593607305936072 1340
1747381220941 3.0821917808219177 1350
1747381220941 3.0821917808219177 1350
1747381224970 3.105022831050228 1360
1747381224971 3.105022831050228 1360
1747381230684 3.127853881278539 1370
1747381230686 3.127853881278539 1370
1747381234799 3.1506849315068495 1380
1747381234800 3.1506849315068495 1380
1747381238907 3.17351598173516 1390
1747381238908 3.17351598173516 1390
1747381243047 3.1963470319634704 1400
1747381243048 3.1963470319634704 1400
1747381247164 3.219178082191781 1410
1747381247164 3.219178082191781 1410
1747381251230 3.2420091324200913 1420
1747381251230 3.2420091324200913 1420
1747381255310 3.2648401826484017 1430
1747381255311 3.2648401826484017 1430
1747381259344 3.287671232876712 1440
1747381259345 3.287671232876712 1440
1747381263411 3.3105022831050226 1450
1747381263412 3.3105022831050226 1450
1747381267487 3.3333333333333335 1460
1747381267488 3.3333333333333335 1460
1747381271574 3.356164383561644 1470
1747381271575 3.356164383561644 1470
1747381275600 3.3789954337899544 1480
1747381275600 3.3789954337899544 1480
1747381279628 3.401826484018265 1490
1747381279629 3.401826484018265 1490
1747381285270 3.4246575342465753 1500
1747381285270 3.4246575342465753 1500
1747381289261 3.4474885844748857 1510
1747381289261 3.4474885844748857 1510
1747381293224 3.470319634703196 1520
1747381293224 3.470319634703196 1520
1747381297221 3.493150684931507 1530
1747381297221 3.493150684931507 1530
1747381301196 3.5159817351598175 1540
1747381301196 3.5159817351598175 1540
1747381305252 3.538812785388128 1550
1747381305254 3.538812785388128 1550
1747381309360 3.5616438356164384 1560
1747381309361 3.5616438356164384 1560
1747381313559 3.584474885844749 1570
1747381313559 3.584474885844749 1570
1747381317619 3.6073059360730593 1580
1747381317619 3.6073059360730593 1580
1747381321581 3.6301369863013697 1590
1747381321581 3.6301369863013697 1590
1747381325569 3.65296803652968 1600
1747381325569 3.65296803652968 1600
1747381329560 3.6757990867579906 1610
1747381329560 3.6757990867579906 1610
1747381333511 3.6986301369863015 1620
1747381333511 3.6986301369863015 1620
1747381337495 3.721461187214612 1630
1747381337509 3.721461187214612 1630
1747381341612 3.7442922374429224 1640
1747381341612 3.7442922374429224 1640
1747381345611 3.767123287671233 1650
1747381345611 3.767123287671233 1650
1747381349626 3.7899543378995433 1660
1747381349628 3.7899543378995433 1660
1747381353590 3.8127853881278537 1670
1747381353606 3.8127853881278537 1670
1747381357714 3.8356164383561646 1680
1747381357714 3.8356164383561646 1680
1747381361741 3.858447488584475 1690
1747381361745 3.858447488584475 1690
