1747380617355 5.945749282836914 10
1747380617355 5.945749282836914 10
1747380621156 4.021083831787109 20
1747380621157 4.021083831787109 20
1747380625126 20.057476043701172 30
1747380625127 20.057476043701172 30
1747380628988 11.140323638916016 40
1747380628989 11.140323638916016 40
1747380634476 0.22684654593467712 50
1747380634477 0.22684654593467712 50
1747380638355 0.14464226365089417 60
1747380638355 0.14464226365089417 60
1747380643892 7.404435157775879 70
1747380643893 7.404435157775879 70
1747380647783 0.6052632331848145 80
1747380647784 0.6052632331848145 80
1747380651709 0.4698057770729065 90
1747380651709 0.4698057770729065 90
1747380657278 11.94897747039795 100
1747380657282 11.94897747039795 100
1747380661417 13.887754440307617 110
1747380661417 13.887754440307617 110
1747380665305 0.03304173797369003 120
1747380665305 0.03304173797369003 120
1747380669206 1.2523857355117798 130
1747380669207 1.2523857355117798 130
1747380673108 15.435199737548828 140
1747380673109 15.435199737548828 140
1747380677027 0.04471125826239586 150
1747380677027 0.04471125826239586 150
1747380680932 0.1010281965136528 160
1747380680933 0.1010281965136528 160
1747380684848 3.549551010131836 170
1747380684848 3.549551010131836 170
1747380688782 2.5457139015197754 180
1747380688783 2.5457139015197754 180
1747380692705 3.524738311767578 190
1747380692706 3.524738311767578 190
1747380696653 0.08538583666086197 200
1747380696654 0.08538583666086197 200
1747380700609 13.90424633026123 210
1747380700610 13.90424633026123 210
1747380704592 0.2282697558403015 220
1747380704593 0.2282697558403015 220
1747380708630 0.0555548258125782 230
1747380708631 0.0555548258125782 230
1747380712625 0.05830835923552513 240
1747380712626 0.05830835923552513 240
1747380716559 16.170263290405273 250
1747380716559 16.170263290405273 250
1747380722191 4.05656623840332 260
1747380722192 4.05656623840332 260
1747380726185 1.2044548988342285 270
1747380726186 1.2044548988342285 270
1747380730166 0.1590125560760498 280
1747380730166 0.1590125560760498 280
1747380734158 0.2872217893600464 290
1747380734159 0.2872217893600464 290
1747380738160 0.2673283815383911 300
1747380738161 0.2673283815383911 300
1747380743814 0.02101626992225647 310
1747380743814 0.02101626992225647 310
1747380747704 0.01749585010111332 320
1747380747704 0.01749585010111332 320
1747380751716 0.05402754619717598 330
1747380751717 0.05402754619717598 330
1747380755704 0.024283232167363167 340
1747380755704 0.024283232167363167 340
1747380759678 2.85727596282959 350
1747380759679 2.85727596282959 350
1747380763653 0.023378925397992134 360
1747380763654 0.023378925397992134 360
1747380767692 0.10510678589344025 370
1747380767692 0.10510678589344025 370
1747380771675 0.012282973155379295 380
1747380771676 0.012282973155379295 380
1747380775666 0.007108572870492935 390
1747380775667 0.007108572870492935 390
1747380779672 2.1377487182617188 400
1747380779672 2.1377487182617188 400
1747380783689 0.07119397819042206 410
1747380783690 0.07119397819042206 410
1747380787804 0.06424752622842789 420
1747380787805 0.06424752622842789 420
1747380791896 0.06685324013233185 430
1747380791897 0.06685324013233185 430
1747380809581 7.228348731994629 440
1747380809582 7.228348731994629 440
1747380815290 0.02413727156817913 450
1747380815291 0.02413727156817913 450
1747380819336 0.06056671962141991 460
1747380819337 0.06056671962141991 460
1747380823384 0.038830533623695374 470
1747380823385 0.038830533623695374 470
1747380830688 0.015684401616454124 480
1747380830688 0.015684401616454124 480
1747380836324 0.037549372762441635 490
1747380836324 0.037549372762441635 490
1747380840282 10.751076698303223 500
1747380840282 10.751076698303223 500
1747380844242 0.8210954070091248 510
1747380844242 0.8210954070091248 510
1747380848131 0.07148611545562744 520
1747380848131 0.07148611545562744 520
1747380852011 0.028111200779676437 530
1747380852012 0.028111200779676437 530
1747380855899 0.08216247707605362 540
1747380855899 0.08216247707605362 540
1747380859868 0.02474166639149189 550
1747380859868 0.02474166639149189 550
1747380863829 0.008981977589428425 560
1747380863830 0.008981977589428425 560
1747380869481 0.007969796657562256 570
1747380869481 0.007969796657562256 570
1747380873486 0.007543959654867649 580
1747380873487 0.007543959654867649 580
1747380877457 0.007415042258799076 590
1747380877458 0.007415042258799076 590
1747380881426 0.005373422522097826 600
1747380881427 0.005373422522097826 600
1747380885417 0.007504838518798351 610
1747380885417 0.007504838518798351 610
1747380889404 0.02085248939692974 620
1747380889405 0.02085248939692974 620
1747380893387 0.01072497759014368 630
1747380893388 0.01072497759014368 630
1747380897379 0.022740496322512627 640
1747380897380 0.022740496322512627 640
1747380901377 0.04446198418736458 650
1747380901378 0.04446198418736458 650
1747380905379 14.762533187866211 660
1747380905380 14.762533187866211 660
1747380909379 26.082578659057617 670
1747380909380 26.082578659057617 670
1747380913383 0.01954895630478859 680
1747380913384 0.01954895630478859 680
1747380917393 0.041787728667259216 690
1747380917394 0.041787728667259216 690
1747380921401 0.03749638795852661 700
1747380921402 0.03749638795852661 700
1747380925427 0.025519661605358124 710
1747380925428 0.025519661605358124 710
1747380929512 0.02161516062915325 720
1747380929512 0.02161516062915325 720
1747380933576 0.04149638116359711 730
1747380933576 0.04149638116359711 730
1747380937639 0.010641983710229397 740
1747380937638 0.010641983710229397 740
1747380941682 0.0207157451659441 750
1747380941682 0.0207157451659441 750
1747380945709 0.005751838907599449 760
1747380945710 0.005751838907599449 760
1747380949730 0.0077193561010062695 770
1747380949730 0.0077193561010062695 770
1747380953761 0.0078024654649198055 780
1747380953762 0.0078024654649198055 780
1747380957794 0.014404911547899246 790
1747380957794 0.014404911547899246 790
1747380961846 0.03745761886239052 800
1747380961846 0.03745761886239052 800
1747380965895 0.013784871436655521 810
1747380965896 0.013784871436655521 810
1747380969924 5.2910237312316895 820
1747380969925 5.2910237312316895 820
1747380973951 0.011320491321384907 830
1747380973952 0.011320491321384907 830
1747380977940 0.009982343763113022 840
1747380977940 0.009982343763113022 840
1747380981943 29.52829360961914 850
1747380981945 29.52829360961914 850
1747380985887 0.00563013507053256 860
1747380985887 0.00563013507053256 860
1747380989870 0.006480255164206028 870
1747380989870 0.006480255164206028 870
1747381007505 0.055545344948768616 880
1747381007506 0.055545344948768616 880
1747381011555 0.028250394389033318 890
1747381011555 0.028250394389033318 890
1747381015587 0.009078077971935272 900
1747381015588 0.009078077971935272 900
1747381021312 0.011713379062712193 910
1747381021312 0.011713379062712193 910
1747381025330 0.01057900208979845 920
1747381025331 0.01057900208979845 920
1747381031021 0.006180719472467899 930
1747381031020 0.006180719472467899 930
1747381035014 0.0063866120763123035 940
1747381035015 0.0063866120763123035 940
1747381039036 0.007365730125457048 950
1747381039037 0.007365730125457048 950
1747381043071 0.0046715037897229195 960
1747381043072 0.0046715037897229195 960
1747381047058 0.004707831423729658 970
1747381047059 0.004707831423729658 970
1747381051048 0.00492277555167675 980
1747381051049 0.00492277555167675 980
1747381056677 0.0047791521064937115 990
1747381056677 0.0047791521064937115 990
1747381060615 0.0038780111353844404 1000
1747381060615 0.0038780111353844404 1000
1747381064640 0.0034763915464282036 1010
1747381064641 0.0034763915464282036 1010
1747381068645 0.0035498919896781445 1020
1747381068646 0.0035498919896781445 1020
1747381072663 0.0029005054384469986 1030
1747381072664 0.0029005054384469986 1030
1747381078295 0.009721084497869015 1040
1747381078296 0.009721084497869015 1040
1747381082286 0.031213564798235893 1050
1747381082287 0.031213564798235893 1050
1747381086300 0.012902747839689255 1060
1747381086301 0.012902747839689255 1060
1747381090322 0.004672319162636995 1070
1747381090320 0.004672319162636995 1070
1747381094328 0.00973221193999052 1080
1747381094327 0.00973221193999052 1080
1747381098436 0.008917318657040596 1090
1747381098437 0.008917318657040596 1090
1747381102486 0.009715762920677662 1100
1747381102486 0.009715762920677662 1100
1747381106580 0.02245297282934189 1110
1747381106581 0.02245297282934189 1110
1747381110598 0.00564594054594636 1120
1747381110597 0.00564594054594636 1120
1747381114645 0.005613761488348246 1130
1747381114646 0.005613761488348246 1130
1747381118698 0.00356665113940835 1140
1747381118698 0.00356665113940835 1140
1747381122754 0.005402958951890469 1150
1747381122754 0.005402958951890469 1150
1747381126770 0.005101677495986223 1160
1747381126770 0.005101677495986223 1160
1747381130809 0.003474610857665539 1170
1747381130810 0.003474610857665539 1170
1747381134902 0.0034948766697198153 1180
1747381134903 0.0034948766697198153 1180
1747381139033 0.0032599791884422302 1190
1747381139034 0.0032599791884422302 1190
1747381143103 0.0030997705180197954 1200
1747381143104 0.0030997705180197954 1200
1747381147154 0.0025556485634297132 1210
1747381147155 0.0025556485634297132 1210
1747381151185 0.00272226519882679 1220
1747381151186 0.00272226519882679 1220
1747381156934 0.0035036050248891115 1230
1747381156935 0.0035036050248891115 1230
1747381160968 0.003301010699942708 1240
1747381160968 0.003301010699942708 1240
1747381165021 0.007139312103390694 1250
1747381165021 0.007139312103390694 1250
1747381169034 0.0026403972879052162 1260
1747381169050 0.0026403972879052162 1260
1747381173068 0.00208292156457901 1270
1747381173068 0.00208292156457901 1270
1747381177103 0.0025720354169607162 1280
1747381177103 0.0025720354169607162 1280
1747381181137 0.0024115361738950014 1290
1747381181137 0.0024115361738950014 1290
1747381185153 0.0015999110182747245 1300
1747381185153 0.0015999110182747245 1300
1747381189203 0.0018859227420762181 1310
1747381189203 0.0018859227420762181 1310
1747381207108 0.004432888235896826 1320
1747381207108 0.004432888235896826 1320
1747381211196 0.0015651247231289744 1330
1747381211197 0.0015651247231289744 1330
1747381216948 0.0017338169272989035 1340
1747381216949 0.0017338169272989035 1340
1747381220941 0.001302502118051052 1350
1747381220941 0.001302502118051052 1350
1747381224970 0.0014435929479077458 1360
1747381224971 0.0014435929479077458 1360
1747381230684 0.0016365706687793136 1370
1747381230686 0.0016365706687793136 1370
1747381234799 0.001626943121664226 1380
1747381234800 0.001626943121664226 1380
1747381238907 0.0015290165320038795 1390
1747381238908 0.0015290165320038795 1390
1747381243047 0.0013745120959356427 1400
1747381243048 0.0013745120959356427 1400
1747381247164 0.0016535776667296886 1410
1747381247164 0.0016535776667296886 1410
1747381251230 0.0014734301948919892 1420
1747381251230 0.0014734301948919892 1420
1747381255310 94.68306732177734 1430
1747381255311 94.68306732177734 1430
1747381259344 0.0015691996086388826 1440
1747381259345 0.0015691996086388826 1440
1747381263411 0.008952083066105843 1450
1747381263412 0.008952083066105843 1450
1747381267487 0.0012057083658874035 1460
1747381267488 0.0012057083658874035 1460
1747381271574 0.0013232555938884616 1470
1747381271575 0.0013232555938884616 1470
1747381275600 0.0012545997742563486 1480
1747381275600 0.0012545997742563486 1480
1747381279628 0.00131883192807436 1490
1747381279629 0.00131883192807436 1490
1747381285270 0.0008234269334934652 1500
1747381285270 0.0008234269334934652 1500
1747381289261 0.0009201462380588055 1510
1747381289261 0.0009201462380588055 1510
1747381293224 0.001051196362823248 1520
1747381293224 0.001051196362823248 1520
1747381297221 0.001053897780366242 1530
1747381297221 0.001053897780366242 1530
1747381301196 0.0010659421095624566 1540
1747381301196 0.0010659421095624566 1540
1747381305252 51.37610626220703 1550
1747381305254 51.37610626220703 1550
1747381309360 0.0016266170423477888 1560
1747381309361 0.0016266170423477888 1560
1747381313559 11.113005638122559 1570
1747381313559 11.113005638122559 1570
1747381317619 0.0025387511122971773 1580
1747381317619 0.0025387511122971773 1580
1747381321581 0.0026542413979768753 1590
1747381321581 0.0026542413979768753 1590
1747381325569 0.004462386015802622 1600
1747381325569 0.004462386015802622 1600
1747381329560 0.0014232519315555692 1610
1747381329560 0.0014232519315555692 1610
1747381333511 0.0014145612949505448 1620
1747381333511 0.0014145612949505448 1620
1747381337495 0.0017299432074651122 1630
1747381337509 0.0017299432074651122 1630
1747381341612 0.0012855291133746505 1640
1747381341612 0.0012855291133746505 1640
1747381345611 0.0012908187927678227 1650
1747381345611 0.0012908187927678227 1650
1747381349626 0.0012855607783421874 1660
1747381349628 0.0012855607783421874 1660
1747381353590 0.006606267299503088 1670
1747381353606 0.006606267299503088 1670
1747381357714 0.0011564792366698384 1680
1747381357714 0.0011564792366698384 1680
1747381361741 0.0014238306321203709 1690
1747381361745 0.0014238306321203709 1690
