1747380617355 4.988584474885845e-05 10
1747380617355 4.988584474885845e-05 10
1747380621156 4.977168949771689e-05 20
1747380621157 4.977168949771689e-05 20
1747380625126 4.9657534246575346e-05 30
1747380625127 4.9657534246575346e-05 30
1747380628988 4.9543378995433794e-05 40
1747380628989 4.9543378995433794e-05 40
1747380634476 4.942922374429224e-05 50
1747380634477 4.942922374429224e-05 50
1747380638355 4.9315068493150684e-05 60
1747380638355 4.9315068493150684e-05 60
1747380643892 4.920091324200913e-05 70
1747380643893 4.920091324200913e-05 70
1747380647783 4.908675799086758e-05 80
1747380647784 4.908675799086758e-05 80
1747380651709 4.8972602739726034e-05 90
1747380651709 4.8972602739726034e-05 90
1747380657278 4.8858447488584476e-05 100
1747380657282 4.8858447488584476e-05 100
1747380661417 4.8744292237442924e-05 110
1747380661417 4.8744292237442924e-05 110
1747380665305 4.863013698630137e-05 120
1747380665305 4.863013698630137e-05 120
1747380669206 4.851598173515982e-05 130
1747380669207 4.851598173515982e-05 130
1747380673108 4.840182648401827e-05 140
1747380673109 4.840182648401827e-05 140
1747380677027 4.8287671232876716e-05 150
1747380677027 4.8287671232876716e-05 150
1747380680932 4.8173515981735164e-05 160
1747380680933 4.8173515981735164e-05 160
1747380684848 4.805936073059361e-05 170
1747380684848 4.805936073059361e-05 170
1747380688782 4.794520547945205e-05 180
1747380688783 4.794520547945205e-05 180
1747380692705 4.78310502283105e-05 190
1747380692706 4.78310502283105e-05 190
1747380696653 4.7716894977168955e-05 200
1747380696654 4.7716894977168955e-05 200
1747380700609 4.7602739726027403e-05 210
1747380700610 4.7602739726027403e-05 210
1747380704592 4.7488584474885845e-05 220
1747380704593 4.7488584474885845e-05 220
1747380708630 4.737442922374429e-05 230
1747380708631 4.737442922374429e-05 230
1747380712625 4.726027397260274e-05 240
1747380712626 4.726027397260274e-05 240
1747380716559 4.714611872146119e-05 250
1747380716559 4.714611872146119e-05 250
1747380722191 4.703196347031964e-05 260
1747380722192 4.703196347031964e-05 260
1747380726185 4.6917808219178085e-05 270
1747380726186 4.6917808219178085e-05 270
1747380730166 4.680365296803653e-05 280
1747380730166 4.680365296803653e-05 280
1747380734158 4.668949771689498e-05 290
1747380734159 4.668949771689498e-05 290
1747380738160 4.657534246575342e-05 300
1747380738161 4.657534246575342e-05 300
1747380743814 4.646118721461187e-05 310
1747380743814 4.646118721461187e-05 310
1747380747704 4.6347031963470325e-05 320
1747380747704 4.6347031963470325e-05 320
1747380751716 4.623287671232877e-05 330
1747380751717 4.623287671232877e-05 330
1747380755704 4.6118721461187214e-05 340
1747380755704 4.6118721461187214e-05 340
1747380759678 4.600456621004566e-05 350
1747380759679 4.600456621004566e-05 350
1747380763653 4.589041095890411e-05 360
1747380763654 4.589041095890411e-05 360
1747380767692 4.577625570776256e-05 370
1747380767692 4.577625570776256e-05 370
1747380771675 4.5662100456621006e-05 380
1747380771676 4.5662100456621006e-05 380
1747380775666 4.5547945205479454e-05 390
1747380775667 4.5547945205479454e-05 390
1747380779672 4.54337899543379e-05 400
1747380779672 4.54337899543379e-05 400
1747380783689 4.531963470319635e-05 410
1747380783690 4.531963470319635e-05 410
1747380787804 4.520547945205479e-05 420
1747380787805 4.520547945205479e-05 420
1747380791896 4.5091324200913246e-05 430
1747380791897 4.5091324200913246e-05 430
1747380809581 4.4977168949771694e-05 440
1747380809582 4.4977168949771694e-05 440
1747380815290 4.486301369863014e-05 450
1747380815291 4.486301369863014e-05 450
1747380819336 4.474885844748858e-05 460
1747380819337 4.474885844748858e-05 460
1747380823384 4.463470319634703e-05 470
1747380823385 4.463470319634703e-05 470
1747380830688 4.452054794520548e-05 480
1747380836324 4.4406392694063934e-05 490
1747380836324 4.4406392694063934e-05 490
1747380840282 4.4292237442922375e-05 500
1747380840282 4.4292237442922375e-05 500
1747380844242 4.417808219178082e-05 510
1747380844242 4.417808219178082e-05 510
1747380848131 4.406392694063927e-05 520
1747380848131 4.406392694063927e-05 520
1747380852011 4.394977168949772e-05 530
1747380852012 4.394977168949772e-05 530
1747380855899 4.383561643835617e-05 540
1747380855899 4.383561643835617e-05 540
1747380859868 4.3721461187214615e-05 550
1747380859868 4.3721461187214615e-05 550
1747380863829 4.360730593607306e-05 560
1747380863830 4.360730593607306e-05 560
1747380869481 4.349315068493151e-05 570
1747380869481 4.349315068493151e-05 570
1747380873486 4.337899543378995e-05 580
1747380873487 4.337899543378995e-05 580
1747380877457 4.32648401826484e-05 590
1747380877458 4.32648401826484e-05 590
1747380881426 4.3150684931506855e-05 600
1747380881427 4.3150684931506855e-05 600
1747380885417 4.30365296803653e-05 610
1747380885417 4.30365296803653e-05 610
1747380889404 4.2922374429223744e-05 620
1747380889405 4.2922374429223744e-05 620
1747380893387 4.280821917808219e-05 630
1747380893388 4.280821917808219e-05 630
1747380897379 4.269406392694064e-05 640
1747380897380 4.269406392694064e-05 640
1747380901377 4.257990867579909e-05 650
1747380901378 4.257990867579909e-05 650
1747380905379 4.2465753424657536e-05 660
1747380905380 4.2465753424657536e-05 660
1747380909379 4.2351598173515984e-05 670
1747380909380 4.2351598173515984e-05 670
1747380913383 4.223744292237443e-05 680
1747380913384 4.223744292237443e-05 680
1747380917393 4.212328767123288e-05 690
1747380917394 4.212328767123288e-05 690
1747380921401 4.200913242009132e-05 700
1747380921402 4.200913242009132e-05 700
1747380925427 4.1894977168949776e-05 710
1747380925428 4.1894977168949776e-05 710
1747380929512 4.1780821917808224e-05 720
1747380929512 4.1780821917808224e-05 720
1747380933576 4.166666666666667e-05 730
1747380933576 4.166666666666667e-05 730
1747380937639 4.155251141552511e-05 740
1747380937638 4.155251141552511e-05 740
1747380941682 4.143835616438356e-05 750
1747380941682 4.143835616438356e-05 750
1747380945709 4.132420091324201e-05 760
1747380945710 4.132420091324201e-05 760
1747380949730 4.121004566210046e-05 770
1747380949730 4.121004566210046e-05 770
1747380953761 4.1095890410958905e-05 780
1747380953762 4.1095890410958905e-05 780
1747380957794 4.098173515981735e-05 790
1747380957794 4.098173515981735e-05 790
1747380961846 4.08675799086758e-05 800
1747380961846 4.08675799086758e-05 800
1747380965895 4.075342465753425e-05 810
1747380965896 4.075342465753425e-05 810
1747380969924 4.063926940639269e-05 820
1747380969925 4.063926940639269e-05 820
1747380973951 4.0525114155251145e-05 830
1747380973952 4.0525114155251145e-05 830
1747380977940 4.041095890410959e-05 840
1747380977940 4.041095890410959e-05 840
1747380981943 4.029680365296804e-05 850
1747380981945 4.029680365296804e-05 850
1747380985887 4.018264840182648e-05 860
1747380985887 4.018264840182648e-05 860
1747380989870 4.006849315068493e-05 870
1747380989870 4.006849315068493e-05 870
1747381007505 3.995433789954338e-05 880
1747381007506 3.995433789954338e-05 880
1747381011555 3.984018264840183e-05 890
1747381011555 3.984018264840183e-05 890
1747381015587 3.9726027397260274e-05 900
1747381015588 3.9726027397260274e-05 900
1747381021312 3.961187214611872e-05 910
1747381021312 3.961187214611872e-05 910
1747381025330 3.949771689497717e-05 920
1747381025331 3.949771689497717e-05 920
1747381031021 3.938356164383562e-05 930
1747381031020 3.938356164383562e-05 930
1747381035014 3.9269406392694066e-05 940
1747381035015 3.9269406392694066e-05 940
1747381039036 3.9155251141552514e-05 950
1747381039037 3.9155251141552514e-05 950
1747381043071 3.904109589041096e-05 960
1747381043072 3.904109589041096e-05 960
1747381047058 3.892694063926941e-05 970
1747381047059 3.892694063926941e-05 970
1747381051048 3.881278538812785e-05 980
1747381051049 3.881278538812785e-05 980
1747381056677 3.86986301369863e-05 990
1747381056677 3.86986301369863e-05 990
1747381060615 3.8584474885844754e-05 1000
1747381060615 3.8584474885844754e-05 1000
1747381064640 3.84703196347032e-05 1010
1747381064641 3.84703196347032e-05 1010
1747381068645 3.8356164383561644e-05 1020
1747381068646 3.8356164383561644e-05 1020
1747381072663 3.824200913242009e-05 1030
1747381072664 3.824200913242009e-05 1030
1747381078295 3.812785388127854e-05 1040
1747381078296 3.812785388127854e-05 1040
1747381082286 3.801369863013699e-05 1050
1747381082287 3.801369863013699e-05 1050
1747381086300 3.7899543378995436e-05 1060
1747381086301 3.7899543378995436e-05 1060
1747381090322 3.7785388127853884e-05 1070
1747381090320 3.7785388127853884e-05 1070
1747381094328 3.767123287671233e-05 1080
1747381094327 3.767123287671233e-05 1080
1747381098436 3.755707762557078e-05 1090
1747381098437 3.755707762557078e-05 1090
1747381102486 3.744292237442922e-05 1100
1747381102486 3.744292237442922e-05 1100
1747381106580 3.7328767123287675e-05 1110
1747381106581 3.7328767123287675e-05 1110
1747381110598 3.7214611872146123e-05 1120
1747381110597 3.7214611872146123e-05 1120
1747381114645 3.710045662100457e-05 1130
1747381114646 3.710045662100457e-05 1130
1747381118698 3.698630136986301e-05 1140
1747381118698 3.698630136986301e-05 1140
1747381122754 3.687214611872146e-05 1150
1747381122754 3.687214611872146e-05 1150
1747381126770 3.675799086757991e-05 1160
1747381126770 3.675799086757991e-05 1160
1747381130809 3.664383561643836e-05 1170
1747381130810 3.664383561643836e-05 1170
1747381134902 3.6529680365296805e-05 1180
1747381134903 3.6529680365296805e-05 1180
1747381139033 3.641552511415525e-05 1190
1747381139034 3.641552511415525e-05 1190
1747381143103 3.63013698630137e-05 1200
1747381143104 3.63013698630137e-05 1200
1747381147154 3.618721461187215e-05 1210
1747381147155 3.618721461187215e-05 1210
1747381151185 3.60730593607306e-05 1220
1747381151186 3.60730593607306e-05 1220
1747381156934 3.5958904109589045e-05 1230
1747381156935 3.5958904109589045e-05 1230
1747381160968 3.584474885844749e-05 1240
1747381160968 3.584474885844749e-05 1240
1747381165021 3.573059360730594e-05 1250
1747381165021 3.573059360730594e-05 1250
1747381169034 3.561643835616438e-05 1260
1747381169050 3.561643835616438e-05 1260
1747381173068 3.550228310502283e-05 1270
1747381173068 3.550228310502283e-05 1270
1747381177103 3.538812785388128e-05 1280
1747381177103 3.538812785388128e-05 1280
1747381181137 3.527397260273973e-05 1290
1747381181137 3.527397260273973e-05 1290
1747381185153 3.5159817351598174e-05 1300
1747381185153 3.5159817351598174e-05 1300
1747381189203 3.504566210045662e-05 1310
1747381189203 3.504566210045662e-05 1310
1747381207108 3.493150684931507e-05 1320
1747381207108 3.493150684931507e-05 1320
1747381211196 3.481735159817352e-05 1330
1747381211197 3.481735159817352e-05 1330
1747381216948 3.4703196347031966e-05 1340
1747381216949 3.4703196347031966e-05 1340
1747381220941 3.4589041095890414e-05 1350
1747381220941 3.4589041095890414e-05 1350
1747381224970 3.447488584474886e-05 1360
1747381224971 3.447488584474886e-05 1360
1747381230684 3.436073059360731e-05 1370
1747381230686 3.436073059360731e-05 1370
1747381234799 3.424657534246575e-05 1380
1747381234800 3.424657534246575e-05 1380
1747381238907 3.41324200913242e-05 1390
1747381238908 3.41324200913242e-05 1390
1747381243047 3.4018264840182654e-05 1400
1747381243048 3.4018264840182654e-05 1400
1747381247164 3.39041095890411e-05 1410
1747381247164 3.39041095890411e-05 1410
1747381251230 3.378995433789954e-05 1420
1747381251230 3.378995433789954e-05 1420
1747381255310 3.367579908675799e-05 1430
1747381255311 3.367579908675799e-05 1430
1747381259344 3.356164383561644e-05 1440
1747381259345 3.356164383561644e-05 1440
1747381263411 3.344748858447489e-05 1450
1747381263412 3.344748858447489e-05 1450
1747381267487 3.3333333333333335e-05 1460
1747381267488 3.3333333333333335e-05 1460
1747381271574 3.321917808219178e-05 1470
1747381271575 3.321917808219178e-05 1470
1747381275600 3.310502283105023e-05 1480
1747381275600 3.310502283105023e-05 1480
1747381279628 3.299086757990868e-05 1490
1747381279629 3.299086757990868e-05 1490
1747381285270 3.287671232876712e-05 1500
1747381285270 3.287671232876712e-05 1500
1747381289261 3.2762557077625575e-05 1510
1747381289261 3.2762557077625575e-05 1510
1747381293224 3.264840182648402e-05 1520
1747381293224 3.264840182648402e-05 1520
1747381297221 3.253424657534247e-05 1530
1747381297221 3.253424657534247e-05 1530
1747381301196 3.242009132420091e-05 1540
1747381301196 3.242009132420091e-05 1540
1747381305252 3.230593607305936e-05 1550
1747381305254 3.230593607305936e-05 1550
1747381309360 3.219178082191781e-05 1560
1747381309361 3.219178082191781e-05 1560
1747381313559 3.207762557077626e-05 1570
1747381313559 3.207762557077626e-05 1570
1747381317619 3.1963470319634704e-05 1580
1747381317619 3.1963470319634704e-05 1580
1747381321581 3.184931506849315e-05 1590
1747381321581 3.184931506849315e-05 1590
1747381325569 3.17351598173516e-05 1600
1747381325569 3.17351598173516e-05 1600
1747381329560 3.162100456621005e-05 1610
1747381329560 3.162100456621005e-05 1610
1747381333511 3.1506849315068496e-05 1620
1747381333511 3.1506849315068496e-05 1620
1747381337495 3.1392694063926944e-05 1630
1747381337509 3.1392694063926944e-05 1630
1747381341612 3.127853881278539e-05 1640
1747381341612 3.127853881278539e-05 1640
1747381345611 3.116438356164384e-05 1650
1747381345611 3.116438356164384e-05 1650
1747381349626 3.105022831050228e-05 1660
1747381349628 3.105022831050228e-05 1660
1747381353590 3.093607305936073e-05 1670
1747381353606 3.093607305936073e-05 1670
1747381357714 3.082191780821918e-05 1680
1747381357714 3.082191780821918e-05 1680
1747381361741 3.070776255707763e-05 1690
1747381361745 3.070776255707763e-05 1690
