1747380617355 0.5055 10
1747380617355 0.5055 10
1747380621156 0.1926 20
1747380621157 0.1926 20
1747380625126 0.1301 30
1747380625127 0.1301 30
1747380628988 0.109 40
1747380628989 0.109 40
1747380634476 0.1467 50
1747380634477 0.1467 50
1747380638355 0.0792 60
1747380638355 0.0792 60
1747380643892 0.2202 70
1747380643893 0.2202 70
1747380647783 0.0558 80
1747380647784 0.0558 80
1747380651709 0.133 90
1747380651709 0.133 90
1747380657278 0.0714 100
1747380657282 0.0714 100
1747380661417 0.1014 110
1747380661417 0.1014 110
1747380665305 0.0164 120
1747380665305 0.0164 120
1747380669206 0.0953 130
1747380669207 0.0953 130
1747380673108 0.1339 140
1747380673109 0.1339 140
1747380677027 0.1065 150
1747380677027 0.1065 150
1747380680932 0.0105 160
1747380680933 0.0105 160
1747380684848 0.1204 170
1747380684848 0.1204 170
1747380688782 0.0224 180
1747380688783 0.0224 180
1747380692705 0.1244 190
1747380692706 0.1244 190
1747380696653 0.0936 200
1747380696654 0.0936 200
1747380700609 0.0429 210
1747380700610 0.0429 210
1747380704592 0.0918 220
1747380704593 0.0918 220
1747380708630 0.0592 230
1747380708631 0.0592 230
1747380712625 0.1725 240
1747380712626 0.1725 240
1747380716559 0.0089 250
1747380716559 0.0089 250
1747380722191 0.0736 260
1747380722192 0.0736 260
1747380726186 0.0915 270
1747380726185 0.0915 270
1747380730166 0.1075 280
1747380730166 0.1075 280
1747380734158 0.0388 290
1747380734159 0.0388 290
1747380738160 0.0969 300
1747380738161 0.0969 300
1747380743814 0.001 310
1747380743814 0.001 310
1747380747704 0.0283 320
1747380747704 0.0283 320
1747380751716 0.1003 330
1747380751717 0.1003 330
1747380755704 0.0009 340
1747380755704 0.0009 340
1747380759678 0.0137 350
1747380759679 0.0137 350
1747380763653 0.0013 360
1747380763654 0.0013 360
1747380767692 0.0428 370
1747380767692 0.0428 370
1747380771675 0.0006 380
1747380771676 0.0006 380
1747380775666 0.0016 390
1747380775667 0.0016 390
1747380779672 0.1609 400
1747380779672 0.1609 400
1747380783689 0.0845 410
1747380783690 0.0845 410
1747380787804 0.0928 420
1747380787805 0.0928 420
1747380791896 0.0249 430
1747380791897 0.0249 430
1747380809581 0.007 440
1747380809582 0.007 440
1747380815290 0.0034 450
1747380815291 0.0034 450
1747380819336 0.0734 460
1747380819337 0.0734 460
1747380823384 0.0073 470
1747380823385 0.0073 470
1747380830688 0.0016 480
1747380830688 0.0016 480
1747380836324 0.002 490
1747380836324 0.002 490
1747380840282 0.0027 500
1747380840282 0.0027 500
1747380844242 0.0875 510
1747380844242 0.0875 510
1747380848131 0.0444 520
1747380848131 0.0444 520
1747380852011 0.0078 530
1747380852012 0.0078 530
1747380855899 0.0017 540
1747380855899 0.0017 540
1747380859868 0.0005 550
1747380859868 0.0005 550
1747380863829 0.0004 560
1747380863830 0.0004 560
1747380869481 0.0004 570
1747380869481 0.0004 570
1747380873486 0.0003 580
1747380873487 0.0003 580
1747380877457 0.0002 590
1747380877458 0.0002 590
1747380881426 0.0005 600
1747380881427 0.0005 600
1747380885417 0.0002 610
1747380885417 0.0002 610
1747380889404 0.0494 620
1747380889405 0.0494 620
1747380893387 0.0003 630
1747380893388 0.0003 630
1747380897379 0.0009 640
1747380897380 0.0009 640
1747380901377 0.0206 650
1747380901378 0.0206 650
1747380905379 0.0543 660
1747380905380 0.0543 660
1747380909379 0.0635 670
1747380909380 0.0635 670
1747380913383 0.0445 680
1747380913384 0.0445 680
1747380917393 0.0012 690
1747380917394 0.0012 690
1747380921401 0.0193 700
1747380921402 0.0193 700
1747380925427 0.0031 710
1747380925428 0.0031 710
1747380929512 0.0006 720
1747380929512 0.0006 720
1747380933576 0.0005 730
1747380933576 0.0005 730
1747380937638 0.0079 740
1747380937639 0.0079 740
1747380941682 0.0003 750
1747380941682 0.0003 750
1747380945709 0.0003 760
1747380945710 0.0003 760
1747380949730 0.0456 770
1747380949730 0.0456 770
1747380953761 0.0004 780
1747380953762 0.0004 780
1747380957794 0.0365 790
1747380957794 0.0365 790
1747380961846 0.0392 800
1747380961846 0.0392 800
1747380965895 0.1465 810
1747380965896 0.1465 810
1747380969924 0.0052 820
1747380969925 0.0052 820
1747380973951 0.0273 830
1747380973952 0.0273 830
1747380977940 0.0163 840
1747380977940 0.0163 840
1747380981943 0.0127 850
1747380981945 0.0127 850
1747380985887 0.0002 860
1747380985887 0.0002 860
1747380989870 0.0509 870
1747380989870 0.0509 870
1747381007505 0.0382 880
1747381007506 0.0382 880
1747381011555 0.0007 890
1747381011555 0.0007 890
1747381015587 0.0007 900
1747381015588 0.0007 900
1747381021312 0.0006 910
1747381021312 0.0006 910
1747381025330 0.0004 920
1747381025331 0.0004 920
1747381031021 0.0003 930
1747381031020 0.0003 930
1747381035014 0.0002 940
1747381035015 0.0002 940
1747381039036 0.0002 950
1747381039037 0.0002 950
1747381043071 0.0002 960
1747381043072 0.0002 960
1747381047058 0.0002 970
1747381047059 0.0002 970
1747381051048 0.0002 980
1747381051049 0.0002 980
1747381056677 0.0002 990
1747381056677 0.0002 990
1747381060615 0.0001 1000
1747381060615 0.0001 1000
1747381064640 0.0001 1010
1747381064641 0.0001 1010
1747381068645 0.0002 1020
1747381068646 0.0002 1020
1747381072663 0.0001 1030
1747381072664 0.0001 1030
1747381078295 0.0482 1040
1747381078296 0.0482 1040
1747381082286 0.0021 1050
1747381082287 0.0021 1050
1747381086300 0.0009 1060
1747381086301 0.0009 1060
1747381090322 0.004 1070
1747381090320 0.004 1070
1747381094328 0.0002 1080
1747381098436 0.0445 1090
1747381098437 0.0445 1090
1747381102486 0.0124 1100
1747381102486 0.0124 1100
1747381106580 0.0006 1110
1747381106581 0.0006 1110
1747381110598 0.0002 1120
1747381110597 0.0002 1120
1747381114645 0.0002 1130
1747381114646 0.0002 1130
1747381118698 0.0002 1140
1747381118698 0.0002 1140
1747381122754 0.0011 1150
1747381122754 0.0011 1150
1747381126770 0.0512 1160
1747381126770 0.0512 1160
1747381130809 0.0002 1170
1747381130810 0.0002 1170
1747381134902 0.0001 1180
1747381134903 0.0001 1180
1747381139033 0.0001 1190
1747381139034 0.0001 1190
1747381143103 0.0001 1200
1747381143104 0.0001 1200
1747381147154 0.0001 1210
1747381147155 0.0001 1210
1747381151185 0.0002 1220
1747381151186 0.0002 1220
1747381156934 0.0001 1230
1747381156935 0.0001 1230
1747381160968 0.0001 1240
1747381160968 0.0001 1240
1747381165021 0.0001 1250
1747381165021 0.0001 1250
1747381169034 0.0001 1260
1747381169050 0.0001 1260
1747381173068 0.0002 1270
1747381173068 0.0002 1270
1747381177103 0.0001 1280
1747381177103 0.0001 1280
1747381181137 0.0001 1290
1747381181137 0.0001 1290
1747381185153 0.0001 1300
1747381185153 0.0001 1300
1747381189203 0.0001 1310
1747381189203 0.0001 1310
1747381207108 0.0001 1320
1747381207108 0.0001 1320
1747381211196 0.0001 1330
1747381211197 0.0001 1330
1747381216948 0.0001 1340
1747381216949 0.0001 1340
1747381220941 0.0001 1350
1747381220941 0.0001 1350
1747381224970 0.0001 1360
1747381224971 0.0001 1360
1747381230684 0.0001 1370
1747381230686 0.0001 1370
1747381234799 0.0001 1380
1747381234800 0.0001 1380
1747381238907 0.0 1390
1747381238908 0.0 1390
1747381243047 0.0 1400
1747381243048 0.0 1400
1747381247164 0.0 1410
1747381247164 0.0 1410
1747381251230 0.0 1420
1747381251230 0.0 1420
1747381255310 0.0271 1430
1747381255311 0.0271 1430
1747381259344 0.0131 1440
1747381259345 0.0131 1440
1747381263411 0.0001 1450
1747381263412 0.0001 1450
1747381267487 0.0002 1460
1747381267488 0.0002 1460
1747381271574 0.0 1470
1747381271575 0.0 1470
1747381275600 0.0 1480
1747381275600 0.0 1480
1747381279629 0.0 1490
1747381279628 0.0 1490
1747381285270 0.0 1500
1747381285270 0.0 1500
1747381289261 0.0 1510
1747381289261 0.0 1510
1747381293224 0.0002 1520
1747381293224 0.0002 1520
1747381297221 0.0008 1530
1747381297221 0.0008 1530
1747381301196 0.0443 1540
1747381301196 0.0443 1540
1747381305252 0.0931 1550
1747381305254 0.0931 1550
1747381309360 0.0001 1560
1747381309361 0.0001 1560
1747381313559 0.0009 1570
1747381313559 0.0009 1570
1747381317619 0.0001 1580
1747381317619 0.0001 1580
1747381321581 0.0005 1590
1747381321581 0.0005 1590
1747381325569 0.0001 1600
1747381325569 0.0001 1600
1747381329560 0.0001 1610
1747381329560 0.0001 1610
1747381333511 0.0872 1620
1747381333511 0.0872 1620
1747381337495 0.0274 1630
1747381337509 0.0274 1630
1747381341612 0.0002 1640
1747381341612 0.0002 1640
1747381345611 0.0 1650
1747381345611 0.0 1650
1747381349626 0.0 1660
1747381349628 0.0 1660
1747381353590 0.0 1670
1747381353606 0.0 1670
1747381357714 0.0001 1680
1747381357714 0.0001 1680
1747381361741 0.0 1690
1747381361745 0.0 1690
