1746804256314 0.056179775280898875 10
1746804256314 0.056179775280898875 10
1746804265876 0.11235955056179775 20
1746804265875 0.11235955056179775 20
1746804274073 0.16853932584269662 30
1746804274074 0.16853932584269662 30
1746804282120 0.2247191011235955 40
1746804282121 0.2247191011235955 40
1746804290197 0.2808988764044944 50
1746804290197 0.2808988764044944 50
1746804303115 0.33707865168539325 60
1746804303114 0.33707865168539325 60
1746804312841 0.39325842696629215 70
1746804312841 0.39325842696629215 70
1746804321022 0.449438202247191 80
1746804321023 0.449438202247191 80
1746804335610 0.5056179775280899 90
1746804335611 0.5056179775280899 90
1746804347049 0.5617977528089888 100
1746804347049 0.5617977528089888 100
1746804356921 0.6179775280898876 110
1746804356922 0.6179775280898876 110
1746804365169 0.6741573033707865 120
1746804365168 0.6741573033707865 120
1746804375215 0.7303370786516854 130
1746804375216 0.7303370786516854 130
1746804385238 0.7865168539325843 140
1746804385239 0.7865168539325843 140
1746804393503 0.8426966292134831 150
1746804393504 0.8426966292134831 150
1746804401861 0.898876404494382 160
1746804401862 0.898876404494382 160
1746804411783 0.9550561797752809 170
1746804411784 0.9550561797752809 170
1746804465173 1.0 178
1746804465174 1.0 178
1746804468388 1.0112359550561798 180
1746804468388 1.0112359550561798 180
1746804478648 1.0674157303370786 190
1746804478648 1.0674157303370786 190
1746804490540 1.1235955056179776 200
1746804490541 1.1235955056179776 200
1746804500808 1.1797752808988764 210
1746804500810 1.1797752808988764 210
1746804509388 1.2359550561797752 220
1746804509389 1.2359550561797752 220
1746804517938 1.2921348314606742 230
1746804517940 1.2921348314606742 230
1746804526470 1.348314606741573 240
1746804526469 1.348314606741573 240
1746804535159 1.404494382022472 250
1746804535160 1.404494382022472 250
1746804543783 1.4606741573033708 260
1746804543782 1.4606741573033708 260
1746804552438 1.5168539325842696 270
1746804552439 1.5168539325842696 270
1746804561052 1.5730337078651684 280
1746804561051 1.5730337078651684 280
1746804569730 1.6292134831460674 290
1746804569731 1.6292134831460674 290
1746804578283 1.6853932584269664 300
1746804578282 1.6853932584269664 300
1746804586894 1.7415730337078652 310
1746804586895 1.7415730337078652 310
1746804599000 1.797752808988764 320
1746804599001 1.797752808988764 320
1746804611106 1.8539325842696628 330
1746804611107 1.8539325842696628 330
1746804619675 1.9101123595505618 340
1746804619676 1.9101123595505618 340
1746804628347 1.9662921348314608 350
1746804628347 1.9662921348314608 350
1746804681315 2.0 356
1746804681315 2.0 356
1746804688161 2.0224719101123596 360
1746804688161 2.0224719101123596 360
1746804698382 2.0786516853932584 370
1746804698381 2.0786516853932584 370
1746804707070 2.134831460674157 380
1746804707071 2.134831460674157 380
1746804717413 2.191011235955056 390
1746804717414 2.191011235955056 390
1746804726038 2.247191011235955 400
1746804726039 2.247191011235955 400
