1746804256314 3.632460117340088 10
1746804256314 3.632460117340088 10
1746804265876 3.0419905185699463 20
1746804265875 3.0419905185699463 20
1746804274073 7.713625431060791 30
1746804274074 7.713625431060791 30
1746804282120 6.583860874176025 40
1746804282121 6.583860874176025 40
1746804290197 1.9441487789154053 50
1746804290197 1.9441487789154053 50
1746804303115 6.394984245300293 60
1746804303114 6.394984245300293 60
1746804312841 5.638426780700684 70
1746804312841 5.638426780700684 70
1746804321022 3.674365282058716 80
1746804321023 3.674365282058716 80
1746804335610 1.9538891315460205 90
1746804335611 1.9538891315460205 90
1746804347049 11.193848609924316 100
1746804347049 11.193848609924316 100
1746804356921 1.6423511505126953 110
1746804356922 1.6423511505126953 110
1746804365168 4.306893348693848 120
1746804365169 4.306893348693848 120
1746804375215 2.981837034225464 130
1746804375216 2.981837034225464 130
1746804385238 7.007819652557373 140
1746804385239 7.007819652557373 140
1746804393503 4.012007713317871 150
1746804393504 4.012007713317871 150
1746804401861 1.3838071823120117 160
1746804401862 1.3838071823120117 160
1746804411783 1.9585496187210083 170
1746804411784 1.9585496187210083 170
1746804468388 2.365424156188965 180
1746804468388 2.365424156188965 180
1746804478648 1.7129125595092773 190
1746804478648 1.7129125595092773 190
1746804490540 3.4942986965179443 200
1746804490541 3.4942986965179443 200
1746804500808 3.3656699657440186 210
1746804500810 3.3656699657440186 210
1746804509388 2.3310577869415283 220
1746804509389 2.3310577869415283 220
1746804517938 2.264132261276245 230
1746804517940 2.264132261276245 230
1746804526469 9.146805763244629 240
1746804526470 9.146805763244629 240
1746804535159 2.8315610885620117 250
1746804535160 2.8315610885620117 250
1746804543782 5.695616722106934 260
1746804543783 5.695616722106934 260
1746804552438 2.4053852558135986 270
1746804552439 2.4053852558135986 270
1746804561051 3.041740655899048 280
1746804561052 3.041740655899048 280
1746804569730 5.525658130645752 290
1746804569731 5.525658130645752 290
1746804578283 8.327298164367676 300
1746804578282 8.327298164367676 300
1746804586894 13.641942024230957 310
1746804586895 13.641942024230957 310
1746804599000 8.162308692932129 320
1746804599001 8.162308692932129 320
1746804611106 8.154268264770508 330
1746804611107 8.154268264770508 330
1746804619675 3.1785569190979004 340
1746804619676 3.1785569190979004 340
1746804628347 2.404219388961792 350
1746804628347 2.404219388961792 350
1746804688161 8.94092845916748 360
1746804688161 8.94092845916748 360
1746804698382 9.985075950622559 370
1746804698381 9.985075950622559 370
1746804707070 5.3029632568359375 380
1746804707071 5.3029632568359375 380
1746804717413 5.853602886199951 390
1746804717414 5.853602886199951 390
1746804726038 34.158966064453125 400
1746804726039 34.158966064453125 400
