1746804256314 4.906367041198502e-05 10
1746804256314 4.906367041198502e-05 10
1746804265876 4.812734082397004e-05 20
1746804265875 4.812734082397004e-05 20
1746804274073 4.719101123595506e-05 30
1746804274074 4.719101123595506e-05 30
1746804282120 4.625468164794008e-05 40
1746804282121 4.625468164794008e-05 40
1746804290197 4.531835205992509e-05 50
1746804290197 4.531835205992509e-05 50
1746804303115 4.438202247191011e-05 60
1746804303114 4.438202247191011e-05 60
1746804312841 4.344569288389513e-05 70
1746804312841 4.344569288389513e-05 70
1746804321022 4.250936329588015e-05 80
1746804321023 4.250936329588015e-05 80
1746804335610 4.157303370786517e-05 90
1746804335611 4.157303370786517e-05 90
1746804347049 4.063670411985019e-05 100
1746804347049 4.063670411985019e-05 100
1746804356921 3.970037453183521e-05 110
1746804356922 3.970037453183521e-05 110
1746804365169 3.876404494382023e-05 120
1746804365168 3.876404494382023e-05 120
1746804375215 3.782771535580524e-05 130
1746804375216 3.782771535580524e-05 130
1746804385238 3.689138576779027e-05 140
1746804385239 3.689138576779027e-05 140
1746804393503 3.595505617977528e-05 150
1746804393504 3.595505617977528e-05 150
1746804401861 3.5018726591760305e-05 160
1746804401862 3.5018726591760305e-05 160
1746804411783 3.408239700374532e-05 170
1746804411784 3.408239700374532e-05 170
1746804468388 3.314606741573034e-05 180
1746804468388 3.314606741573034e-05 180
1746804478648 3.220973782771536e-05 190
1746804478648 3.220973782771536e-05 190
1746804490540 3.1273408239700376e-05 200
1746804490541 3.1273408239700376e-05 200
1746804500808 3.0337078651685396e-05 210
1746804500810 3.0337078651685396e-05 210
1746804509388 2.940074906367041e-05 220
1746804509389 2.940074906367041e-05 220
1746804517938 2.846441947565543e-05 230
1746804517940 2.846441947565543e-05 230
1746804526470 2.752808988764045e-05 240
1746804526469 2.752808988764045e-05 240
1746804535159 2.6591760299625466e-05 250
1746804535160 2.6591760299625466e-05 250
1746804543783 2.565543071161049e-05 260
1746804543782 2.565543071161049e-05 260
1746804552438 2.4719101123595505e-05 270
1746804552439 2.4719101123595505e-05 270
1746804561052 2.3782771535580524e-05 280
1746804561051 2.3782771535580524e-05 280
1746804569730 2.2846441947565544e-05 290
1746804569731 2.2846441947565544e-05 290
1746804578283 2.1910112359550563e-05 300
1746804578282 2.1910112359550563e-05 300
1746804586894 2.0973782771535582e-05 310
1746804586895 2.0973782771535582e-05 310
1746804599000 2.00374531835206e-05 320
1746804599001 2.00374531835206e-05 320
1746804611106 1.9101123595505618e-05 330
1746804611107 1.9101123595505618e-05 330
1746804619675 1.8164794007490637e-05 340
1746804619676 1.8164794007490637e-05 340
1746804628347 1.7228464419475657e-05 350
1746804628347 1.7228464419475657e-05 350
1746804688161 1.6292134831460676e-05 360
1746804688161 1.6292134831460676e-05 360
1746804698382 1.5355805243445692e-05 370
1746804698381 1.5355805243445692e-05 370
1746804707070 1.4419475655430711e-05 380
1746804707071 1.4419475655430711e-05 380
1746804717413 1.348314606741573e-05 390
1746804717414 1.348314606741573e-05 390
1746804726038 1.254681647940075e-05 400
1746804726039 1.254681647940075e-05 400
