1746804256314 0.7192 10
1746804256314 0.7192 10
1746804265876 0.6467 20
1746804265875 0.6467 20
1746804274073 0.6344 30
1746804274074 0.6344 30
1746804282120 0.6193 40
1746804282121 0.6193 40
1746804290197 0.652 50
1746804290197 0.652 50
1746804303115 0.6404 60
1746804312841 0.6615 70
1746804312841 0.6615 70
1746804321022 0.6858 80
1746804321023 0.6858 80
1746804335610 0.6439 90
1746804335611 0.6439 90
1746804347049 0.731 100
1746804347049 0.731 100
1746804356921 0.6556 110
1746804356922 0.6556 110
1746804365168 0.676 120
1746804365169 0.676 120
1746804375215 0.6177 130
1746804375216 0.6177 130
1746804385238 0.5983 140
1746804385239 0.5983 140
1746804393503 0.6519 150
1746804393504 0.6519 150
1746804401861 0.6059 160
1746804401862 0.6059 160
1746804411783 0.6403 170
1746804411784 0.6403 170
1746804468388 0.6525 180
1746804468388 0.6525 180
1746804478648 0.6996 190
1746804478648 0.6996 190
1746804490540 0.6621 200
1746804490541 0.6621 200
1746804500808 0.5652 210
1746804500810 0.5652 210
1746804509388 0.6466 220
1746804509389 0.6466 220
1746804517938 0.7108 230
1746804517940 0.7108 230
1746804526469 0.6224 240
1746804526470 0.6224 240
1746804535159 0.6605 250
1746804535160 0.6605 250
1746804543782 0.6157 260
1746804543783 0.6157 260
1746804552438 0.6519 270
1746804552439 0.6519 270
1746804561051 0.6535 280
1746804561052 0.6535 280
1746804569730 0.624 290
1746804569731 0.624 290
1746804578283 0.7164 300
1746804578282 0.7164 300
1746804586894 0.6235 310
1746804586895 0.6235 310
1746804599000 0.5116 320
1746804599001 0.5116 320
1746804611106 0.5445 330
1746804611107 0.5445 330
1746804619675 0.4932 340
1746804619676 0.4932 340
1746804628347 0.7247 350
1746804628347 0.7247 350
1746804688161 0.6682 360
1746804688161 0.6682 360
1746804698382 0.6136 370
1746804698381 0.6136 370
1746804707070 0.4948 380
1746804707071 0.4948 380
1746804717413 0.5849 390
1746804717414 0.5849 390
1746804726038 0.5271 400
1746804726039 0.5271 400
