1747377158664 0.10638297872340426 10
1747377158664 0.10638297872340426 10
1747377163973 0.2127659574468085 20
1747377163973 0.2127659574468085 20
1747377167678 0.3191489361702128 30
1747377167678 0.3191489361702128 30
1747377171406 0.425531914893617 40
1747377171405 0.425531914893617 40
1747377176746 0.5319148936170213 50
1747377176748 0.5319148936170213 50
1747377180445 0.6382978723404256 60
1747377180445 0.6382978723404256 60
1747377184161 0.7446808510638298 70
1747377184161 0.7446808510638298 70
1747377189137 0.851063829787234 80
1747377189140 0.851063829787234 80
1747377193163 0.9574468085106383 90
1747377193163 0.9574468085106383 90
1747377196899 1.0 94
1747377196910 1.0 94
1747377200580 1.0638297872340425 100
1747377200580 1.0638297872340425 100
1747377204331 1.1702127659574468 110
1747377204331 1.1702127659574468 110
1747377208049 1.2765957446808511 120
1747377208049 1.2765957446808511 120
1747377213346 1.3829787234042552 130
1747377213346 1.3829787234042552 130
1747377217056 1.4893617021276595 140
1747377217056 1.4893617021276595 140
1747377222435 1.5957446808510638 150
1747377222435 1.5957446808510638 150
1747377226263 1.702127659574468 160
1747377226264 1.702127659574468 160
1747377231389 1.8085106382978724 170
1747377231393 1.8085106382978724 170
1747377235487 1.9148936170212765 180
1747377235488 1.9148936170212765 180
1747377240817 2.0 188
1747377240817 2.0 188
1747377243147 2.021276595744681 190
1747377243147 2.021276595744681 190
1747377250243 2.127659574468085 200
1747377250243 2.127659574468085 200
1747377257353 2.2340425531914896 210
1747377257353 2.2340425531914896 210
1747377261121 2.3404255319148937 220
1747377261122 2.3404255319148937 220
1747377266526 2.4468085106382977 230
1747377266526 2.4468085106382977 230
1747377270318 2.5531914893617023 240
1747377270318 2.5531914893617023 240
1747377274124 2.6595744680851063 250
1747377274125 2.6595744680851063 250
1747377277928 2.7659574468085104 260
1747377277929 2.7659574468085104 260
1747377281727 2.872340425531915 270
1747377281728 2.872340425531915 270
1747377285523 2.978723404255319 280
1747377285524 2.978723404255319 280
1747377288621 3.0 282
1747377288622 3.0 282
1747377293470 3.0851063829787235 290
1747377293470 3.0851063829787235 290
1747377298916 3.1914893617021276 300
1747377298918 3.1914893617021276 300
1747377304091 3.297872340425532 310
1747377304095 3.297872340425532 310
1747377309966 3.404255319148936 320
1747377309969 3.404255319148936 320
1747377313831 3.5106382978723403 330
1747377313832 3.5106382978723403 330
1747377317604 3.617021276595745 340
1747377317604 3.617021276595745 340
1747377323050 3.723404255319149 350
1747377323051 3.723404255319149 350
1747377326864 3.829787234042553 360
1747377326865 3.829787234042553 360
1747377332124 3.9361702127659575 370
1747377332133 3.9361702127659575 370
1747377336996 4.0 376
1747377336996 4.0 376
1747377338477 4.0 376
1747377338477 4.0 376
