1747377158664 5.147022724151611 10
1747377158664 5.147022724151611 10
1747377163973 5.013923168182373 20
1747377163973 5.013923168182373 20
1747377167678 0.33083996176719666 30
1747377167678 0.33083996176719666 30
1747377171406 0.10158027708530426 40
1747377171405 0.10158027708530426 40
1747377176746 0.03684563934803009 50
1747377176748 0.03684563934803009 50
1747377180445 0.05801727622747421 60
1747377180445 0.05801727622747421 60
1747377184161 0.0329846516251564 70
1747377184161 0.0329846516251564 70
1747377189137 0.20709317922592163 80
1747377189140 0.20709317922592163 80
1747377193163 0.01374039612710476 90
1747377193163 0.01374039612710476 90
1747377200580 0.012640630826354027 100
1747377200580 0.012640630826354027 100
1747377204331 0.010020761750638485 110
1747377204331 0.010020761750638485 110
1747377208049 0.008848621509969234 120
1747377208049 0.008848621509969234 120
1747377213346 0.008973640389740467 130
1747377213346 0.008973640389740467 130
1747377217056 0.007518368307501078 140
1747377217056 0.007518368307501078 140
1747377222435 4.484244346618652 150
1747377222435 4.484244346618652 150
1747377226263 0.006035274360328913 160
1747377226264 0.006035274360328913 160
1747377231389 0.011650190688669682 170
1747377231393 0.011650190688669682 170
1747377235487 0.03049326501786709 180
1747377235488 0.03049326501786709 180
1747377243147 0.01717352494597435 190
1747377243147 0.01717352494597435 190
1747377250243 0.032620228826999664 200
1747377250243 0.032620228826999664 200
1747377257353 13.163658142089844 210
1747377257353 13.163658142089844 210
1747377261121 0.0053122579120099545 220
1747377261122 0.0053122579120099545 220
1747377266526 49.36824035644531 230
1747377266526 49.36824035644531 230
1747377270318 0.0038723170291632414 240
1747377270318 0.0038723170291632414 240
1747377274124 0.0036816843785345554 250
1747377274125 0.0036816843785345554 250
1747377277928 0.0031396267004311085 260
1747377277929 0.0031396267004311085 260
1747377281727 0.003363868920132518 270
1747377281728 0.003363868920132518 270
1747377285523 0.0031160502694547176 280
1747377285524 0.0031160502694547176 280
1747377293470 0.0029193705413490534 290
1747377293470 0.0029193705413490534 290
1747377298916 0.0028996258042752743 300
1747377298918 0.0028996258042752743 300
1747377304091 0.0025753439404070377 310
1747377304095 0.0025753439404070377 310
1747377309966 0.005104236304759979 320
1747377309969 0.005104236304759979 320
1747377313831 0.008165639825165272 330
1747377313832 0.008165639825165272 330
1747377317604 0.0025684423744678497 340
1747377317604 0.0025684423744678497 340
1747377323050 0.002204827032983303 350
1747377323051 0.002204827032983303 350
1747377326864 0.0022181698586791754 360
1747377326865 0.0022181698586791754 360
1747377332124 0.0019657169468700886 370
1747377332133 0.0019657169468700886 370
