1747377158664 4.946808510638298e-05 10
1747377158664 4.946808510638298e-05 10
1747377163973 4.893617021276596e-05 20
1747377163973 4.893617021276596e-05 20
1747377167678 4.840425531914894e-05 30
1747377167678 4.840425531914894e-05 30
1747377171406 4.787234042553192e-05 40
1747377171405 4.787234042553192e-05 40
1747377176746 4.734042553191489e-05 50
1747377176748 4.734042553191489e-05 50
1747377180445 4.680851063829788e-05 60
1747377180445 4.680851063829788e-05 60
1747377184161 4.627659574468085e-05 70
1747377184161 4.627659574468085e-05 70
1747377189137 4.574468085106383e-05 80
1747377189140 4.574468085106383e-05 80
1747377193163 4.5212765957446815e-05 90
1747377193163 4.5212765957446815e-05 90
1747377200580 4.468085106382979e-05 100
1747377200580 4.468085106382979e-05 100
1747377204331 4.414893617021277e-05 110
1747377204331 4.414893617021277e-05 110
1747377208049 4.3617021276595746e-05 120
1747377208049 4.3617021276595746e-05 120
1747377213346 4.3085106382978725e-05 130
1747377213346 4.3085106382978725e-05 130
1747377217056 4.2553191489361704e-05 140
1747377217056 4.2553191489361704e-05 140
1747377222435 4.2021276595744684e-05 150
1747377222435 4.2021276595744684e-05 150
1747377226263 4.148936170212766e-05 160
1747377226264 4.148936170212766e-05 160
1747377231389 4.095744680851064e-05 170
1747377231393 4.095744680851064e-05 170
1747377235487 4.0425531914893614e-05 180
1747377235488 4.0425531914893614e-05 180
1747377243147 3.9893617021276594e-05 190
1747377243147 3.9893617021276594e-05 190
1747377250243 3.936170212765958e-05 200
1747377250243 3.936170212765958e-05 200
1747377257353 3.882978723404255e-05 210
1747377257353 3.882978723404255e-05 210
1747377261121 3.829787234042553e-05 220
1747377261122 3.829787234042553e-05 220
1747377266526 3.776595744680852e-05 230
1747377266526 3.776595744680852e-05 230
1747377270318 3.723404255319149e-05 240
1747377270318 3.723404255319149e-05 240
1747377274124 3.670212765957447e-05 250
1747377274125 3.670212765957447e-05 250
1747377277928 3.617021276595745e-05 260
1747377277929 3.617021276595745e-05 260
1747377281727 3.563829787234043e-05 270
1747377281728 3.563829787234043e-05 270
1747377285523 3.5106382978723407e-05 280
1747377285524 3.5106382978723407e-05 280
1747377293470 3.4574468085106386e-05 290
1747377293470 3.4574468085106386e-05 290
1747377298916 3.4042553191489365e-05 300
1747377298918 3.4042553191489365e-05 300
1747377304091 3.3510638297872344e-05 310
1747377304095 3.3510638297872344e-05 310
1747377309966 3.2978723404255317e-05 320
1747377309969 3.2978723404255317e-05 320
1747377313831 3.2446808510638296e-05 330
1747377313832 3.2446808510638296e-05 330
1747377317604 3.191489361702128e-05 340
1747377317604 3.191489361702128e-05 340
1747377323050 3.1382978723404254e-05 350
1747377323051 3.1382978723404254e-05 350
1747377326864 3.085106382978723e-05 360
1747377326865 3.085106382978723e-05 360
1747377332124 3.0319148936170216e-05 370
1747377332133 3.0319148936170216e-05 370
