1747377158664 0.5388 10
1747377158664 0.5388 10
1747377163973 0.1603 20
1747377163973 0.1603 20
1747377167678 0.0792 30
1747377167678 0.0792 30
1747377171406 0.0903 40
1747377171405 0.0903 40
1747377176746 0.1081 50
1747377176748 0.1081 50
1747377180445 0.0314 60
1747377180445 0.0314 60
1747377184161 0.0016 70
1747377184161 0.0016 70
1747377189137 0.0352 80
1747377189140 0.0352 80
1747377193163 0.011 90
1747377193163 0.011 90
1747377200580 0.0164 100
1747377200580 0.0164 100
1747377204331 0.0004 110
1747377204331 0.0004 110
1747377208049 0.0133 120
1747377208049 0.0133 120
1747377213346 0.0188 130
1747377213346 0.0188 130
1747377217056 0.0003 140
1747377217056 0.0003 140
1747377222435 0.0011 150
1747377222435 0.0011 150
1747377226263 0.0003 160
1747377226264 0.0003 160
1747377231389 0.0465 170
1747377231393 0.0465 170
1747377235487 0.0004 180
1747377235488 0.0004 180
1747377243147 0.0006 190
1747377243147 0.0006 190
1747377250243 0.0403 200
1747377250243 0.0403 200
1747377257353 0.0031 210
1747377257353 0.0031 210
1747377261121 0.0229 220
1747377261122 0.0229 220
1747377266526 0.0053 230
1747377266526 0.0053 230
1747377270318 0.0002 240
1747377270318 0.0002 240
1747377274124 0.0002 250
1747377274125 0.0002 250
1747377277928 0.0001 260
1747377277929 0.0001 260
1747377281727 0.0003 270
1747377281728 0.0003 270
1747377285523 0.0001 280
1747377285524 0.0001 280
1747377293470 0.0001 290
1747377293470 0.0001 290
1747377298916 0.0001 300
1747377298918 0.0001 300
1747377304091 0.0001 310
1747377304095 0.0001 310
1747377309966 0.0413 320
1747377309969 0.0413 320
1747377313831 0.0002 330
1747377313832 0.0002 330
1747377317604 0.0066 340
1747377317604 0.0066 340
1747377323050 0.0002 350
1747377323051 0.0002 350
1747377326864 0.0003 360
1747377326865 0.0003 360
1747377332124 0.0001 370
1747377332133 0.0001 370
