1747350246841 1.0 5
1747350246842 1.0 5
1747350249027 2.0 10
1747350249028 2.0 10
1747350249106 2.0 10
1747350249107 2.0 10
1747350251377 3.0 15
1747350251376 3.0 15
1747350253748 4.0 20
1747350253750 4.0 20
1747350253842 4.0 20
1747350253844 4.0 20
1747350256108 5.0 25
1747350256109 5.0 25
1747350258429 6.0 30
1747350258430 6.0 30
1747350258508 6.0 30
1747350258509 6.0 30
1747350260624 7.0 35
1747350260625 7.0 35
1747350262778 8.0 40
1747350262779 8.0 40
1747350262861 8.0 40
1747350262862 8.0 40
1747350265179 9.0 45
1747350265178 9.0 45
1747350267327 10.0 50
1747350267329 10.0 50
1747350267428 10.0 50
1747350267427 10.0 50
1747350269107 10.0 50
1747350269108 10.0 50
