1747354727147 1.0 7
1747354727148 1.0 7
1747354731206 1.4285714285714286 10
1747354731207 1.4285714285714286 10
1747354732769 2.0 14
1747354732770 2.0 14
1747354738052 2.857142857142857 20
1747354738051 2.857142857142857 20
1747354738488 3.0 21
1747354738481 3.0 21
1747354746463 4.0 28
1747354746467 4.0 28
1747354750587 4.285714285714286 30
1747354750588 4.285714285714286 30
1747354752577 5.0 35
1747354752577 5.0 35
1747354756954 5.714285714285714 40
1747354756956 5.714285714285714 40
1747354757741 6.0 42
1747354757742 6.0 42
1747354762662 7.0 49
1747354762663 7.0 49
1747354765881 7.142857142857143 50
1747354765882 7.142857142857143 50
1747354769815 8.0 56
1747354769816 8.0 56
1747354775050 8.571428571428571 60
1747354775052 8.571428571428571 60
1747354776238 9.0 63
1747354776239 9.0 63
1747354778784 9.0 63
1747354778784 9.0 63
