1747351624396 1.0 5
1747351624397 1.0 5
1747351626444 2.0 10
1747351626444 2.0 10
1747351626512 2.0 10
1747351626513 2.0 10
1747351628857 3.0 15
1747351628858 3.0 15
1747351631127 4.0 20
1747351631128 4.0 20
1747351631190 4.0 20
1747351631191 4.0 20
1747351633321 5.0 25
1747351633320 5.0 25
1747351635441 6.0 30
1747351635441 6.0 30
1747351635512 6.0 30
1747351635512 6.0 30
1747351637668 7.0 35
1747351637667 7.0 35
1747351641182 8.0 40
1747351641183 8.0 40
1747351641250 8.0 40
1747351641251 8.0 40
1747351643314 9.0 45
1747351643315 9.0 45
1747351645283 10.0 50
1747351645284 10.0 50
1747351645348 10.0 50
1747351645347 10.0 50
1747351646644 10.0 50
1747351646643 10.0 50
