1744206749262 0.056179775280898875 10
1744206749263 0.056179775280898875 10
1744206783300 0.11235955056179775 20
1744206783301 0.11235955056179775 20
1744206834168 0.16853932584269662 30
1744206834167 0.16853932584269662 30
1744206870093 0.2247191011235955 40
1744206870094 0.2247191011235955 40
1744206906374 0.2808988764044944 50
1744206906375 0.2808988764044944 50
1744206940250 0.33707865168539325 60
1744206940251 0.33707865168539325 60
1744206972854 0.39325842696629215 70
1744206972855 0.39325842696629215 70
1744207007571 0.449438202247191 80
1744207007572 0.449438202247191 80
1744207042934 0.5056179775280899 90
1744207042935 0.5056179775280899 90
1744207077387 0.5617977528089888 100
1744207077388 0.5617977528089888 100
1744207113055 0.6179775280898876 110
1744207113056 0.6179775280898876 110
1744207147536 0.6741573033707865 120
1744207147537 0.6741573033707865 120
1744207182017 0.7303370786516854 130
1744207182017 0.7303370786516854 130
1744207216755 0.7865168539325843 140
1744207216756 0.7865168539325843 140
1744207251032 0.8426966292134831 150
1744207251033 0.8426966292134831 150
1744207285614 0.898876404494382 160
1744207285614 0.898876404494382 160
1744207319968 0.9550561797752809 170
1744207319969 0.9550561797752809 170
1744207383904 1.0 178
1744207383905 1.0 178
1744207390729 1.0112359550561798 180
1744207390730 1.0112359550561798 180
1744207425149 1.0674157303370786 190
1744207425150 1.0674157303370786 190
1744207459925 1.1235955056179776 200
1744207495527 1.1797752808988764 210
1744207495530 1.1797752808988764 210
1744207531080 1.2359550561797752 220
1744207531081 1.2359550561797752 220
1744207565576 1.2921348314606742 230
1744207565577 1.2921348314606742 230
1744207600336 1.348314606741573 240
1744207600337 1.348314606741573 240
1744207634889 1.404494382022472 250
1744207634890 1.404494382022472 250
1744207669363 1.4606741573033708 260
1744207669364 1.4606741573033708 260
1744207704062 1.5168539325842696 270
1744207704062 1.5168539325842696 270
1744207738558 1.5730337078651684 280
1744207738559 1.5730337078651684 280
1744207773132 1.6292134831460674 290
1744207773133 1.6292134831460674 290
1744207807548 1.6853932584269664 300
1744207807548 1.6853932584269664 300
1744207843449 1.7415730337078652 310
1744207843450 1.7415730337078652 310
1744207877974 1.797752808988764 320
1744207877975 1.797752808988764 320
1744207912271 1.8539325842696628 330
1744207912272 1.8539325842696628 330
1744207946806 1.9101123595505618 340
1744207946807 1.9101123595505618 340
1744207981453 1.9662921348314608 350
1744207981454 1.9662921348314608 350
1744208038682 2.0 356
1744208038683 2.0 356
1744208052705 2.0224719101123596 360
1744208052706 2.0224719101123596 360
1744208086946 2.0786516853932584 370
1744208086947 2.0786516853932584 370
1744208121174 2.134831460674157 380
1744208121175 2.134831460674157 380
1744208155853 2.191011235955056 390
1744208155854 2.191011235955056 390
1744208190631 2.247191011235955 400
1744208190632 2.247191011235955 400
1744208226182 2.303370786516854 410
1744208226183 2.303370786516854 410
1744208259199 2.359550561797753 420
1744208259200 2.359550561797753 420
1744208293344 2.4157303370786516 430
1744208293346 2.4157303370786516 430
1744208327801 2.4719101123595504 440
1744208327801 2.4719101123595504 440
1744208358182 2.5280898876404496 450
1744208358182 2.5280898876404496 450
1744208388576 2.5842696629213484 460
1744208388577 2.5842696629213484 460
1744208422231 2.640449438202247 470
1744208422232 2.640449438202247 470
1744208459291 2.696629213483146 480
1744208459291 2.696629213483146 480
1744208496627 2.752808988764045 490
1744208496628 2.752808988764045 490
1744208530786 2.808988764044944 500
1744208530787 2.808988764044944 500
1744208562559 2.865168539325843 510
1744208562560 2.865168539325843 510
1744208598450 2.9213483146067416 520
1744208598451 2.9213483146067416 520
1744208634206 2.9775280898876404 530
1744208634207 2.9775280898876404 530
1744208689090 3.0 534
1744208689083 3.0 534
1744208689092 3.0 534
1744208689084 3.0 534
