1744206749262 12.98390007019043 10
1744206749263 12.98390007019043 10
1744206783300 12.624069213867188 20
1744206783301 12.624069213867188 20
1744206834167 7.764906883239746 30
1744206834168 7.764906883239746 30
1744206870093 5.448995590209961 40
1744206870094 5.448995590209961 40
1744206906374 8.688276290893555 50
1744206906375 8.688276290893555 50
1744206940250 8.361928939819336 60
1744206940251 8.361928939819336 60
1744206972854 12.142739295959473 70
1744206972855 12.142739295959473 70
1744207007571 5.696984767913818 80
1744207007572 5.696984767913818 80
1744207042934 17.945213317871094 90
1744207042935 17.945213317871094 90
1744207077387 7.37024450302124 100
1744207077388 7.37024450302124 100
1744207113055 5.44336462020874 110
1744207113056 5.44336462020874 110
1744207147536 6.555276393890381 120
1744207147537 6.555276393890381 120
1744207182017 2.0493581295013428 130
1744207182017 2.0493581295013428 130
1744207216755 12.206464767456055 140
1744207216756 12.206464767456055 140
1744207251032 10.980547904968262 150
1744207251033 10.980547904968262 150
1744207285614 4.630315780639648 160
1744207285614 4.630315780639648 160
1744207319968 23.09982681274414 170
1744207319969 23.09982681274414 170
1744207390729 7.848184108734131 180
1744207390730 7.848184108734131 180
1744207425149 9.96619987487793 190
1744207425150 9.96619987487793 190
1744207459924 6.511703014373779 200
1744207459925 6.511703014373779 200
1744207495527 8.92104434967041 210
1744207495530 8.92104434967041 210
1744207531080 11.022625923156738 220
1744207531081 11.022625923156738 220
1744207565576 9.752504348754883 230
1744207565577 9.752504348754883 230
1744207600336 12.786271095275879 240
1744207600337 12.786271095275879 240
1744207634889 2.6575629711151123 250
1744207634890 2.6575629711151123 250
1744207669363 0.4506504535675049 260
1744207669364 0.4506504535675049 260
1744207704062 11.413680076599121 270
1744207704062 11.413680076599121 270
1744207738558 29.31227684020996 280
1744207738559 29.31227684020996 280
1744207773132 29.48175811767578 290
1744207773133 29.48175811767578 290
1744207807548 24.099773406982422 300
1744207807548 24.099773406982422 300
1744207843449 0.3387930393218994 310
1744207843450 0.3387930393218994 310
1744207877974 9.352978706359863 320
1744207877975 9.352978706359863 320
1744207912271 25.53948211669922 330
1744207912272 25.53948211669922 330
1744207946806 0.1752362996339798 340
1744207946807 0.1752362996339798 340
1744207981453 0.14759255945682526 350
1744207981454 0.14759255945682526 350
1744208052705 0.15417608618736267 360
1744208052706 0.15417608618736267 360
1744208086946 0.10740713030099869 370
1744208086947 0.10740713030099869 370
1744208121174 0.14184503257274628 380
1744208121175 0.14184503257274628 380
1744208155853 0.0971950963139534 390
1744208155854 0.0971950963139534 390
1744208190631 6.009804725646973 400
1744208190632 6.009804725646973 400
1744208226182 0.9907585382461548 410
1744208226183 0.9907585382461548 410
1744208259199 0.13827115297317505 420
1744208259200 0.13827115297317505 420
1744208293344 68.41336822509766 430
1744208293346 68.41336822509766 430
1744208327801 0.042245641350746155 440
1744208327801 0.042245641350746155 440
1744208358182 1.615286111831665 450
1744208358182 1.615286111831665 450
1744208388576 18.537120819091797 460
1744208388577 18.537120819091797 460
1744208422231 0.3526703119277954 470
1744208422232 0.3526703119277954 470
1744208459291 0.2317090630531311 480
1744208459291 0.2317090630531311 480
1744208496627 38.70940399169922 490
1744208496628 38.70940399169922 490
1744208530786 0.053327664732933044 500
1744208530787 0.053327664732933044 500
1744208562559 1.1807284355163574 510
1744208562560 1.1807284355163574 510
1744208598450 0.044548939913511276 520
1744208598451 0.044548939913511276 520
1744208634206 31.44437599182129 530
1744208634207 31.44437599182129 530
