1744206749262 0.6643 10
1744206749263 0.6643 10
1744206783300 0.5838 20
1744206783301 0.5838 20
1744206834167 0.5902 30
1744206834168 0.5902 30
1744206870093 0.4905 40
1744206870094 0.4905 40
1744206906374 0.4705 50
1744206906375 0.4705 50
1744206940250 0.5702 60
1744206940251 0.5702 60
1744206972854 0.67 70
1744206972855 0.67 70
1744207007571 0.426 80
1744207007572 0.426 80
1744207042934 0.6187 90
1744207042935 0.6187 90
1744207077387 0.5202 100
1744207077388 0.5202 100
1744207113055 0.4452 110
1744207113056 0.4452 110
1744207147536 0.3101 120
1744207147537 0.3101 120
1744207182017 0.4012 130
1744207182017 0.4012 130
1744207216755 0.373 140
1744207216756 0.373 140
1744207251032 0.3725 150
1744207251033 0.3725 150
1744207285614 0.3197 160
1744207285614 0.3197 160
1744207319968 0.6005 170
1744207319969 0.6005 170
1744207390729 0.5278 180
1744207390730 0.5278 180
1744207425149 0.4536 190
1744207425150 0.4536 190
1744207459924 0.2388 200
1744207459925 0.2388 200
1744207495527 0.2442 210
1744207495530 0.2442 210
1744207531080 0.2843 220
1744207531081 0.2843 220
1744207565576 0.2386 230
1744207565577 0.2386 230
1744207600336 0.2438 240
1744207600337 0.2438 240
1744207634889 0.2386 250
1744207634890 0.2386 250
1744207669363 0.1465 260
1744207669364 0.1465 260
1744207704062 0.173 270
1744207704062 0.173 270
1744207738558 0.2384 280
1744207738559 0.2384 280
1744207773132 0.3299 290
1744207773133 0.3299 290
1744207807548 0.2618 300
1744207807548 0.2618 300
1744207843449 0.2979 310
1744207843450 0.2979 310
1744207877974 0.24 320
1744207877975 0.24 320
1744207912271 0.1406 330
1744207912272 0.1406 330
1744207946806 0.0646 340
1744207946807 0.0646 340
1744207981453 0.2501 350
1744207981454 0.2501 350
1744208052705 0.081 360
1744208052706 0.081 360
1744208086946 0.21 370
1744208086947 0.21 370
1744208121174 0.0356 380
1744208121175 0.0356 380
1744208155853 0.1351 390
1744208155854 0.1351 390
1744208190631 0.0586 400
1744208190632 0.0586 400
1744208226182 0.0097 410
1744208226183 0.0097 410
1744208259199 0.0782 420
1744208259200 0.0782 420
1744208293344 0.0476 430
1744208293346 0.0476 430
1744208327801 0.0661 440
1744208327801 0.0661 440
1744208358182 0.1273 450
1744208358182 0.1273 450
1744208388576 0.014 460
1744208388577 0.014 460
1744208422231 0.06 470
1744208422232 0.06 470
1744208459291 0.0047 480
1744208459291 0.0047 480
1744208496627 0.1183 490
1744208496628 0.1183 490
1744208530786 0.1869 500
1744208530787 0.1869 500
1744208562559 0.1547 510
1744208562560 0.1547 510
1744208598450 0.0469 520
1744208598451 0.0469 520
1744208634206 0.0554 530
1744208634207 0.0554 530
