1747235687544 1.0 9
1747235687544 1.0 9
1747235688890 1.1111111111111112 10
1747235688890 1.1111111111111112 10
1747235692472 2.0 18
1747235692473 2.0 18
1747235694351 2.2222222222222223 20
1747235694353 2.2222222222222223 20
1747235699227 3.0 27
1747235699227 3.0 27
1747235702557 3.3333333333333335 30
1747235702557 3.3333333333333335 30
1747235705277 4.0 36
1747235705277 4.0 36
1747235708185 4.444444444444445 40
1747235708185 4.444444444444445 40
1747235710574 5.0 45
1747235710576 5.0 45
1747235713923 5.555555555555555 50
1747235713923 5.555555555555555 50
1747235715745 6.0 54
1747235715745 6.0 54
1747235719665 6.666666666666667 60
1747235719665 6.666666666666667 60
1747235721144 7.0 63
1747235721145 7.0 63
1747235725300 7.777777777777778 70
1747235725301 7.777777777777778 70
1747235727884 8.0 72
1747235727884 8.0 72
1747235734321 8.88888888888889 80
1747235734321 8.88888888888889 80
1747235734853 9.0 81
1747235734853 9.0 81
1747235739980 10.0 90
1747235739980 10.0 90
1747235740223 10.0 90
1747235740223 10.0 90
1747235741252 10.0 90
1747235741252 10.0 90
