1747235688890 1.347011923789978 10
1747235688890 1.347011923789978 10
1747235694351 1.612303614616394 20
1747235694353 1.612303614616394 20
1747235702557 2.752275228500366 30
1747235702557 2.752275228500366 30
1747235708185 15.588968276977539 40
1747235708185 15.588968276977539 40
1747235713923 6.156320095062256 50
1747235713923 6.156320095062256 50
1747235719665 2.567267656326294 60
1747235719665 2.567267656326294 60
1747235725300 2.121066093444824 70
1747235725301 2.121066093444824 70
1747235734321 0.5403586030006409 80
1747235734321 0.5403586030006409 80
1747235739980 0.5504602193832397 90
1747235739980 0.5504602193832397 90
