1747235688890 4.4444444444444447e-05 10
1747235688890 4.4444444444444447e-05 10
1747235694351 3.888888888888889e-05 20
1747235694353 3.888888888888889e-05 20
1747235702557 3.3333333333333335e-05 30
1747235702557 3.3333333333333335e-05 30
1747235708185 2.777777777777778e-05 40
1747235708185 2.777777777777778e-05 40
1747235713923 2.2222222222222223e-05 50
1747235713923 2.2222222222222223e-05 50
1747235719665 1.6666666666666667e-05 60
1747235719665 1.6666666666666667e-05 60
1747235725300 1.1111111111111112e-05 70
1747235725301 1.1111111111111112e-05 70
1747235734321 5.555555555555556e-06 80
1747235734321 5.555555555555556e-06 80
1747235739980 0.0 90
1747235739980 0.0 90
