1747418976999 0.0228310502283105 10
1747418981126 0.045662100456621 20
1747418981127 0.045662100456621 20
1747418985288 0.0684931506849315 30
1747418985290 0.0684931506849315 30
1747418989461 0.091324200913242 40
1747418989462 0.091324200913242 40
1747418993763 0.1141552511415525 50
1747418993763 0.1141552511415525 50
1747418998033 0.136986301369863 60
1747418998033 0.136986301369863 60
1747419002488 0.1598173515981735 70
1747419002489 0.1598173515981735 70
1747419006750 0.182648401826484 80
1747419006750 0.182648401826484 80
1747419012677 0.2054794520547945 90
1747419012677 0.2054794520547945 90
1747419016934 0.228310502283105 100
1747419016934 0.228310502283105 100
1747419021234 0.2511415525114155 110
1747419021234 0.2511415525114155 110
1747419027135 0.273972602739726 120
1747419027135 0.273972602739726 120
1747419031435 0.2968036529680365 130
1747419031435 0.2968036529680365 130
1747419035684 0.319634703196347 140
1747419035684 0.319634703196347 140
1747419039972 0.3424657534246575 150
1747419039973 0.3424657534246575 150
1747419044252 0.365296803652968 160
1747419044252 0.365296803652968 160
1747419048519 0.3881278538812785 170
1747419048519 0.3881278538812785 170
1747419054466 0.410958904109589 180
1747419054469 0.410958904109589 180
1747419058876 0.4337899543378995 190
1747419058877 0.4337899543378995 190
1747419063237 0.45662100456621 200
1747419063237 0.45662100456621 200
1747419067582 0.4794520547945205 210
1747419067583 0.4794520547945205 210
1747419073453 0.502283105022831 220
1747419073453 0.502283105022831 220
1747419077720 0.5251141552511416 230
1747419077720 0.5251141552511416 230
1747419081971 0.547945205479452 240
1747419081971 0.547945205479452 240
1747419086219 0.5707762557077626 250
1747419086219 0.5707762557077626 250
1747419090521 0.593607305936073 260
1747419090521 0.593607305936073 260
1747419094797 0.6164383561643836 270
1747419094798 0.6164383561643836 270
1747419099055 0.639269406392694 280
1747419099055 0.639269406392694 280
1747419103337 0.6621004566210046 290
1747419103338 0.6621004566210046 290
1747419107619 0.684931506849315 300
1747419107620 0.684931506849315 300
1747419111902 0.7077625570776256 310
1747419111903 0.7077625570776256 310
1747419117855 0.730593607305936 320
1747419117855 0.730593607305936 320
1747419122123 0.7534246575342466 330
1747419122123 0.7534246575342466 330
1747419126397 0.776255707762557 340
1747419126398 0.776255707762557 340
1747419130782 0.7990867579908676 350
1747419130783 0.7990867579908676 350
1747419135059 0.821917808219178 360
1747419135060 0.821917808219178 360
1747419139373 0.8447488584474886 370
1747419139373 0.8447488584474886 370
1747419143657 0.867579908675799 380
1747419143657 0.867579908675799 380
1747419147974 0.8904109589041096 390
1747419147974 0.8904109589041096 390
1747419153941 0.91324200913242 400
1747419153941 0.91324200913242 400
1747419158208 0.9360730593607306 410
1747419158223 0.9360730593607306 410
1747419162515 0.958904109589041 420
1747419162516 0.958904109589041 420
1747419166944 0.9817351598173516 430
1747419166946 0.9817351598173516 430
1747419182433 1.0 438
1747419182435 1.0 438
1747419187402 1.004566210045662 440
1747419187403 1.004566210045662 440
1747419191810 1.0273972602739727 450
1747419191810 1.0273972602739727 450
1747419196237 1.0502283105022832 460
1747419196237 1.0502283105022832 460
1747419202327 1.0730593607305936 470
1747419202327 1.0730593607305936 470
1747419206659 1.095890410958904 480
1747419206659 1.095890410958904 480
1747419211111 1.1187214611872145 490
1747419211114 1.1187214611872145 490
1747419215459 1.1415525114155252 500
1747419215460 1.1415525114155252 500
1747419219895 1.1643835616438356 510
1747419219895 1.1643835616438356 510
1747419224356 1.187214611872146 520
1747419224356 1.187214611872146 520
1747419228712 1.2100456621004567 530
1747419228712 1.2100456621004567 530
1747419233251 1.2328767123287672 540
1747419233252 1.2328767123287672 540
1747419237625 1.2557077625570776 550
1747419237626 1.2557077625570776 550
1747419242146 1.278538812785388 560
1747419242146 1.278538812785388 560
1747419246542 1.3013698630136985 570
1747419246543 1.3013698630136985 570
1747419251096 1.3242009132420092 580
1747419251096 1.3242009132420092 580
1747419255444 1.3470319634703196 590
1747419255443 1.3470319634703196 590
1747419259908 1.36986301369863 600
1747419259909 1.36986301369863 600
1747419264413 1.3926940639269407 610
1747419264413 1.3926940639269407 610
1747419268946 1.4155251141552512 620
1747419268946 1.4155251141552512 620
1747419273397 1.4383561643835616 630
1747419273397 1.4383561643835616 630
1747419277863 1.461187214611872 640
1747419277863 1.461187214611872 640
1747419282497 1.4840182648401825 650
1747419282497 1.4840182648401825 650
1747419288514 1.5068493150684932 660
1747419288514 1.5068493150684932 660
1747419292889 1.5296803652968036 670
1747419292890 1.5296803652968036 670
1747419297359 1.5525114155251143 680
1747419297359 1.5525114155251143 680
1747419301699 1.5753424657534247 690
1747419301699 1.5753424657534247 690
1747419306038 1.5981735159817352 700
1747419306036 1.5981735159817352 700
1747419310402 1.6210045662100456 710
1747419310402 1.6210045662100456 710
1747419314883 1.643835616438356 720
1747419314884 1.643835616438356 720
1747419319391 1.6666666666666665 730
1747419319391 1.6666666666666665 730
1747419323843 1.6894977168949772 740
1747419323843 1.6894977168949772 740
1747419328167 1.7123287671232876 750
1747419328167 1.7123287671232876 750
1747419332551 1.7351598173515983 760
1747419332551 1.7351598173515983 760
1747419336984 1.7579908675799087 770
1747419336985 1.7579908675799087 770
1747419341451 1.7808219178082192 780
1747419341451 1.7808219178082192 780
1747419345851 1.8036529680365296 790
1747419345851 1.8036529680365296 790
1747419350275 1.82648401826484 800
1747419350276 1.82648401826484 800
1747419354751 1.8493150684931505 810
1747419354751 1.8493150684931505 810
1747419359135 1.8721461187214612 820
1747419359135 1.8721461187214612 820
1747419363547 1.8949771689497716 830
1747419363551 1.8949771689497716 830
1747419367918 1.9178082191780823 840
1747419367933 1.9178082191780823 840
1747419372319 1.9406392694063928 850
1747419372319 1.9406392694063928 850
1747419376751 1.9634703196347032 860
1747419376753 1.9634703196347032 860
1747419381101 1.9863013698630136 870
1747419381101 1.9863013698630136 870
1747419395803 2.0 876
1747419395803 2.0 876
1747419399873 2.009132420091324 880
1747419399873 2.009132420091324 880
1747419404219 2.0319634703196345 890
1747419404219 2.0319634703196345 890
1747419408600 2.0547945205479454 900
1747419408601 2.0547945205479454 900
1747419413228 2.077625570776256 910
1747419413228 2.077625570776256 910
1747419417782 2.1004566210045663 920
1747419417783 2.1004566210045663 920
1747419422271 2.1232876712328768 930
1747419422271 2.1232876712328768 930
1747419426686 2.146118721461187 940
1747419426686 2.146118721461187 940
1747419431128 2.1689497716894977 950
1747419431129 2.1689497716894977 950
1747419435672 2.191780821917808 960
1747419435672 2.191780821917808 960
1747419440239 2.2146118721461185 970
1747419440239 2.2146118721461185 970
1747419444664 2.237442922374429 980
1747419444666 2.237442922374429 980
1747419449147 2.26027397260274 990
1747419449148 2.26027397260274 990
1747419453556 2.2831050228310503 1000
1747419453556 2.2831050228310503 1000
1747419459557 2.3059360730593608 1010
1747419459557 2.3059360730593608 1010
1747419463896 2.328767123287671 1020
1747419463897 2.328767123287671 1020
1747419468228 2.3515981735159817 1030
1747419468228 2.3515981735159817 1030
1747419472541 2.374429223744292 1040
1747419472541 2.374429223744292 1040
1747419476858 2.3972602739726026 1050
1747419476858 2.3972602739726026 1050
1747419481350 2.4200913242009134 1060
1747419481351 2.4200913242009134 1060
1747419485807 2.442922374429224 1070
1747419485809 2.442922374429224 1070
1747419490419 2.4657534246575343 1080
1747419490420 2.4657534246575343 1080
1747419494773 2.4885844748858448 1090
1747419494774 2.4885844748858448 1090
1747419499103 2.5114155251141552 1100
1747419499103 2.5114155251141552 1100
1747419503521 2.5342465753424657 1110
1747419503544 2.5342465753424657 1110
1747419508059 2.557077625570776 1120
1747419508059 2.557077625570776 1120
1747419512526 2.5799086757990866 1130
1747419512526 2.5799086757990866 1130
1747419518563 2.602739726027397 1140
1747419518563 2.602739726027397 1140
1747419523060 2.625570776255708 1150
1747419523060 2.625570776255708 1150
1747419527543 2.6484018264840183 1160
1747419527543 2.6484018264840183 1160
1747419532052 2.671232876712329 1170
1747419532053 2.671232876712329 1170
1747419536464 2.6940639269406392 1180
1747419536465 2.6940639269406392 1180
1747419540811 2.7168949771689497 1190
1747419540811 2.7168949771689497 1190
1747419546843 2.73972602739726 1200
1747419546841 2.73972602739726 1200
1747419552794 2.762557077625571 1210
1747419552794 2.762557077625571 1210
1747419557262 2.7853881278538815 1220
1747419557262 2.7853881278538815 1220
1747419561633 2.808219178082192 1230
1747419561633 2.808219178082192 1230
1747419565979 2.8310502283105023 1240
1747419565979 2.8310502283105023 1240
1747419570360 2.853881278538813 1250
1747419570362 2.853881278538813 1250
1747419574880 2.8767123287671232 1260
1747419574880 2.8767123287671232 1260
1747419579277 2.8995433789954337 1270
1747419579278 2.8995433789954337 1270
1747419583696 2.922374429223744 1280
1747419583696 2.922374429223744 1280
1747419588196 2.9452054794520546 1290
1747419588196 2.9452054794520546 1290
1747419592577 2.968036529680365 1300
1747419592578 2.968036529680365 1300
1747419596914 2.990867579908676 1310
1747419596914 2.990867579908676 1310
1747419611065 3.0 1314
1747419611065 3.0 1314
1747419617399 3.0136986301369864 1320
1747419617399 3.0136986301369864 1320
1747419621849 3.036529680365297 1330
1747419621850 3.036529680365297 1330
1747419626265 3.0593607305936072 1340
1747419626265 3.0593607305936072 1340
1747419630655 3.0821917808219177 1350
1747419630656 3.0821917808219177 1350
1747419635051 3.105022831050228 1360
1747419635052 3.105022831050228 1360
1747419639438 3.127853881278539 1370
1747419639439 3.127853881278539 1370
1747419643901 3.1506849315068495 1380
1747419643901 3.1506849315068495 1380
1747419648333 3.17351598173516 1390
1747419648348 3.17351598173516 1390
1747419652734 3.1963470319634704 1400
1747419652734 3.1963470319634704 1400
1747419657237 3.219178082191781 1410
1747419657237 3.219178082191781 1410
1747419661904 3.2420091324200913 1420
1747419661904 3.2420091324200913 1420
1747419666418 3.2648401826484017 1430
1747419666418 3.2648401826484017 1430
1747419670892 3.287671232876712 1440
1747419670893 3.287671232876712 1440
1747419675383 3.3105022831050226 1450
1747419675382 3.3105022831050226 1450
1747419679752 3.3333333333333335 1460
1747419679752 3.3333333333333335 1460
1747419684116 3.356164383561644 1470
1747419684117 3.356164383561644 1470
1747419688518 3.3789954337899544 1480
1747419688518 3.3789954337899544 1480
1747419692939 3.401826484018265 1490
1747419692940 3.401826484018265 1490
1747419697455 3.4246575342465753 1500
1747419697457 3.4246575342465753 1500
1747419701934 3.4474885844748857 1510
1747419701935 3.4474885844748857 1510
1747419706419 3.470319634703196 1520
1747419706419 3.470319634703196 1520
1747419710937 3.493150684931507 1530
1747419710934 3.493150684931507 1530
1747419715370 3.5159817351598175 1540
1747419715371 3.5159817351598175 1540
1747419719782 3.538812785388128 1550
1747419719783 3.538812785388128 1550
1747419724186 3.5616438356164384 1560
1747419724186 3.5616438356164384 1560
1747419728720 3.584474885844749 1570
1747419728720 3.584474885844749 1570
1747419733159 3.6073059360730593 1580
1747419733161 3.6073059360730593 1580
1747419737890 3.6301369863013697 1590
1747419737891 3.6301369863013697 1590
1747419742370 3.65296803652968 1600
1747419742371 3.65296803652968 1600
1747419746809 3.6757990867579906 1610
1747419746809 3.6757990867579906 1610
1747419751238 3.6986301369863015 1620
1747419751238 3.6986301369863015 1620
1747419755704 3.721461187214612 1630
1747419755704 3.721461187214612 1630
1747419760104 3.7442922374429224 1640
1747419760104 3.7442922374429224 1640
1747419764506 3.767123287671233 1650
1747419764508 3.767123287671233 1650
1747419768878 3.7899543378995433 1660
1747419768879 3.7899543378995433 1660
1747419773222 3.8127853881278537 1670
1747419773222 3.8127853881278537 1670
1747419777556 3.8356164383561646 1680
1747419777556 3.8356164383561646 1680
1747419781923 3.858447488584475 1690
1747419781923 3.858447488584475 1690
1747419786373 3.8812785388127855 1700
1747419786373 3.8812785388127855 1700
1747419790707 3.904109589041096 1710
1747419790707 3.904109589041096 1710
1747419795130 3.9269406392694064 1720
1747419795130 3.9269406392694064 1720
1747419799674 3.949771689497717 1730
1747419799674 3.949771689497717 1730
1747419804080 3.9726027397260273 1740
1747419804081 3.9726027397260273 1740
1747419808490 3.9954337899543377 1750
1747419808491 3.9954337899543377 1750
1747419821757 4.0 1752
1747419821759 4.0 1752
1747419823942 4.0 1752
1747419823942 4.0 1752
