1747418976999 23.570491790771484 10
1747418976999 23.570491790771484 10
1747418981126 10.815764427185059 20
1747418981127 10.815764427185059 20
1747418985288 14.67624568939209 30
1747418985290 14.67624568939209 30
1747418989461 3.0976972579956055 40
1747418989462 3.0976972579956055 40
1747418993763 0.009924137964844704 50
1747418993763 0.009924137964844704 50
1747418998033 0.01311722956597805 60
1747418998033 0.01311722956597805 60
1747419002488 0.017074022442102432 70
1747419002489 0.017074022442102432 70
1747419006750 0.0037628766149282455 80
1747419006750 0.0037628766149282455 80
1747419012677 0.013011150993406773 90
1747419012677 0.013011150993406773 90
1747419016934 0.06297394633293152 100
1747419016934 0.06297394633293152 100
1747419021234 0.017347019165754318 110
1747419021234 0.017347019165754318 110
1747419027135 0.005770731717348099 120
1747419027135 0.005770731717348099 120
1747419031435 0.0763913244009018 130
1747419031435 0.0763913244009018 130
1747419035684 0.05286194756627083 140
1747419035684 0.05286194756627083 140
1747419039972 0.002787061268463731 150
1747419039973 0.002787061268463731 150
1747419044252 0.003391991602256894 160
1747419044252 0.003391991602256894 160
1747419048519 0.003970577381551266 170
1747419048519 0.003970577381551266 170
1747419054466 1.8893849849700928 180
1747419054469 1.8893849849700928 180
1747419058876 0.001797917066141963 190
1747419058877 0.001797917066141963 190
1747419063237 0.1042976826429367 200
1747419063237 0.1042976826429367 200
1747419067582 0.0011166709009557962 210
1747419067583 0.0011166709009557962 210
1747419073453 0.06267495453357697 220
1747419073453 0.06267495453357697 220
1747419077720 0.008518028073012829 230
1747419077720 0.008518028073012829 230
1747419081971 0.001129075069911778 240
1747419081971 0.001129075069911778 240
1747419086219 0.0014385133981704712 250
1747419086219 0.0014385133981704712 250
1747419090521 0.0008879152010194957 260
1747419090521 0.0008879152010194957 260
1747419094797 0.0036968407221138477 270
1747419094798 0.0036968407221138477 270
1747419099055 0.0010024840012192726 280
1747419099055 0.0010024840012192726 280
1747419103337 0.0011361321667209268 290
1747419103338 0.0011361321667209268 290
1747419107619 0.0011764145456254482 300
1747419107620 0.0011764145456254482 300
1747419111902 0.001797115197405219 310
1747419111903 0.001797115197405219 310
1747419117855 0.002482410054653883 320
1747419117855 0.002482410054653883 320
1747419122123 0.0021939247380942106 330
1747419122123 0.0021939247380942106 330
1747419126397 0.0020087300799787045 340
1747419126398 0.0020087300799787045 340
1747419130782 0.0012605650117620826 350
1747419130783 0.0012605650117620826 350
1747419135059 0.0020185161847621202 360
1747419135060 0.0020185161847621202 360
1747419139373 0.0011613788083195686 370
1747419139373 0.0011613788083195686 370
1747419143657 0.5614451766014099 380
1747419143657 0.5614451766014099 380
1747419147974 0.0009599813492968678 390
1747419147974 0.0009599813492968678 390
1747419153941 0.0006369379116222262 400
1747419153941 0.0006369379116222262 400
1747419158208 0.0005061458214186132 410
1747419158223 0.0005061458214186132 410
1747419162515 0.0009628389379940927 420
1747419162516 0.0009628389379940927 420
1747419166944 0.0004763699835166335 430
1747419166946 0.0004763699835166335 430
1747419187402 0.000292716984404251 440
1747419187403 0.000292716984404251 440
1747419191810 0.00034964311635121703 450
1747419191810 0.00034964311635121703 450
1747419196237 0.0002915092627517879 460
1747419196237 0.0002915092627517879 460
1747419202327 0.0005506554152816534 470
1747419202327 0.0005506554152816534 470
1747419206659 0.0010266877943649888 480
1747419206659 0.0010266877943649888 480
1747419211111 0.0007122739916667342 490
1747419211114 0.0007122739916667342 490
1747419215459 0.00046297747758217156 500
1747419215460 0.00046297747758217156 500
1747419219895 0.0008026383584365249 510
1747419219895 0.0008026383584365249 510
1747419224356 0.0008290280820801854 520
1747419224356 0.0008290280820801854 520
1747419228712 0.0006111683906055987 530
1747419228712 0.0006111683906055987 530
1747419233251 0.0004155445203650743 540
1747419233252 0.0004155445203650743 540
1747419237625 0.000301604246487841 550
1747419237626 0.000301604246487841 550
1747419242146 0.0005765031673945487 560
1747419242146 0.0005765031673945487 560
1747419246542 0.0003964342758990824 570
1747419246543 0.0003964342758990824 570
1747419251096 0.0002720295451581478 580
1747419251096 0.0002720295451581478 580
1747419255443 0.0003289376909378916 590
1747419255444 0.0003289376909378916 590
1747419259908 0.0006619218620471656 600
1747419259909 0.0006619218620471656 600
1747419264413 0.0004907706170342863 610
1747419264413 0.0004907706170342863 610
1747419268946 0.0003560220939107239 620
1747419268946 0.0003560220939107239 620
1747419273397 0.0002658049634192139 630
1747419273397 0.0002658049634192139 630
1747419277863 0.00037771949428133667 640
1747419277863 0.00037771949428133667 640
1747419282497 28.399499893188477 650
1747419282497 28.399499893188477 650
1747419288514 0.015124307945370674 660
1747419288514 0.015124307945370674 660
1747419292889 5.221372604370117 670
1747419292890 5.221372604370117 670
1747419297359 0.0018341968534514308 680
1747419297359 0.0018341968534514308 680
1747419301699 0.0017559935804456472 690
1747419301699 0.0017559935804456472 690
1747419306038 0.0009653090382926166 700
1747419306036 0.0009653090382926166 700
1747419310402 0.0004433701396919787 710
1747419310402 0.0004433701396919787 710
1747419314883 0.0006193558219820261 720
1747419314884 0.0006193558219820261 720
1747419319391 0.0009479484288021922 730
1747419319391 0.0009479484288021922 730
1747419323843 0.0015534982085227966 740
1747419323843 0.0015534982085227966 740
1747419328167 0.0003921399766113609 750
1747419328167 0.0003921399766113609 750
1747419332551 0.00037906281067989767 760
1747419332551 0.00037906281067989767 760
1747419336984 0.0008781937067396939 770
1747419336985 0.0008781937067396939 770
1747419341451 0.0011723055504262447 780
1747419341451 0.0011723055504262447 780
1747419345851 0.003926544915884733 790
1747419345851 0.003926544915884733 790
1747419350275 0.0005066205631010234 800
1747419350276 0.0005066205631010234 800
1747419354751 0.0012778625823557377 810
1747419354751 0.0012778625823557377 810
1747419359135 0.0017151696374639869 820
1747419359135 0.0017151696374639869 820
1747419363547 0.0020697021391242743 830
1747419363551 0.0020697021391242743 830
1747419367918 0.004685495980083942 840
1747419367933 0.004685495980083942 840
1747419372319 0.0015009506605565548 850
1747419372319 0.0015009506605565548 850
1747419376751 0.0016603241674602032 860
1747419376753 0.0016603241674602032 860
1747419381101 0.001432660035789013 870
1747419381101 0.001432660035789013 870
1747419399873 0.0008218491566367447 880
1747419399873 0.0008218491566367447 880
1747419404219 0.0007563951658084989 890
1747419404219 0.0007563951658084989 890
1747419408600 0.0007216293597593904 900
1747419408601 0.0007216293597593904 900
1747419413228 0.002587122842669487 910
1747419413228 0.002587122842669487 910
1747419417782 0.0011762039503082633 920
1747419417783 0.0011762039503082633 920
1747419422271 0.001153367105871439 930
1747419422271 0.001153367105871439 930
1747419426686 0.003919927403330803 940
1747419426686 0.003919927403330803 940
1747419431128 0.0005935612134635448 950
1747419431129 0.0005935612134635448 950
1747419435672 0.0005653723492287099 960
1747419435672 0.0005653723492287099 960
1747419440239 0.0007167160511016846 970
1747419440239 0.0007167160511016846 970
1747419444664 0.0005085241282358766 980
1747419444666 0.0005085241282358766 980
1747419449147 0.0009052585810422897 990
1747419449148 0.0009052585810422897 990
1747419453556 0.0012677758932113647 1000
1747419453556 0.0012677758932113647 1000
1747419459557 0.001951188431121409 1010
1747419459557 0.001951188431121409 1010
1747419463896 0.0009342347620986402 1020
1747419463897 0.0009342347620986402 1020
1747419468228 0.00046544233919121325 1030
1747419468228 0.00046544233919121325 1030
1747419472541 0.0005063715507276356 1040
1747419472541 0.0005063715507276356 1040
1747419476858 0.045323584228754044 1050
1747419476858 0.045323584228754044 1050
1747419481350 0.000451191357569769 1060
1747419481351 0.000451191357569769 1060
1747419485807 0.00022789189824834466 1070
1747419485809 0.00022789189824834466 1070
1747419490419 0.00015886520850472152 1080
1747419490420 0.00015886520850472152 1080
1747419494773 0.0004002672794740647 1090
1747419494774 0.0004002672794740647 1090
1747419499103 0.0004619623359758407 1100
1747419499103 0.0004619623359758407 1100
1747419503521 0.0004171715409029275 1110
1747419503544 0.0004171715409029275 1110
1747419508059 0.00037282664561644197 1120
1747419508059 0.00037282664561644197 1120
1747419512526 0.000520881440024823 1130
1747419512526 0.000520881440024823 1130
1747419518563 0.0001596718793734908 1140
1747419518563 0.0001596718793734908 1140
1747419523060 0.000438771239714697 1150
1747419523060 0.000438771239714697 1150
1747419527543 0.0003287374274805188 1160
1747419527543 0.0003287374274805188 1160
1747419532052 0.0009877135744318366 1170
1747419532053 0.0009877135744318366 1170
1747419536464 0.00033324043033644557 1180
1747419536465 0.00033324043033644557 1180
1747419540811 0.00036770961014553905 1190
1747419540811 0.00036770961014553905 1190
1747419546843 0.0002575754770077765 1200
1747419546841 0.0002575754770077765 1200
1747419552794 0.000265810260316357 1210
1747419552794 0.000265810260316357 1210
1747419557262 0.00019801041344180703 1220
1747419557262 0.00019801041344180703 1220
1747419561633 0.0004277116968296468 1230
1747419561633 0.0004277116968296468 1230
1747419565979 0.00014429471048060805 1240
1747419565979 0.00014429471048060805 1240
1747419570360 0.0004598207597155124 1250
1747419570362 0.0004598207597155124 1250
1747419574880 0.0006612077704630792 1260
1747419574880 0.0006612077704630792 1260
1747419579277 0.0002552509249653667 1270
1747419579278 0.0002552509249653667 1270
1747419583696 0.0006528726662509143 1280
1747419583696 0.0006528726662509143 1280
1747419588196 0.00017842849774751812 1290
1747419588196 0.00017842849774751812 1290
1747419592577 0.0002422204561298713 1300
1747419592578 0.0002422204561298713 1300
1747419596914 0.00028148264391347766 1310
1747419596914 0.00028148264391347766 1310
1747419617399 0.0003305308346170932 1320
1747419617399 0.0003305308346170932 1320
1747419621849 0.0005207753856666386 1330
1747419621850 0.0005207753856666386 1330
1747419626265 0.0010218507377430797 1340
1747419626265 0.0010218507377430797 1340
1747419630655 0.0003449649375397712 1350
1747419630656 0.0003449649375397712 1350
1747419635051 0.00034746795427054167 1360
1747419635052 0.00034746795427054167 1360
1747419639438 0.0002519546542316675 1370
1747419639439 0.0002519546542316675 1370
1747419643901 0.00011080695549026132 1380
1747419643901 0.00011080695549026132 1380
1747419648333 0.0002458955568727106 1390
1747419648348 0.0002458955568727106 1390
1747419652734 0.00014548073522746563 1400
1747419652734 0.00014548073522746563 1400
1747419657237 0.00011832838208647445 1410
1747419657237 0.00011832838208647445 1410
1747419661904 0.0001267623738385737 1420
1747419661904 0.0001267623738385737 1420
1747419666418 0.00035829804255627096 1430
1747419666418 0.00035829804255627096 1430
1747419670892 0.00019999133655801415 1440
1747419670893 0.00019999133655801415 1440
1747419675383 0.0002839116204995662 1450
1747419675382 0.0002839116204995662 1450
1747419679752 9.204297384712845e-05 1460
1747419679752 9.204297384712845e-05 1460
1747419684116 0.0002880717220250517 1470
1747419684117 0.0002880717220250517 1470
1747419688518 0.0002635729033499956 1480
1747419688518 0.0002635729033499956 1480
1747419692939 0.00016497432079631835 1490
1747419692940 0.00016497432079631835 1490
1747419697455 0.01397934090346098 1500
1747419697457 0.01397934090346098 1500
1747419701934 0.000367326574632898 1510
1747419701935 0.000367326574632898 1510
1747419706419 0.00019431639520917088 1520
1747419706419 0.00019431639520917088 1520
1747419710937 0.0002151194348698482 1530
1747419710934 0.0002151194348698482 1530
1747419715370 0.000170605126186274 1540
1747419715371 0.000170605126186274 1540
1747419719782 0.000208035868126899 1550
1747419719783 0.000208035868126899 1550
1747419724186 0.00011456946958787739 1560
1747419724186 0.00011456946958787739 1560
1747419728720 0.0004283644666429609 1570
1747419728720 0.0004283644666429609 1570
1747419733159 0.00020859742653556168 1580
1747419733161 0.00020859742653556168 1580
1747419737890 0.0002482937416061759 1590
1747419737891 0.0002482937416061759 1590
1747419742370 0.00041114893974736333 1600
1747419742371 0.00041114893974736333 1600
1747419746809 0.0003260190424043685 1610
1747419746809 0.0003260190424043685 1610
1747419751238 0.0003944516647607088 1620
1747419751238 0.0003944516647607088 1620
1747419755704 0.00016410449461545795 1630
1747419755704 0.00016410449461545795 1630
1747419760104 0.00025996274780482054 1640
1747419760104 0.00025996274780482054 1640
1747419764506 0.0001558557414682582 1650
1747419764508 0.0001558557414682582 1650
1747419768878 0.003900788724422455 1660
1747419768879 0.003900788724422455 1660
1747419773222 0.00020586072059813887 1670
1747419773222 0.00020586072059813887 1670
1747419777556 0.00018074635590892285 1680
1747419777556 0.00018074635590892285 1680
1747419781923 0.00020125112496316433 1690
1747419781923 0.00020125112496316433 1690
1747419786373 0.00019896482990588993 1700
1747419786373 0.00019896482990588993 1700
1747419790707 0.0002881126129068434 1710
1747419790707 0.0002881126129068434 1710
1747419795130 0.00042870407924056053 1720
1747419795130 0.00042870407924056053 1720
1747419799674 0.00016374919505324215 1730
1747419799674 0.00016374919505324215 1730
1747419804080 0.00017463423137087375 1740
1747419804081 0.00017463423137087375 1740
1747419808490 0.00034069595858454704 1750
1747419808491 0.00034069595858454704 1750
