1747418976999 4.988584474885845e-05 10
1747418976999 4.988584474885845e-05 10
1747418981126 4.977168949771689e-05 20
1747418981127 4.977168949771689e-05 20
1747418985288 4.9657534246575346e-05 30
1747418985290 4.9657534246575346e-05 30
1747418989461 4.9543378995433794e-05 40
1747418989462 4.9543378995433794e-05 40
1747418993763 4.942922374429224e-05 50
1747418993763 4.942922374429224e-05 50
1747418998033 4.9315068493150684e-05 60
1747418998033 4.9315068493150684e-05 60
1747419002488 4.920091324200913e-05 70
1747419002489 4.920091324200913e-05 70
1747419006750 4.908675799086758e-05 80
1747419006750 4.908675799086758e-05 80
1747419012677 4.8972602739726034e-05 90
1747419012677 4.8972602739726034e-05 90
1747419016934 4.8858447488584476e-05 100
1747419016934 4.8858447488584476e-05 100
1747419021234 4.8744292237442924e-05 110
1747419021234 4.8744292237442924e-05 110
1747419027135 4.863013698630137e-05 120
1747419027135 4.863013698630137e-05 120
1747419031435 4.851598173515982e-05 130
1747419031435 4.851598173515982e-05 130
1747419035684 4.840182648401827e-05 140
1747419035684 4.840182648401827e-05 140
1747419039972 4.8287671232876716e-05 150
1747419039973 4.8287671232876716e-05 150
1747419044252 4.8173515981735164e-05 160
1747419044252 4.8173515981735164e-05 160
1747419048519 4.805936073059361e-05 170
1747419048519 4.805936073059361e-05 170
1747419054466 4.794520547945205e-05 180
1747419054469 4.794520547945205e-05 180
1747419058876 4.78310502283105e-05 190
1747419058877 4.78310502283105e-05 190
1747419063237 4.7716894977168955e-05 200
1747419063237 4.7716894977168955e-05 200
1747419067582 4.7602739726027403e-05 210
1747419067583 4.7602739726027403e-05 210
1747419073453 4.7488584474885845e-05 220
1747419073453 4.7488584474885845e-05 220
1747419077720 4.737442922374429e-05 230
1747419077720 4.737442922374429e-05 230
1747419081971 4.726027397260274e-05 240
1747419081971 4.726027397260274e-05 240
1747419086219 4.714611872146119e-05 250
1747419086219 4.714611872146119e-05 250
1747419090521 4.703196347031964e-05 260
1747419090521 4.703196347031964e-05 260
1747419094797 4.6917808219178085e-05 270
1747419094798 4.6917808219178085e-05 270
1747419099055 4.680365296803653e-05 280
1747419099055 4.680365296803653e-05 280
1747419103337 4.668949771689498e-05 290
1747419103338 4.668949771689498e-05 290
1747419107619 4.657534246575342e-05 300
1747419107620 4.657534246575342e-05 300
1747419111902 4.646118721461187e-05 310
1747419111903 4.646118721461187e-05 310
1747419117855 4.6347031963470325e-05 320
1747419117855 4.6347031963470325e-05 320
1747419122123 4.623287671232877e-05 330
1747419122123 4.623287671232877e-05 330
1747419126397 4.6118721461187214e-05 340
1747419126398 4.6118721461187214e-05 340
1747419130782 4.600456621004566e-05 350
1747419130783 4.600456621004566e-05 350
1747419135059 4.589041095890411e-05 360
1747419135060 4.589041095890411e-05 360
1747419139373 4.577625570776256e-05 370
1747419139373 4.577625570776256e-05 370
1747419143657 4.5662100456621006e-05 380
1747419143657 4.5662100456621006e-05 380
1747419147974 4.5547945205479454e-05 390
1747419147974 4.5547945205479454e-05 390
1747419153941 4.54337899543379e-05 400
1747419153941 4.54337899543379e-05 400
1747419158208 4.531963470319635e-05 410
1747419158223 4.531963470319635e-05 410
1747419162515 4.520547945205479e-05 420
1747419162516 4.520547945205479e-05 420
1747419166944 4.5091324200913246e-05 430
1747419166946 4.5091324200913246e-05 430
1747419187402 4.4977168949771694e-05 440
1747419187403 4.4977168949771694e-05 440
1747419191810 4.486301369863014e-05 450
1747419191810 4.486301369863014e-05 450
1747419196237 4.474885844748858e-05 460
1747419196237 4.474885844748858e-05 460
1747419202327 4.463470319634703e-05 470
1747419202327 4.463470319634703e-05 470
1747419206659 4.452054794520548e-05 480
1747419206659 4.452054794520548e-05 480
1747419211111 4.4406392694063934e-05 490
1747419211114 4.4406392694063934e-05 490
1747419215459 4.4292237442922375e-05 500
1747419215460 4.4292237442922375e-05 500
1747419219895 4.417808219178082e-05 510
1747419219895 4.417808219178082e-05 510
1747419224356 4.406392694063927e-05 520
1747419224356 4.406392694063927e-05 520
1747419228712 4.394977168949772e-05 530
1747419228712 4.394977168949772e-05 530
1747419233251 4.383561643835617e-05 540
1747419233252 4.383561643835617e-05 540
1747419237625 4.3721461187214615e-05 550
1747419237626 4.3721461187214615e-05 550
1747419242146 4.360730593607306e-05 560
1747419242146 4.360730593607306e-05 560
1747419246542 4.349315068493151e-05 570
1747419246543 4.349315068493151e-05 570
1747419251096 4.337899543378995e-05 580
1747419251096 4.337899543378995e-05 580
1747419255443 4.32648401826484e-05 590
1747419255444 4.32648401826484e-05 590
1747419259908 4.3150684931506855e-05 600
1747419259909 4.3150684931506855e-05 600
1747419264413 4.30365296803653e-05 610
1747419264413 4.30365296803653e-05 610
1747419268946 4.2922374429223744e-05 620
1747419268946 4.2922374429223744e-05 620
1747419273397 4.280821917808219e-05 630
1747419273397 4.280821917808219e-05 630
1747419277863 4.269406392694064e-05 640
1747419277863 4.269406392694064e-05 640
1747419282497 4.257990867579909e-05 650
1747419282497 4.257990867579909e-05 650
1747419288514 4.2465753424657536e-05 660
1747419288514 4.2465753424657536e-05 660
1747419292889 4.2351598173515984e-05 670
1747419292890 4.2351598173515984e-05 670
1747419297359 4.223744292237443e-05 680
1747419297359 4.223744292237443e-05 680
1747419301699 4.212328767123288e-05 690
1747419301699 4.212328767123288e-05 690
1747419306038 4.200913242009132e-05 700
1747419306036 4.200913242009132e-05 700
1747419310402 4.1894977168949776e-05 710
1747419310402 4.1894977168949776e-05 710
1747419314883 4.1780821917808224e-05 720
1747419314884 4.1780821917808224e-05 720
1747419319391 4.166666666666667e-05 730
1747419319391 4.166666666666667e-05 730
1747419323843 4.155251141552511e-05 740
1747419323843 4.155251141552511e-05 740
1747419328167 4.143835616438356e-05 750
1747419328167 4.143835616438356e-05 750
1747419332551 4.132420091324201e-05 760
1747419332551 4.132420091324201e-05 760
1747419336984 4.121004566210046e-05 770
1747419336985 4.121004566210046e-05 770
1747419341451 4.1095890410958905e-05 780
1747419341451 4.1095890410958905e-05 780
1747419345851 4.098173515981735e-05 790
1747419345851 4.098173515981735e-05 790
1747419350275 4.08675799086758e-05 800
1747419350276 4.08675799086758e-05 800
1747419354751 4.075342465753425e-05 810
1747419354751 4.075342465753425e-05 810
1747419359135 4.063926940639269e-05 820
1747419359135 4.063926940639269e-05 820
1747419363547 4.0525114155251145e-05 830
1747419363551 4.0525114155251145e-05 830
1747419367918 4.041095890410959e-05 840
1747419367933 4.041095890410959e-05 840
1747419372319 4.029680365296804e-05 850
1747419372319 4.029680365296804e-05 850
1747419376751 4.018264840182648e-05 860
1747419376753 4.018264840182648e-05 860
1747419381101 4.006849315068493e-05 870
1747419381101 4.006849315068493e-05 870
1747419399873 3.995433789954338e-05 880
1747419399873 3.995433789954338e-05 880
1747419404219 3.984018264840183e-05 890
1747419404219 3.984018264840183e-05 890
1747419408600 3.9726027397260274e-05 900
1747419408601 3.9726027397260274e-05 900
1747419413228 3.961187214611872e-05 910
1747419413228 3.961187214611872e-05 910
1747419417782 3.949771689497717e-05 920
1747419417783 3.949771689497717e-05 920
1747419422271 3.938356164383562e-05 930
1747419422271 3.938356164383562e-05 930
1747419426686 3.9269406392694066e-05 940
1747419426686 3.9269406392694066e-05 940
1747419431128 3.9155251141552514e-05 950
1747419431129 3.9155251141552514e-05 950
1747419435672 3.904109589041096e-05 960
1747419435672 3.904109589041096e-05 960
1747419440239 3.892694063926941e-05 970
1747419440239 3.892694063926941e-05 970
1747419444664 3.881278538812785e-05 980
1747419444666 3.881278538812785e-05 980
1747419449147 3.86986301369863e-05 990
1747419449148 3.86986301369863e-05 990
1747419453556 3.8584474885844754e-05 1000
1747419453556 3.8584474885844754e-05 1000
1747419459557 3.84703196347032e-05 1010
1747419459557 3.84703196347032e-05 1010
1747419463896 3.8356164383561644e-05 1020
1747419463897 3.8356164383561644e-05 1020
1747419468228 3.824200913242009e-05 1030
1747419468228 3.824200913242009e-05 1030
1747419472541 3.812785388127854e-05 1040
1747419472541 3.812785388127854e-05 1040
1747419476858 3.801369863013699e-05 1050
1747419476858 3.801369863013699e-05 1050
1747419481350 3.7899543378995436e-05 1060
1747419481351 3.7899543378995436e-05 1060
1747419485807 3.7785388127853884e-05 1070
1747419485809 3.7785388127853884e-05 1070
1747419490419 3.767123287671233e-05 1080
1747419490420 3.767123287671233e-05 1080
1747419494773 3.755707762557078e-05 1090
1747419494774 3.755707762557078e-05 1090
1747419499103 3.744292237442922e-05 1100
1747419499103 3.744292237442922e-05 1100
1747419503521 3.7328767123287675e-05 1110
1747419503544 3.7328767123287675e-05 1110
1747419508059 3.7214611872146123e-05 1120
1747419508059 3.7214611872146123e-05 1120
1747419512526 3.710045662100457e-05 1130
1747419512526 3.710045662100457e-05 1130
1747419518563 3.698630136986301e-05 1140
1747419518563 3.698630136986301e-05 1140
1747419523060 3.687214611872146e-05 1150
1747419523060 3.687214611872146e-05 1150
1747419527543 3.675799086757991e-05 1160
1747419527543 3.675799086757991e-05 1160
1747419532052 3.664383561643836e-05 1170
1747419532053 3.664383561643836e-05 1170
1747419536464 3.6529680365296805e-05 1180
1747419536465 3.6529680365296805e-05 1180
1747419540811 3.641552511415525e-05 1190
1747419540811 3.641552511415525e-05 1190
1747419546843 3.63013698630137e-05 1200
1747419546841 3.63013698630137e-05 1200
1747419552794 3.618721461187215e-05 1210
1747419552794 3.618721461187215e-05 1210
1747419557262 3.60730593607306e-05 1220
1747419557262 3.60730593607306e-05 1220
1747419561633 3.5958904109589045e-05 1230
1747419561633 3.5958904109589045e-05 1230
1747419565979 3.584474885844749e-05 1240
1747419565979 3.584474885844749e-05 1240
1747419570360 3.573059360730594e-05 1250
1747419570362 3.573059360730594e-05 1250
1747419574880 3.561643835616438e-05 1260
1747419574880 3.561643835616438e-05 1260
1747419579277 3.550228310502283e-05 1270
1747419579278 3.550228310502283e-05 1270
1747419583696 3.538812785388128e-05 1280
1747419583696 3.538812785388128e-05 1280
1747419588196 3.527397260273973e-05 1290
1747419588196 3.527397260273973e-05 1290
1747419592577 3.5159817351598174e-05 1300
1747419592578 3.5159817351598174e-05 1300
1747419596914 3.504566210045662e-05 1310
1747419596914 3.504566210045662e-05 1310
1747419617399 3.493150684931507e-05 1320
1747419617399 3.493150684931507e-05 1320
1747419621849 3.481735159817352e-05 1330
1747419621850 3.481735159817352e-05 1330
1747419626265 3.4703196347031966e-05 1340
1747419626265 3.4703196347031966e-05 1340
1747419630655 3.4589041095890414e-05 1350
1747419630656 3.4589041095890414e-05 1350
1747419635051 3.447488584474886e-05 1360
1747419635052 3.447488584474886e-05 1360
1747419639438 3.436073059360731e-05 1370
1747419639439 3.436073059360731e-05 1370
1747419643901 3.424657534246575e-05 1380
1747419643901 3.424657534246575e-05 1380
1747419648333 3.41324200913242e-05 1390
1747419648348 3.41324200913242e-05 1390
1747419652734 3.4018264840182654e-05 1400
1747419652734 3.4018264840182654e-05 1400
1747419657237 3.39041095890411e-05 1410
1747419657237 3.39041095890411e-05 1410
1747419661904 3.378995433789954e-05 1420
1747419661904 3.378995433789954e-05 1420
1747419666418 3.367579908675799e-05 1430
1747419666418 3.367579908675799e-05 1430
1747419670892 3.356164383561644e-05 1440
1747419670893 3.356164383561644e-05 1440
1747419675383 3.344748858447489e-05 1450
1747419675382 3.344748858447489e-05 1450
1747419679752 3.3333333333333335e-05 1460
1747419679752 3.3333333333333335e-05 1460
1747419684116 3.321917808219178e-05 1470
1747419684117 3.321917808219178e-05 1470
1747419688518 3.310502283105023e-05 1480
1747419688518 3.310502283105023e-05 1480
1747419692939 3.299086757990868e-05 1490
1747419692940 3.299086757990868e-05 1490
1747419697455 3.287671232876712e-05 1500
1747419697457 3.287671232876712e-05 1500
1747419701934 3.2762557077625575e-05 1510
1747419701935 3.2762557077625575e-05 1510
1747419706419 3.264840182648402e-05 1520
1747419706419 3.264840182648402e-05 1520
1747419710937 3.253424657534247e-05 1530
1747419710934 3.253424657534247e-05 1530
1747419715370 3.242009132420091e-05 1540
1747419715371 3.242009132420091e-05 1540
1747419719782 3.230593607305936e-05 1550
1747419719783 3.230593607305936e-05 1550
1747419724186 3.219178082191781e-05 1560
1747419724186 3.219178082191781e-05 1560
1747419728720 3.207762557077626e-05 1570
1747419728720 3.207762557077626e-05 1570
1747419733159 3.1963470319634704e-05 1580
1747419733161 3.1963470319634704e-05 1580
1747419737890 3.184931506849315e-05 1590
1747419737891 3.184931506849315e-05 1590
1747419742370 3.17351598173516e-05 1600
1747419742371 3.17351598173516e-05 1600
1747419746809 3.162100456621005e-05 1610
1747419746809 3.162100456621005e-05 1610
1747419751238 3.1506849315068496e-05 1620
1747419751238 3.1506849315068496e-05 1620
1747419755704 3.1392694063926944e-05 1630
1747419755704 3.1392694063926944e-05 1630
1747419760104 3.127853881278539e-05 1640
1747419760104 3.127853881278539e-05 1640
1747419764506 3.116438356164384e-05 1650
1747419764508 3.116438356164384e-05 1650
1747419768878 3.105022831050228e-05 1660
1747419768879 3.105022831050228e-05 1660
1747419773222 3.093607305936073e-05 1670
1747419773222 3.093607305936073e-05 1670
1747419777556 3.082191780821918e-05 1680
1747419777556 3.082191780821918e-05 1680
1747419781923 3.070776255707763e-05 1690
1747419781923 3.070776255707763e-05 1690
1747419786373 3.059360730593607e-05 1700
1747419786373 3.059360730593607e-05 1700
1747419790707 3.047945205479452e-05 1710
1747419790707 3.047945205479452e-05 1710
1747419795130 3.036529680365297e-05 1720
1747419795130 3.036529680365297e-05 1720
1747419799674 3.025114155251142e-05 1730
1747419799674 3.025114155251142e-05 1730
1747419804080 3.0136986301369862e-05 1740
1747419804081 3.0136986301369862e-05 1740
1747419808490 3.0022831050228313e-05 1750
1747419808491 3.0022831050228313e-05 1750
