1747418976999 0.6193 10
1747418976999 0.6193 10
1747418981126 0.3137 20
1747418981127 0.3137 20
1747418985288 0.1551 30
1747418985290 0.1551 30
1747418989461 0.0485 40
1747418989462 0.0485 40
1747418993763 0.039 50
1747418993763 0.039 50
1747418998033 0.0002 60
1747418998033 0.0002 60
1747419002488 0.0251 70
1747419002489 0.0251 70
1747419006750 0.0 80
1747419006750 0.0 80
1747419012677 0.0591 90
1747419012677 0.0591 90
1747419016934 0.0004 100
1747419016934 0.0004 100
1747419021234 0.0204 110
1747419021234 0.0204 110
1747419027135 0.0002 120
1747419027135 0.0002 120
1747419031435 0.0001 130
1747419031435 0.0001 130
1747419035684 0.0 140
1747419035684 0.0 140
1747419039972 0.0 150
1747419039973 0.0 150
1747419044252 0.0 160
1747419044252 0.0 160
1747419048519 0.0001 170
1747419048519 0.0001 170
1747419054466 0.0007 180
1747419054469 0.0007 180
1747419058876 0.0 190
1747419058877 0.0 190
1747419063237 0.0001 200
1747419063237 0.0001 200
1747419067582 0.0 210
1747419067583 0.0 210
1747419073453 0.0541 220
1747419073453 0.0541 220
1747419077720 0.0001 230
1747419077720 0.0001 230
1747419081971 0.0001 240
1747419081971 0.0001 240
1747419086219 0.0022 250
1747419086219 0.0022 250
1747419090521 0.0005 260
1747419090521 0.0005 260
1747419094797 0.0 270
1747419094798 0.0 270
1747419099055 0.0032 280
1747419099055 0.0032 280
1747419103337 0.0008 290
1747419103338 0.0008 290
1747419107619 0.0 300
1747419107620 0.0 300
1747419111902 0.0156 310
1747419111903 0.0156 310
1747419117855 0.0202 320
1747419117855 0.0202 320
1747419122123 0.0007 330
1747419122123 0.0007 330
1747419126397 0.0 340
1747419126398 0.0 340
1747419130782 0.0013 350
1747419130783 0.0013 350
1747419135059 0.0 360
1747419135060 0.0 360
1747419139373 0.0001 370
1747419139373 0.0001 370
1747419143657 0.0003 380
1747419143657 0.0003 380
1747419147974 0.0001 390
1747419147974 0.0001 390
1747419153941 0.0 400
1747419153941 0.0 400
1747419158208 0.0 410
1747419158223 0.0 410
1747419162515 0.0 420
1747419162516 0.0 420
1747419166944 0.0 430
1747419166946 0.0 430
1747419187402 0.0 440
1747419187403 0.0 440
1747419191810 0.0 450
1747419191810 0.0 450
1747419196237 0.0 460
1747419196237 0.0 460
1747419202327 0.0 470
1747419202327 0.0 470
1747419206659 0.0 480
1747419206659 0.0 480
1747419211111 0.0 490
1747419211114 0.0 490
1747419215459 0.0 500
1747419215460 0.0 500
1747419219895 0.0 510
1747419219895 0.0 510
1747419224356 0.0 520
1747419224356 0.0 520
1747419228712 0.0 530
1747419228712 0.0 530
1747419233251 0.0 540
1747419233252 0.0 540
1747419237625 0.0 550
1747419237626 0.0 550
1747419242146 0.0 560
1747419242146 0.0 560
1747419246542 0.0 570
1747419246543 0.0 570
1747419251096 0.0 580
1747419251096 0.0 580
1747419255443 0.0 590
1747419255444 0.0 590
1747419259908 0.0 600
1747419259909 0.0 600
1747419264413 0.0 610
1747419264413 0.0 610
1747419268946 0.0 620
1747419268946 0.0 620
1747419273397 0.0 630
1747419273397 0.0 630
1747419277863 0.0 640
1747419277863 0.0 640
1747419282497 0.046 650
1747419282497 0.046 650
1747419288514 0.0 660
1747419288514 0.0 660
1747419292889 0.0021 670
1747419292890 0.0021 670
1747419297359 0.0 680
1747419297359 0.0 680
1747419301699 0.0009 690
1747419301699 0.0009 690
1747419306038 0.0 700
1747419306036 0.0 700
1747419310402 0.0 710
1747419310402 0.0 710
1747419314883 0.0 720
1747419314884 0.0 720
1747419319391 0.0 730
1747419319391 0.0 730
1747419323843 0.0 740
1747419328167 0.0 750
1747419328167 0.0 750
1747419332551 0.0004 760
1747419332551 0.0004 760
1747419336984 0.0285 770
1747419336985 0.0285 770
1747419341451 0.0004 780
1747419341451 0.0004 780
1747419345851 0.0016 790
1747419345851 0.0016 790
1747419350275 0.0549 800
1747419350276 0.0549 800
1747419354751 0.0 810
1747419354751 0.0 810
1747419359135 0.0 820
1747419359135 0.0 820
1747419363547 0.0 830
1747419363551 0.0 830
1747419367918 0.0 840
1747419367933 0.0 840
1747419372319 0.0 850
1747419372319 0.0 850
1747419376751 0.0 860
1747419376753 0.0 860
1747419381101 0.0 870
1747419381101 0.0 870
1747419399873 0.0 880
1747419399873 0.0 880
1747419404219 0.0 890
1747419404219 0.0 890
1747419408600 0.0 900
1747419408601 0.0 900
1747419413228 0.0 910
1747419413228 0.0 910
1747419417782 0.0 920
1747419417783 0.0 920
1747419422271 0.0 930
1747419422271 0.0 930
1747419426686 0.0 940
1747419426686 0.0 940
1747419431128 0.0 950
1747419431129 0.0 950
1747419435672 0.0 960
1747419435672 0.0 960
1747419440239 0.0 970
1747419440239 0.0 970
1747419444664 0.0 980
1747419444666 0.0 980
1747419449147 0.0 990
1747419449148 0.0 990
1747419453556 0.0 1000
1747419453556 0.0 1000
1747419459557 0.0 1010
1747419459557 0.0 1010
1747419463896 0.0 1020
1747419463897 0.0 1020
1747419468228 0.0 1030
1747419468228 0.0 1030
1747419472541 0.0 1040
1747419472541 0.0 1040
1747419476858 0.0 1050
1747419476858 0.0 1050
1747419481350 0.0 1060
1747419481351 0.0 1060
1747419485807 0.0 1070
1747419485809 0.0 1070
1747419490419 0.0 1080
1747419490420 0.0 1080
1747419494773 0.0 1090
1747419494774 0.0 1090
1747419499103 0.0 1100
1747419499103 0.0 1100
1747419503521 0.0 1110
1747419503544 0.0 1110
1747419508059 0.0 1120
1747419508059 0.0 1120
1747419512526 0.0 1130
1747419512526 0.0 1130
1747419518563 0.0 1140
1747419518563 0.0 1140
1747419523060 0.0 1150
1747419523060 0.0 1150
1747419527543 0.0 1160
1747419527543 0.0 1160
1747419532052 0.0 1170
1747419532053 0.0 1170
1747419536464 0.0 1180
1747419536465 0.0 1180
1747419540811 0.0 1190
1747419540811 0.0 1190
1747419546841 0.0 1200
1747419546843 0.0 1200
1747419552794 0.0 1210
1747419552794 0.0 1210
1747419557262 0.0 1220
1747419557262 0.0 1220
1747419561633 0.0 1230
1747419561633 0.0 1230
1747419565979 0.0 1240
1747419565979 0.0 1240
1747419570360 0.0 1250
1747419570362 0.0 1250
1747419574880 0.0 1260
1747419574880 0.0 1260
1747419579277 0.0 1270
1747419579278 0.0 1270
1747419583696 0.0 1280
1747419583696 0.0 1280
1747419588196 0.0 1290
1747419588196 0.0 1290
1747419592577 0.0 1300
1747419592578 0.0 1300
1747419596914 0.0 1310
1747419596914 0.0 1310
1747419617399 0.0 1320
1747419617399 0.0 1320
1747419621849 0.0 1330
1747419621850 0.0 1330
1747419626265 0.0 1340
1747419626265 0.0 1340
1747419630655 0.0 1350
1747419630656 0.0 1350
1747419635051 0.0 1360
1747419635052 0.0 1360
1747419639438 0.0 1370
1747419639439 0.0 1370
1747419643901 0.0 1380
1747419643901 0.0 1380
1747419648333 0.0 1390
1747419648348 0.0 1390
1747419652734 0.0 1400
1747419652734 0.0 1400
1747419657237 0.0 1410
1747419657237 0.0 1410
1747419661904 0.0 1420
1747419661904 0.0 1420
1747419666418 0.0 1430
1747419666418 0.0 1430
1747419670892 0.0 1440
1747419670893 0.0 1440
1747419675383 0.0 1450
1747419675382 0.0 1450
1747419679752 0.0 1460
1747419679752 0.0 1460
1747419684116 0.0 1470
1747419684117 0.0 1470
1747419688518 0.0 1480
1747419688518 0.0 1480
1747419692939 0.0 1490
1747419692940 0.0 1490
1747419697455 0.0 1500
1747419697457 0.0 1500
1747419701934 0.0 1510
1747419701935 0.0 1510
1747419706419 0.0 1520
1747419706419 0.0 1520
1747419710937 0.0 1530
1747419710934 0.0 1530
1747419715370 0.0 1540
1747419715371 0.0 1540
1747419719782 0.0 1550
1747419719783 0.0 1550
1747419724186 0.0 1560
1747419724186 0.0 1560
1747419728720 0.0 1570
1747419728720 0.0 1570
1747419733159 0.0 1580
1747419733161 0.0 1580
1747419737890 0.0 1590
1747419737891 0.0 1590
1747419742370 0.0 1600
1747419742371 0.0 1600
1747419746809 0.0 1610
1747419746809 0.0 1610
1747419751238 0.0 1620
1747419751238 0.0 1620
1747419755704 0.0 1630
1747419755704 0.0 1630
1747419760104 0.0 1640
1747419760104 0.0 1640
1747419764506 0.0 1650
1747419764508 0.0 1650
1747419768878 0.0 1660
1747419768879 0.0 1660
1747419773222 0.0 1670
1747419773222 0.0 1670
1747419777556 0.0 1680
1747419777556 0.0 1680
1747419781923 0.0 1690
1747419781923 0.0 1690
1747419786373 0.0 1700
1747419786373 0.0 1700
1747419790707 0.0 1710
1747419790707 0.0 1710
1747419795130 0.0 1720
1747419795130 0.0 1720
1747419799674 0.0 1730
1747419799674 0.0 1730
1747419804080 0.0 1740
1747419804081 0.0 1740
1747419808490 0.0 1750
1747419808491 0.0 1750
