1747377597055 0.10638297872340426 10
1747377597058 0.10638297872340426 10
1747377600962 0.2127659574468085 20
1747377600962 0.2127659574468085 20
1747377604862 0.3191489361702128 30
1747377604864 0.3191489361702128 30
1747377608939 0.425531914893617 40
1747377608940 0.425531914893617 40
1747377612824 0.5319148936170213 50
1747377612825 0.5319148936170213 50
1747377616805 0.6382978723404256 60
1747377616806 0.6382978723404256 60
1747377620722 0.7446808510638298 70
1747377620724 0.7446808510638298 70
1747377624605 0.851063829787234 80
1747377624604 0.851063829787234 80
1747377628485 0.9574468085106383 90
1747377628486 0.9574468085106383 90
1747377632443 1.0 94
1747377632444 1.0 94
1747377636505 1.0638297872340425 100
1747377636507 1.0638297872340425 100
1747377640490 1.1702127659574468 110
1747377640491 1.1702127659574468 110
1747377644431 1.2765957446808511 120
1747377644432 1.2765957446808511 120
1747377649961 1.3829787234042552 130
1747377649962 1.3829787234042552 130
1747377655487 1.4893617021276595 140
1747377655488 1.4893617021276595 140
1747377659368 1.5957446808510638 150
1747377659369 1.5957446808510638 150
1747377663155 1.702127659574468 160
1747377663156 1.702127659574468 160
1747377666953 1.8085106382978724 170
1747377666952 1.8085106382978724 170
1747377670778 1.9148936170212765 180
1747377670779 1.9148936170212765 180
1747377677879 2.0 188
1747377677880 2.0 188
1747377680109 2.021276595744681 190
1747377680109 2.021276595744681 190
1747377684065 2.127659574468085 200
1747377684067 2.127659574468085 200
1747377687985 2.2340425531914896 210
1747377687986 2.2340425531914896 210
1747377692002 2.3404255319148937 220
1747377692003 2.3404255319148937 220
1747377699138 2.4468085106382977 230
1747377699139 2.4468085106382977 230
1747377702988 2.5531914893617023 240
1747377702988 2.5531914893617023 240
1747377708446 2.6595744680851063 250
1747377708447 2.6595744680851063 250
1747377712299 2.7659574468085104 260
1747377712299 2.7659574468085104 260
1747377716190 2.872340425531915 270
1747377716189 2.872340425531915 270
1747377720074 2.978723404255319 280
1747377720075 2.978723404255319 280
1747377723268 3.0 282
1747377723268 3.0 282
1747377729919 3.0851063829787235 290
1747377729920 3.0851063829787235 290
1747377733809 3.1914893617021276 300
1747377733810 3.1914893617021276 300
1747377737739 3.297872340425532 310
1747377737740 3.297872340425532 310
1747377741714 3.404255319148936 320
1747377741715 3.404255319148936 320
1747377747316 3.5106382978723403 330
1747377747317 3.5106382978723403 330
1747377752825 3.617021276595745 340
1747377752825 3.617021276595745 340
1747377758392 3.723404255319149 350
1747377758392 3.723404255319149 350
1747377764030 3.829787234042553 360
1747377764031 3.829787234042553 360
1747377769603 3.9361702127659575 370
1747377769603 3.9361702127659575 370
1747377774376 4.0 376
1747377774377 4.0 376
1747377777263 4.042553191489362 380
1747377777263 4.042553191489362 380
1747377782733 4.148936170212766 390
1747377782732 4.148936170212766 390
1747377786615 4.25531914893617 400
1747377786615 4.25531914893617 400
1747377790519 4.361702127659575 410
1747377790520 4.361702127659575 410
1747377794363 4.468085106382979 420
1747377794363 4.468085106382979 420
1747377798249 4.574468085106383 430
1747377798249 4.574468085106383 430
1747377802044 4.680851063829787 440
1747377802044 4.680851063829787 440
1747377805861 4.787234042553192 450
1747377805861 4.787234042553192 450
1747377812920 4.8936170212765955 460
1747377812920 4.8936170212765955 460
1747377816613 5.0 470
1747377816614 5.0 470
1747377819109 5.0 470
1747377819109 5.0 470
1747377820512 5.0 470
1747377820512 5.0 470
