1747377597055 10.316165924072266 10
1747377597058 10.316165924072266 10
1747377600962 4.636496543884277 20
1747377600962 4.636496543884277 20
1747377604862 15.696499824523926 30
1747377604864 15.696499824523926 30
1747377608939 32.57264709472656 40
1747377608940 32.57264709472656 40
1747377612825 21.936880111694336 50
1747377612824 21.936880111694336 50
1747377616805 2.2112278938293457 60
1747377616806 2.2112278938293457 60
1747377620722 5.910550117492676 70
1747377620724 5.910550117492676 70
1747377624605 12.034049034118652 80
1747377624604 12.034049034118652 80
1747377628485 14.362569808959961 90
1747377628486 14.362569808959961 90
1747377636505 0.052404362708330154 100
1747377636507 0.052404362708330154 100
1747377640490 0.04168500751256943 110
1747377640491 0.04168500751256943 110
1747377644431 0.024563509970903397 120
1747377644432 0.024563509970903397 120
1747377649961 0.012789479456841946 130
1747377649962 0.012789479456841946 130
1747377655487 0.015195082873106003 140
1747377655488 0.015195082873106003 140
1747377659368 0.010672160424292088 150
1747377659369 0.010672160424292088 150
1747377663155 0.006795642897486687 160
1747377663156 0.006795642897486687 160
1747377666953 0.02326231636106968 170
1747377666952 0.02326231636106968 170
1747377670778 0.01923932135105133 180
1747377670779 0.01923932135105133 180
1747377680109 0.012689237482845783 190
1747377680109 0.012689237482845783 190
1747377684065 0.0057387747801840305 200
1747377684067 0.0057387747801840305 200
1747377687985 0.01652875728905201 210
1747377687986 0.01652875728905201 210
1747377692002 0.004263147246092558 220
1747377692003 0.004263147246092558 220
1747377699138 0.004466252401471138 230
1747377699139 0.004466252401471138 230
1747377702988 0.0038215364329516888 240
1747377702988 0.0038215364329516888 240
1747377708446 0.003198365680873394 250
1747377708447 0.003198365680873394 250
1747377712299 0.0035792123526334763 260
1747377712299 0.0035792123526334763 260
1747377716190 0.003346320940181613 270
1747377716189 0.003346320940181613 270
1747377720074 0.006106534972786903 280
1747377720075 0.006106534972786903 280
1747377729919 0.002879722509533167 290
1747377729920 0.002879722509533167 290
1747377733809 0.002912751166149974 300
1747377733810 0.002912751166149974 300
1747377737739 0.002463157055899501 310
1747377737740 0.002463157055899501 310
1747377741714 0.0022401337046176195 320
1747377741715 0.0022401337046176195 320
1747377747316 0.0027524707838892937 330
1747377747317 0.0027524707838892937 330
1747377752825 0.002270911820232868 340
1747377752825 0.002270911820232868 340
1747377758392 0.0020531618501991034 350
1747377758392 0.0020531618501991034 350
1747377764030 0.0026178783737123013 360
1747377764031 0.0026178783737123013 360
1747377769603 0.002785618184134364 370
1747377769603 0.002785618184134364 370
1747377777263 0.0018177712336182594 380
1747377777263 0.0018177712336182594 380
1747377782732 0.0018546978244557977 390
1747377782733 0.0018546978244557977 390
1747377786615 0.00170436454936862 400
1747377786615 0.00170436454936862 400
1747377790519 0.002310649026185274 410
1747377790520 0.002310649026185274 410
1747377794363 0.0015997241716831923 420
1747377794363 0.0015997241716831923 420
1747377798249 0.0016204161802306771 430
1747377798249 0.0016204161802306771 430
1747377802044 0.0014757204335182905 440
1747377802044 0.0014757204335182905 440
1747377805861 0.0014494796050712466 450
1747377805861 0.0014494796050712466 450
1747377812920 0.0014419816434383392 460
1747377812920 0.0014419816434383392 460
1747377816613 0.0014088538009673357 470
1747377816614 0.0014088538009673357 470
