1747377597055 4.946808510638298e-05 10
1747377597058 4.946808510638298e-05 10
1747377600962 4.893617021276596e-05 20
1747377600962 4.893617021276596e-05 20
1747377604862 4.840425531914894e-05 30
1747377604864 4.840425531914894e-05 30
1747377608939 4.787234042553192e-05 40
1747377608940 4.787234042553192e-05 40
1747377612825 4.734042553191489e-05 50
1747377612824 4.734042553191489e-05 50
1747377616805 4.680851063829788e-05 60
1747377616806 4.680851063829788e-05 60
1747377620722 4.627659574468085e-05 70
1747377620724 4.627659574468085e-05 70
1747377624605 4.574468085106383e-05 80
1747377624604 4.574468085106383e-05 80
1747377628485 4.5212765957446815e-05 90
1747377628486 4.5212765957446815e-05 90
1747377636505 4.468085106382979e-05 100
1747377636507 4.468085106382979e-05 100
1747377640490 4.414893617021277e-05 110
1747377640491 4.414893617021277e-05 110
1747377644431 4.3617021276595746e-05 120
1747377644432 4.3617021276595746e-05 120
1747377649961 4.3085106382978725e-05 130
1747377649962 4.3085106382978725e-05 130
1747377655487 4.2553191489361704e-05 140
1747377655488 4.2553191489361704e-05 140
1747377659368 4.2021276595744684e-05 150
1747377659369 4.2021276595744684e-05 150
1747377663155 4.148936170212766e-05 160
1747377663156 4.148936170212766e-05 160
1747377666953 4.095744680851064e-05 170
1747377666952 4.095744680851064e-05 170
1747377670778 4.0425531914893614e-05 180
1747377670779 4.0425531914893614e-05 180
1747377680109 3.9893617021276594e-05 190
1747377680109 3.9893617021276594e-05 190
1747377684065 3.936170212765958e-05 200
1747377684067 3.936170212765958e-05 200
1747377687985 3.882978723404255e-05 210
1747377687986 3.882978723404255e-05 210
1747377692002 3.829787234042553e-05 220
1747377692003 3.829787234042553e-05 220
1747377699138 3.776595744680852e-05 230
1747377699139 3.776595744680852e-05 230
1747377702988 3.723404255319149e-05 240
1747377702988 3.723404255319149e-05 240
1747377708446 3.670212765957447e-05 250
1747377708447 3.670212765957447e-05 250
1747377712299 3.617021276595745e-05 260
1747377712299 3.617021276595745e-05 260
1747377716190 3.563829787234043e-05 270
1747377716189 3.563829787234043e-05 270
1747377720074 3.5106382978723407e-05 280
1747377720075 3.5106382978723407e-05 280
1747377729919 3.4574468085106386e-05 290
1747377729920 3.4574468085106386e-05 290
1747377733809 3.4042553191489365e-05 300
1747377733810 3.4042553191489365e-05 300
1747377737739 3.3510638297872344e-05 310
1747377737740 3.3510638297872344e-05 310
1747377741714 3.2978723404255317e-05 320
1747377741715 3.2978723404255317e-05 320
1747377747316 3.2446808510638296e-05 330
1747377747317 3.2446808510638296e-05 330
1747377752825 3.191489361702128e-05 340
1747377752825 3.191489361702128e-05 340
1747377758392 3.1382978723404254e-05 350
1747377758392 3.1382978723404254e-05 350
1747377764030 3.085106382978723e-05 360
1747377764031 3.085106382978723e-05 360
1747377769603 3.0319148936170216e-05 370
1747377769603 3.0319148936170216e-05 370
1747377777263 2.9787234042553192e-05 380
1747377777263 2.9787234042553192e-05 380
1747377782733 2.925531914893617e-05 390
1747377782732 2.925531914893617e-05 390
1747377786615 2.8723404255319154e-05 400
1747377786615 2.8723404255319154e-05 400
1747377790519 2.819148936170213e-05 410
1747377790520 2.819148936170213e-05 410
1747377794363 2.765957446808511e-05 420
1747377794363 2.765957446808511e-05 420
1747377798249 2.7127659574468084e-05 430
1747377798249 2.7127659574468084e-05 430
1747377802044 2.6595744680851064e-05 440
1747377802044 2.6595744680851064e-05 440
1747377805861 2.6063829787234046e-05 450
1747377805861 2.6063829787234046e-05 450
1747377812920 2.5531914893617022e-05 460
1747377812920 2.5531914893617022e-05 460
1747377816613 2.5e-05 470
1747377816614 2.5e-05 470
