1747377597055 0.4416 10
1747377597058 0.4416 10
1747377600962 0.1891 20
1747377600962 0.1891 20
1747377604862 0.0704 30
1747377604864 0.0704 30
1747377608939 0.0358 40
1747377608940 0.0358 40
1747377612824 0.0711 50
1747377612825 0.0711 50
1747377616805 0.1625 60
1747377616806 0.1625 60
1747377620722 0.1254 70
1747377620724 0.1254 70
1747377624605 0.0875 80
1747377624604 0.0875 80
1747377628485 0.1081 90
1747377628486 0.1081 90
1747377636505 0.0757 100
1747377636507 0.0757 100
1747377640490 0.0087 110
1747377640491 0.0087 110
1747377644431 0.0233 120
1747377644432 0.0233 120
1747377649961 0.0006 130
1747377649962 0.0006 130
1747377655487 0.0014 140
1747377655488 0.0014 140
1747377659368 0.0247 150
1747377659369 0.0247 150
1747377663155 0.0301 160
1747377663156 0.0301 160
1747377666953 0.0475 170
1747377666952 0.0475 170
1747377670779 0.0381 180
1747377670778 0.0381 180
1747377680109 0.0015 190
1747377680109 0.0015 190
1747377684065 0.0004 200
1747377684067 0.0004 200
1747377687985 0.0003 210
1747377687986 0.0003 210
1747377692002 0.0002 220
1747377692003 0.0002 220
1747377699138 0.0002 230
1747377699139 0.0002 230
1747377702988 0.0002 240
1747377702988 0.0002 240
1747377708446 0.0001 250
1747377708447 0.0001 250
1747377712299 0.0001 260
1747377712299 0.0001 260
1747377716190 0.0001 270
1747377716189 0.0001 270
1747377720074 0.0001 280
1747377720075 0.0001 280
1747377729919 0.0001 290
1747377729920 0.0001 290
1747377733809 0.0001 300
1747377733810 0.0001 300
1747377737739 0.0001 310
1747377737740 0.0001 310
1747377741714 0.0001 320
1747377741715 0.0001 320
1747377747316 0.0001 330
1747377747317 0.0001 330
1747377752825 0.0001 340
1747377752825 0.0001 340
1747377758392 0.0001 350
1747377758392 0.0001 350
1747377764030 0.0001 360
1747377764031 0.0001 360
1747377769603 0.0001 370
1747377769603 0.0001 370
1747377777263 0.0001 380
1747377777263 0.0001 380
1747377782732 0.0001 390
1747377782733 0.0001 390
1747377786615 0.0001 400
1747377786615 0.0001 400
1747377790519 0.0001 410
1747377790520 0.0001 410
1747377794363 0.0001 420
1747377794363 0.0001 420
1747377798249 0.0001 430
1747377798249 0.0001 430
1747377802044 0.0001 440
1747377802044 0.0001 440
1747377805861 0.0001 450
1747377805861 0.0001 450
1747377812920 0.0001 460
1747377812920 0.0001 460
1747377816613 0.0001 470
1747377816614 0.0001 470
