1747233700440 0.5555555555555556 10
1747233700440 0.5555555555555556 10
1747233704145 1.0 18
1747233704144 1.0 18
1747233706163 1.1111111111111112 20
1747233706163 1.1111111111111112 20
1747233710581 1.6666666666666665 30
1747233710581 1.6666666666666665 30
1747233713499 2.0 36
1747233713500 2.0 36
1747233716317 2.2222222222222223 40
1747233716318 2.2222222222222223 40
1747233720488 2.7777777777777777 50
1747233720489 2.7777777777777777 50
1747233724189 3.0 54
1747233724191 3.0 54
1747233728878 3.3333333333333335 60
1747233728878 3.3333333333333335 60
1747233733247 3.888888888888889 70
1747233733249 3.888888888888889 70
1747233734578 4.0 72
1747233734579 4.0 72
1747233736672 4.0 72
1747233736673 4.0 72
