1747233700440 4.722222222222222e-05 10
1747233700440 4.722222222222222e-05 10
1747233706163 4.4444444444444447e-05 20
1747233706163 4.4444444444444447e-05 20
1747233710581 4.166666666666667e-05 30
1747233710581 4.166666666666667e-05 30
1747233716317 3.888888888888889e-05 40
1747233716318 3.888888888888889e-05 40
1747233720488 3.611111111111111e-05 50
1747233720489 3.611111111111111e-05 50
1747233728878 3.3333333333333335e-05 60
1747233728878 3.3333333333333335e-05 60
1747233733247 3.055555555555556e-05 70
1747233733249 3.055555555555556e-05 70
