1746727279305 0.056179775280898875 10
1746727279306 0.056179775280898875 10
1746727289067 0.11235955056179775 20
1746727289069 0.11235955056179775 20
1746727300404 0.16853932584269662 30
1746727300404 0.16853932584269662 30
1746727308840 0.2247191011235955 40
1746727308841 0.2247191011235955 40
1746727321857 0.2808988764044944 50
1746727321856 0.2808988764044944 50
1746727331700 0.33707865168539325 60
1746727331700 0.33707865168539325 60
1746727343143 0.39325842696629215 70
1746727343144 0.39325842696629215 70
1746727351863 0.449438202247191 80
1746727351864 0.449438202247191 80
1746727361780 0.5056179775280899 90
1746727361781 0.5056179775280899 90
1746727370043 0.5617977528089888 100
1746727370046 0.5617977528089888 100
1746727378387 0.6179775280898876 110
1746727378393 0.6179775280898876 110
1746727386742 0.6741573033707865 120
1746727386741 0.6741573033707865 120
1746727396767 0.7303370786516854 130
1746727396765 0.7303370786516854 130
1746727406680 0.7865168539325843 140
1746727406681 0.7865168539325843 140
1746727414910 0.8426966292134831 150
1746727414910 0.8426966292134831 150
1746727424845 0.898876404494382 160
1746727424846 0.898876404494382 160
1746727433120 0.9550561797752809 170
1746727433121 0.9550561797752809 170
1746727491542 1.0 178
1746727491543 1.0 178
1746727494841 1.0112359550561798 180
1746727494842 1.0112359550561798 180
1746727508462 1.0674157303370786 190
1746727508463 1.0674157303370786 190
1746727518417 1.1235955056179776 200
1746727518417 1.1235955056179776 200
1746727528511 1.1797752808988764 210
1746727528513 1.1797752808988764 210
1746727540245 1.2359550561797752 220
1746727540257 1.2359550561797752 220
1746727548856 1.2921348314606742 230
1746727548857 1.2921348314606742 230
1746727557292 1.348314606741573 240
1746727557291 1.348314606741573 240
1746727565872 1.404494382022472 250
1746727565873 1.404494382022472 250
1746727576140 1.4606741573033708 260
1746727576141 1.4606741573033708 260
1746727586326 1.5168539325842696 270
1746727586327 1.5168539325842696 270
1746727594921 1.5730337078651684 280
1746727594922 1.5730337078651684 280
1746727604574 1.6292134831460674 290
1746727604582 1.6292134831460674 290
1746727615328 1.6853932584269664 300
1746727615329 1.6853932584269664 300
1746727623927 1.7415730337078652 310
1746727623928 1.7415730337078652 310
1746727632624 1.797752808988764 320
1746727632624 1.797752808988764 320
1746727641543 1.8539325842696628 330
1746727641544 1.8539325842696628 330
1746727653589 1.9101123595505618 340
1746727653590 1.9101123595505618 340
1746727662611 1.9662921348314608 350
1746727662612 1.9662921348314608 350
1746727713986 2.0 356
1746727713987 2.0 356
1746727722410 2.0224719101123596 360
1746727722411 2.0224719101123596 360
1746727731138 2.0786516853932584 370
1746727731139 2.0786516853932584 370
1746727739917 2.134831460674157 380
1746727739918 2.134831460674157 380
1746727750048 2.191011235955056 390
1746727750049 2.191011235955056 390
1746727758603 2.247191011235955 400
1746727758604 2.247191011235955 400
1746727767109 2.303370786516854 410
1746727767109 2.303370786516854 410
1746727777449 2.359550561797753 420
1746727777450 2.359550561797753 420
1746727787711 2.4157303370786516 430
1746727787716 2.4157303370786516 430
1746727796319 2.4719101123595504 440
1746727796319 2.4719101123595504 440
1746727805082 2.5280898876404496 450
1746727805085 2.5280898876404496 450
1746727815550 2.5842696629213484 460
1746727815542 2.5842696629213484 460
1746727824254 2.640449438202247 470
1746727824255 2.640449438202247 470
1746727833014 2.696629213483146 480
1746727833014 2.696629213483146 480
1746727843323 2.752808988764045 490
1746727843324 2.752808988764045 490
1746727852176 2.808988764044944 500
1746727852177 2.808988764044944 500
1746727860779 2.865168539325843 510
1746727860780 2.865168539325843 510
1746727869321 2.9213483146067416 520
1746727869322 2.9213483146067416 520
1746727877896 2.9775280898876404 530
1746727877896 2.9775280898876404 530
1746727929055 3.0 534
1746727929056 3.0 534
1746727930917 3.0 534
1746727930917 3.0 534
