1746727279305 9.803945541381836 10
1746727279306 9.803945541381836 10
1746727289067 6.675426483154297 20
1746727289069 6.675426483154297 20
1746727300404 10.04911994934082 30
1746727300404 10.04911994934082 30
1746727308840 11.559700012207031 40
1746727308841 11.559700012207031 40
1746727321857 4.069578170776367 50
1746727321856 4.069578170776367 50
1746727331700 9.212191581726074 60
1746727331700 9.212191581726074 60
1746727343143 6.100865840911865 70
1746727343144 6.100865840911865 70
1746727351863 6.392030239105225 80
1746727351864 6.392030239105225 80
1746727361780 2.481945514678955 90
1746727361781 2.481945514678955 90
1746727370043 2.0191140174865723 100
1746727370046 2.0191140174865723 100
1746727378387 7.214231014251709 110
1746727378393 7.214231014251709 110
1746727386742 3.105297327041626 120
1746727386741 3.105297327041626 120
1746727396765 3.681363582611084 130
1746727396767 3.681363582611084 130
1746727406680 2.7029130458831787 140
1746727406681 2.7029130458831787 140
1746727414910 5.971694469451904 150
1746727414910 5.971694469451904 150
1746727424845 4.284651756286621 160
1746727424846 4.284651756286621 160
1746727433120 12.027831077575684 170
1746727433121 12.027831077575684 170
1746727494841 5.0701904296875 180
1746727494842 5.0701904296875 180
1746727508462 7.474994659423828 190
1746727508463 7.474994659423828 190
1746727518417 4.498600482940674 200
1746727518417 4.498600482940674 200
1746727528511 3.596148729324341 210
1746727528513 3.596148729324341 210
1746727540245 6.568897247314453 220
1746727540257 6.568897247314453 220
1746727548856 4.39856481552124 230
1746727548857 4.39856481552124 230
1746727557291 3.1907830238342285 240
1746727557292 3.1907830238342285 240
1746727565872 3.502340316772461 250
1746727565873 3.502340316772461 250
1746727576140 2.2877776622772217 260
1746727576141 2.2877776622772217 260
1746727586326 2.2039616107940674 270
1746727586327 2.2039616107940674 270
1746727594921 2.4370720386505127 280
1746727594922 2.4370720386505127 280
1746727604574 2.1362550258636475 290
1746727604582 2.1362550258636475 290
1746727615328 2.6251025199890137 300
1746727615329 2.6251025199890137 300
1746727623927 3.965827703475952 310
1746727623928 3.965827703475952 310
1746727632624 2.2630481719970703 320
1746727632624 2.2630481719970703 320
1746727641543 2.4470577239990234 330
1746727641544 2.4470577239990234 330
1746727653589 2.335892677307129 340
1746727653590 2.335892677307129 340
1746727662611 6.174949645996094 350
1746727662612 6.174949645996094 350
1746727722410 2.1872808933258057 360
1746727722411 2.1872808933258057 360
1746727731138 5.626414775848389 370
1746727731139 5.626414775848389 370
1746727739917 8.237985610961914 380
1746727739918 8.237985610961914 380
1746727750048 11.548011779785156 390
1746727750049 11.548011779785156 390
1746727758603 7.092592239379883 400
1746727758604 7.092592239379883 400
1746727767109 2.2649576663970947 410
1746727767109 2.2649576663970947 410
1746727777449 2.5168309211730957 420
1746727777450 2.5168309211730957 420
1746727787711 9.669517517089844 430
1746727787716 9.669517517089844 430
1746727796319 14.311042785644531 440
1746727796319 14.311042785644531 440
1746727805082 8.319130897521973 450
1746727805085 8.319130897521973 450
1746727815550 2.251438617706299 460
1746727815542 2.251438617706299 460
1746727824254 2.358889102935791 470
1746727824255 2.358889102935791 470
1746727833014 1.9180617332458496 480
1746727833014 1.9180617332458496 480
1746727843323 6.6949567794799805 490
1746727843324 6.6949567794799805 490
1746727852176 9.86913013458252 500
1746727852177 9.86913013458252 500
1746727860779 5.94802188873291 510
1746727860780 5.94802188873291 510
1746727869321 7.27301025390625 520
1746727869322 7.27301025390625 520
1746727877896 6.296055793762207 530
1746727877896 6.296055793762207 530
