1746727279305 4.906367041198502e-05 10
1746727279306 4.906367041198502e-05 10
1746727289067 4.812734082397004e-05 20
1746727289069 4.812734082397004e-05 20
1746727300404 4.719101123595506e-05 30
1746727300404 4.719101123595506e-05 30
1746727308840 4.625468164794008e-05 40
1746727308841 4.625468164794008e-05 40
1746727321857 4.531835205992509e-05 50
1746727321856 4.531835205992509e-05 50
1746727331700 4.438202247191011e-05 60
1746727331700 4.438202247191011e-05 60
1746727343143 4.344569288389513e-05 70
1746727343144 4.344569288389513e-05 70
1746727351863 4.250936329588015e-05 80
1746727351864 4.250936329588015e-05 80
1746727361780 4.157303370786517e-05 90
1746727361781 4.157303370786517e-05 90
1746727370043 4.063670411985019e-05 100
1746727370046 4.063670411985019e-05 100
1746727378387 3.970037453183521e-05 110
1746727378393 3.970037453183521e-05 110
1746727386742 3.876404494382023e-05 120
1746727386741 3.876404494382023e-05 120
1746727396767 3.782771535580524e-05 130
1746727396765 3.782771535580524e-05 130
1746727406680 3.689138576779027e-05 140
1746727406681 3.689138576779027e-05 140
1746727414910 3.595505617977528e-05 150
1746727414910 3.595505617977528e-05 150
1746727424845 3.5018726591760305e-05 160
1746727424846 3.5018726591760305e-05 160
1746727433120 3.408239700374532e-05 170
1746727433121 3.408239700374532e-05 170
1746727494841 3.314606741573034e-05 180
1746727494842 3.314606741573034e-05 180
1746727508462 3.220973782771536e-05 190
1746727508463 3.220973782771536e-05 190
1746727518417 3.1273408239700376e-05 200
1746727518417 3.1273408239700376e-05 200
1746727528511 3.0337078651685396e-05 210
1746727528513 3.0337078651685396e-05 210
1746727540245 2.940074906367041e-05 220
1746727540257 2.940074906367041e-05 220
1746727548856 2.846441947565543e-05 230
1746727548857 2.846441947565543e-05 230
1746727557292 2.752808988764045e-05 240
1746727557291 2.752808988764045e-05 240
1746727565872 2.6591760299625466e-05 250
1746727565873 2.6591760299625466e-05 250
1746727576140 2.565543071161049e-05 260
1746727576141 2.565543071161049e-05 260
1746727586326 2.4719101123595505e-05 270
1746727586327 2.4719101123595505e-05 270
1746727594921 2.3782771535580524e-05 280
1746727594922 2.3782771535580524e-05 280
1746727604574 2.2846441947565544e-05 290
1746727604582 2.2846441947565544e-05 290
1746727615328 2.1910112359550563e-05 300
1746727615329 2.1910112359550563e-05 300
1746727623927 2.0973782771535582e-05 310
1746727623928 2.0973782771535582e-05 310
1746727632624 2.00374531835206e-05 320
1746727632624 2.00374531835206e-05 320
1746727641543 1.9101123595505618e-05 330
1746727641544 1.9101123595505618e-05 330
1746727653589 1.8164794007490637e-05 340
1746727653590 1.8164794007490637e-05 340
1746727662611 1.7228464419475657e-05 350
1746727662612 1.7228464419475657e-05 350
1746727722410 1.6292134831460676e-05 360
1746727722411 1.6292134831460676e-05 360
1746727731138 1.5355805243445692e-05 370
1746727731139 1.5355805243445692e-05 370
1746727739917 1.4419475655430711e-05 380
1746727739918 1.4419475655430711e-05 380
1746727750048 1.348314606741573e-05 390
1746727750049 1.348314606741573e-05 390
1746727758603 1.254681647940075e-05 400
1746727758604 1.254681647940075e-05 400
1746727767109 1.161048689138577e-05 410
1746727767109 1.161048689138577e-05 410
1746727777449 1.0674157303370787e-05 420
1746727777450 1.0674157303370787e-05 420
1746727787711 9.737827715355806e-06 430
1746727787716 9.737827715355806e-06 430
1746727796319 8.801498127340826e-06 440
1746727796319 8.801498127340826e-06 440
1746727805082 7.865168539325843e-06 450
1746727805085 7.865168539325843e-06 450
1746727815550 6.928838951310862e-06 460
1746727815542 6.928838951310862e-06 460
1746727824254 5.9925093632958805e-06 470
1746727824255 5.9925093632958805e-06 470
1746727833014 5.056179775280899e-06 480
1746727833014 5.056179775280899e-06 480
1746727843323 4.1198501872659175e-06 490
1746727843324 4.1198501872659175e-06 490
1746727852176 3.1835205992509364e-06 500
1746727852177 3.1835205992509364e-06 500
1746727860779 2.247191011235955e-06 510
1746727860780 2.247191011235955e-06 510
1746727869321 1.310861423220974e-06 520
1746727869322 1.310861423220974e-06 520
1746727877896 3.7453183520599253e-07 530
1746727877896 3.7453183520599253e-07 530
