1746727279305 0.6764 10
1746727279306 0.6764 10
1746727289067 0.634 20
1746727289069 0.634 20
1746727300404 0.6491 30
1746727300404 0.6491 30
1746727308840 0.6705 40
1746727308841 0.6705 40
1746727321857 0.6451 50
1746727321856 0.6451 50
1746727331700 0.6635 60
1746727331700 0.6635 60
1746727343143 0.6938 70
1746727343144 0.6938 70
1746727351863 0.6473 80
1746727351864 0.6473 80
1746727361780 0.5503 90
1746727361781 0.5503 90
1746727370043 0.6553 100
1746727370046 0.6553 100
1746727378393 0.6807 110
1746727386741 0.6209 120
1746727386742 0.6209 120
1746727396765 0.6722 130
1746727396767 0.6722 130
1746727406680 0.6113 140
1746727406681 0.6113 140
1746727414910 0.6272 150
1746727414910 0.6272 150
1746727424845 0.5624 160
1746727424846 0.5624 160
1746727433120 0.6444 170
1746727433121 0.6444 170
1746727494841 0.7279 180
1746727494842 0.7279 180
1746727508462 0.6343 190
1746727508463 0.6343 190
1746727518417 0.6763 200
1746727518417 0.6763 200
1746727528511 0.6824 210
1746727528513 0.6824 210
1746727540245 0.6021 220
1746727540257 0.6021 220
1746727548856 0.5733 230
1746727548857 0.5733 230
1746727557291 0.5929 240
1746727557292 0.5929 240
1746727565872 0.6647 250
1746727565873 0.6647 250
1746727576140 0.6756 260
1746727576141 0.6756 260
1746727586326 0.6944 270
1746727586327 0.6944 270
1746727594921 0.6855 280
1746727594922 0.6855 280
1746727604574 0.6406 290
1746727604582 0.6406 290
1746727615328 0.6486 300
1746727615329 0.6486 300
1746727623927 0.6121 310
1746727623928 0.6121 310
1746727632624 0.6267 320
1746727632624 0.6267 320
1746727641543 0.5948 330
1746727641544 0.5948 330
1746727653589 0.6644 340
1746727653590 0.6644 340
1746727662611 0.5869 350
1746727662612 0.5869 350
1746727722410 0.5945 360
1746727722411 0.5945 360
1746727731138 0.5807 370
1746727731139 0.5807 370
1746727739917 0.6624 380
1746727739918 0.6624 380
1746727750048 0.7164 390
1746727750049 0.7164 390
1746727758603 0.6691 400
1746727758604 0.6691 400
1746727767109 0.6111 410
1746727767109 0.6111 410
1746727777449 0.6712 420
1746727777450 0.6712 420
1746727787711 0.6024 430
1746727787716 0.6024 430
1746727796319 0.6796 440
1746727796319 0.6796 440
1746727805082 0.6476 450
1746727805085 0.6476 450
1746727815550 0.6436 460
1746727815542 0.6436 460
1746727824254 0.6564 470
1746727824255 0.6564 470
1746727833014 0.6013 480
1746727833014 0.6013 480
1746727843323 0.6191 490
1746727843324 0.6191 490
1746727852176 0.6424 500
1746727852177 0.6424 500
1746727860779 0.5979 510
1746727860780 0.5979 510
1746727869321 0.6431 520
1746727869322 0.6431 520
1746727877896 0.6425 530
1746727877896 0.6425 530
