1747351449269 1.0 5
1747351449270 1.0 5
1747351455589 2.0 10
1747351455590 2.0 10
1747351455734 2.0 10
1747351455734 2.0 10
1747351460956 3.0 15
1747351460957 3.0 15
1747351464306 4.0 20
1747351464307 4.0 20
1747351464428 4.0 20
1747351464428 4.0 20
1747351468113 5.0 25
1747351468112 5.0 25
1747351475136 6.0 30
1747351475137 6.0 30
1747351475251 6.0 30
1747351475251 6.0 30
1747351480922 7.0 35
1747351480923 7.0 35
1747351484926 8.0 40
1747351484927 8.0 40
1747351485055 8.0 40
1747351485056 8.0 40
1747351488980 9.0 45
1747351488979 9.0 45
1747351494092 10.0 50
1747351494093 10.0 50
1747351494208 10.0 50
1747351494208 10.0 50
1747351496230 10.0 50
1747351496230 10.0 50
