1747390527038 0.11235955056179775 10
1747390527038 0.11235955056179775 10
1747390531786 0.2247191011235955 20
1747390531803 0.2247191011235955 20
1747390535991 0.33707865168539325 30
1747390535991 0.33707865168539325 30
1747390539763 0.449438202247191 40
1747390539763 0.449438202247191 40
1747390543619 0.5617977528089888 50
1747390543619 0.5617977528089888 50
1747390548435 0.6741573033707865 60
1747390548450 0.6741573033707865 60
1747390552637 0.7865168539325843 70
1747390552637 0.7865168539325843 70
1747390556329 0.898876404494382 80
1747390556329 0.898876404494382 80
1747390561799 1.0 89
1747390561799 1.0 89
1747390563023 1.0112359550561798 90
1747390563023 1.0112359550561798 90
1747390566715 1.1235955056179776 100
1747390566715 1.1235955056179776 100
1747390570419 1.2359550561797752 110
1747390570419 1.2359550561797752 110
1747390575817 1.348314606741573 120
1747390575817 1.348314606741573 120
1747390581127 1.4606741573033708 130
1747390581142 1.4606741573033708 130
1747390584837 1.5730337078651684 140
1747390584837 1.5730337078651684 140
1747390588638 1.6853932584269664 150
1747390588638 1.6853932584269664 150
1747390592424 1.797752808988764 160
1747390592424 1.797752808988764 160
1747390596182 1.9101123595505618 170
1747390596182 1.9101123595505618 170
1747390601395 2.0 178
1747390601395 2.0 178
1747390603232 2.0224719101123596 180
1747390603232 2.0224719101123596 180
1747390606995 2.134831460674157 190
1747390606995 2.134831460674157 190
1747390610734 2.247191011235955 200
1747390610734 2.247191011235955 200
1747390614487 2.359550561797753 210
1747390614487 2.359550561797753 210
1747390618240 2.4719101123595504 220
1747390618240 2.4719101123595504 220
1747390623644 2.5842696629213484 230
1747390623644 2.5842696629213484 230
1747390629151 2.696629213483146 240
1747390629151 2.696629213483146 240
1747390633017 2.808988764044944 250
1747390633017 2.808988764044944 250
1747390636792 2.9213483146067416 260
1747390636792 2.9213483146067416 260
1747390641674 3.0 267
1747390641672 3.0 267
1747390644202 3.033707865168539 270
1747390644202 3.033707865168539 270
1747390647955 3.146067415730337 280
1747390647955 3.146067415730337 280
1747390654975 3.258426966292135 290
1747390654977 3.258426966292135 290
1747390658721 3.370786516853933 300
1747390658721 3.370786516853933 300
1747390664126 3.4831460674157304 310
1747390664126 3.4831460674157304 310
1747390667896 3.595505617977528 320
1747390667896 3.595505617977528 320
1747390673347 3.7078651685393256 330
1747390673347 3.7078651685393256 330
1747390677158 3.8202247191011236 340
1747390677158 3.8202247191011236 340
1747390680996 3.932584269662921 350
1747390680996 3.932584269662921 350
1747390687768 4.0 356
1747390687768 4.0 356
1747390689737 4.0 356
1747390689737 4.0 356
