1747390527038 1.2097234725952148 10
1747390527038 1.2097234725952148 10
1747390531786 1.9154796600341797 20
1747390531803 1.9154796600341797 20
1747390535991 2.5910983085632324 30
1747390535991 2.5910983085632324 30
1747390539763 3.5996241569519043 40
1747390539763 3.5996241569519043 40
1747390543619 6.689441680908203 50
1747390543619 6.689441680908203 50
1747390548435 6.55417537689209 60
1747390548450 6.55417537689209 60
1747390552637 5.0927863121032715 70
1747390552637 5.0927863121032715 70
1747390556329 3.42525577545166 80
1747390556329 3.42525577545166 80
1747390563023 2.44335675239563 90
1747390563023 2.44335675239563 90
1747390566715 5.106932163238525 100
1747390566715 5.106932163238525 100
1747390570419 2.4635181427001953 110
1747390570419 2.4635181427001953 110
1747390575817 4.332252502441406 120
1747390575817 4.332252502441406 120
1747390581127 6.286231994628906 130
1747390581142 6.286231994628906 130
1747390584837 4.042250156402588 140
1747390584837 4.042250156402588 140
1747390588638 0.4430469870567322 150
1747390588638 0.4430469870567322 150
1747390592424 2.611438751220703 160
1747390592424 2.611438751220703 160
1747390596182 1.6160088777542114 170
1747390596182 1.6160088777542114 170
1747390603232 0.29211050271987915 180
1747390603232 0.29211050271987915 180
1747390606995 0.17689338326454163 190
1747390606995 0.17689338326454163 190
1747390610734 8.643397331237793 200
1747390610734 8.643397331237793 200
1747390614487 11.007704734802246 210
1747390614487 11.007704734802246 210
1747390618240 1.178057312965393 220
1747390618240 1.178057312965393 220
1747390623644 14.953495025634766 230
1747390623644 14.953495025634766 230
1747390629151 12.182854652404785 240
1747390629151 12.182854652404785 240
1747390633017 22.365568161010742 250
1747390633017 22.365568161010742 250
1747390636792 4.964158535003662 260
1747390636792 4.964158535003662 260
1747390644202 0.08037930727005005 270
1747390644202 0.08037930727005005 270
1747390647955 0.07224143296480179 280
1747390647955 0.07224143296480179 280
1747390654975 0.022315043956041336 290
1747390654977 0.022315043956041336 290
1747390658721 0.019799914211034775 300
1747390658721 0.019799914211034775 300
1747390664126 0.015557598322629929 310
1747390664126 0.015557598322629929 310
1747390667896 12.885588645935059 320
1747390667896 12.885588645935059 320
1747390673347 0.45806649327278137 330
1747390673347 0.45806649327278137 330
1747390677158 0.05547284334897995 340
1747390677158 0.05547284334897995 340
1747390680996 0.031575072556734085 350
1747390680996 0.031575072556734085 350
