1747390527038 4.943820224719101e-05 10
1747390527038 4.943820224719101e-05 10
1747390531786 4.8876404494382024e-05 20
1747390531803 4.8876404494382024e-05 20
1747390535991 4.831460674157304e-05 30
1747390535991 4.831460674157304e-05 30
1747390539763 4.7752808988764046e-05 40
1747390539763 4.7752808988764046e-05 40
1747390543619 4.719101123595506e-05 50
1747390543619 4.719101123595506e-05 50
1747390548435 4.662921348314607e-05 60
1747390548450 4.662921348314607e-05 60
1747390552637 4.606741573033708e-05 70
1747390552637 4.606741573033708e-05 70
1747390556329 4.550561797752809e-05 80
1747390556329 4.550561797752809e-05 80
1747390563023 4.4943820224719104e-05 90
1747390563023 4.4943820224719104e-05 90
1747390566715 4.438202247191011e-05 100
1747390566715 4.438202247191011e-05 100
1747390570419 4.3820224719101126e-05 110
1747390570419 4.3820224719101126e-05 110
1747390575817 4.3258426966292134e-05 120
1747390575817 4.3258426966292134e-05 120
1747390581127 4.269662921348315e-05 130
1747390581142 4.269662921348315e-05 130
1747390584837 4.2134831460674156e-05 140
1747390584837 4.2134831460674156e-05 140
1747390588638 4.157303370786517e-05 150
1747390588638 4.157303370786517e-05 150
1747390592424 4.1011235955056184e-05 160
1747390592424 4.1011235955056184e-05 160
1747390596182 4.044943820224719e-05 170
1747390596182 4.044943820224719e-05 170
1747390603232 3.98876404494382e-05 180
1747390603232 3.98876404494382e-05 180
1747390606995 3.9325842696629214e-05 190
1747390606995 3.9325842696629214e-05 190
1747390610734 3.876404494382023e-05 200
1747390610734 3.876404494382023e-05 200
1747390614487 3.8202247191011236e-05 210
1747390614487 3.8202247191011236e-05 210
1747390618240 3.764044943820225e-05 220
1747390618240 3.764044943820225e-05 220
1747390623644 3.7078651685393264e-05 230
1747390623644 3.7078651685393264e-05 230
1747390629151 3.651685393258427e-05 240
1747390629151 3.651685393258427e-05 240
1747390633017 3.595505617977528e-05 250
1747390633017 3.595505617977528e-05 250
1747390636792 3.5393258426966294e-05 260
1747390636792 3.5393258426966294e-05 260
1747390644202 3.483146067415731e-05 270
1747390644202 3.483146067415731e-05 270
1747390647955 3.4269662921348316e-05 280
1747390647955 3.4269662921348316e-05 280
1747390654975 3.370786516853933e-05 290
1747390654977 3.370786516853933e-05 290
1747390658721 3.314606741573034e-05 300
1747390658721 3.314606741573034e-05 300
1747390664126 3.258426966292135e-05 310
1747390664126 3.258426966292135e-05 310
1747390667896 3.202247191011236e-05 320
1747390667896 3.202247191011236e-05 320
1747390673347 3.1460674157303374e-05 330
1747390673347 3.1460674157303374e-05 330
1747390677158 3.089887640449438e-05 340
1747390677158 3.089887640449438e-05 340
1747390680996 3.0337078651685396e-05 350
1747390680996 3.0337078651685396e-05 350
