1747390527038 0.6607 10
1747390527038 0.6607 10
1747390531786 0.5629 20
1747390531803 0.5629 20
1747390535991 0.57 30
1747390535991 0.57 30
1747390539763 0.4793 40
1747390539763 0.4793 40
1747390543619 0.445 50
1747390543619 0.445 50
1747390548435 0.4117 60
1747390548450 0.4117 60
1747390552637 0.4148 70
1747390552637 0.4148 70
1747390556329 0.2999 80
1747390556329 0.2999 80
1747390563023 0.282 90
1747390563023 0.282 90
1747390566715 0.181 100
1747390566715 0.181 100
1747390570419 0.205 110
1747390570419 0.205 110
1747390575817 0.2885 120
1747390575817 0.2885 120
1747390581127 0.2723 130
1747390581142 0.2723 130
1747390584837 0.2916 140
1747390584837 0.2916 140
1747390588638 0.1325 150
1747390588638 0.1325 150
1747390592424 0.1652 160
1747390592424 0.1652 160
1747390596182 0.235 170
1747390596182 0.235 170
1747390603232 0.1677 180
1747390603232 0.1677 180
1747390606995 0.0771 190
1747390606995 0.0771 190
1747390610734 0.0976 200
1747390610734 0.0976 200
1747390614487 0.0688 210
1747390614487 0.0688 210
1747390618240 0.1077 220
1747390618240 0.1077 220
1747390623644 0.078 230
1747390623644 0.078 230
1747390629151 0.1018 240
1747390629151 0.1018 240
1747390633017 0.0857 250
1747390633017 0.0857 250
1747390636792 0.0891 260
1747390636792 0.0891 260
1747390644202 0.0869 270
1747390644202 0.0869 270
1747390647955 0.0033 280
1747390647955 0.0033 280
1747390654975 0.003 290
1747390654977 0.003 290
1747390658721 0.0212 300
1747390658721 0.0212 300
1747390664126 0.0595 310
1747390664126 0.0595 310
1747390667896 0.013 320
1747390667896 0.013 320
1747390673347 0.048 330
1747390673347 0.048 330
1747390677158 0.003 340
1747390677158 0.003 340
1747390680996 0.0267 350
1747390680996 0.0267 350
