1747423785120 0.22727272727272727 10
1747423785119 0.22727272727272727 10
1747423789369 0.45454545454545453 20
1747423789370 0.45454545454545453 20
1747423793656 0.6818181818181818 30
1747423793657 0.6818181818181818 30
1747423797929 0.9090909090909091 40
1747423797929 0.9090909090909091 40
1747423800659 1.0 44
1747423800660 1.0 44
1747423805807 1.1363636363636362 50
1747423805809 1.1363636363636362 50
1747423810139 1.3636363636363638 60
1747423810138 1.3636363636363638 60
1747423814447 1.5909090909090908 70
1747423814448 1.5909090909090908 70
1747423818750 1.8181818181818183 80
1747423818750 1.8181818181818183 80
1747423823331 2.0 88
1747423823332 2.0 88
1747423826632 2.0454545454545454 90
1747423826633 2.0454545454545454 90
1747423830985 2.2727272727272725 100
1747423830986 2.2727272727272725 100
1747423835325 2.5 110
1747423835326 2.5 110
1747423839727 2.7272727272727275 120
1747423839728 2.7272727272727275 120
1747423844058 2.9545454545454546 130
1747423844058 2.9545454545454546 130
1747423845925 3.0 132
1747423845926 3.0 132
1747423852000 3.1818181818181817 140
1747423852001 3.1818181818181817 140
1747423856464 3.409090909090909 150
1747423856464 3.409090909090909 150
1747423860820 3.6363636363636362 160
1747423860821 3.6363636363636362 160
1747423865297 3.8636363636363638 170
1747423865298 3.8636363636363638 170
1747423868949 4.0 176
1747423868949 4.0 176
1747423875036 4.090909090909091 180
1747423875036 4.090909090909091 180
1747423879501 4.318181818181818 190
1747423879501 4.318181818181818 190
1747423883906 4.545454545454545 200
1747423883907 4.545454545454545 200
1747423888289 4.7727272727272725 210
1747423888290 4.7727272727272725 210
1747423892483 5.0 220
1747423892485 5.0 220
1747423893745 5.0 220
1747423893746 5.0 220
1747423900818 5.2272727272727275 230
1747423900818 5.2272727272727275 230
1747423906851 5.454545454545454 240
1747423906851 5.454545454545454 240
1747423911286 5.681818181818182 250
1747423911287 5.681818181818182 250
1747423915549 5.909090909090909 260
1747423915550 5.909090909090909 260
1747423918287 6.0 264
1747423918287 6.0 264
1747423920823 6.0 264
1747423920824 6.0 264
