1747423785119 19.066030502319336 10
1747423785120 19.066030502319336 10
1747423789369 16.93073272705078 20
1747423789370 16.93073272705078 20
1747423793656 18.977392196655273 30
1747423793657 18.977392196655273 30
1747423797929 8.132793426513672 40
1747423797929 8.132793426513672 40
1747423805807 22.36576271057129 50
1747423805809 22.36576271057129 50
1747423810139 14.97941780090332 60
1747423810138 14.97941780090332 60
1747423814447 27.73703384399414 70
1747423814448 27.73703384399414 70
1747423818750 20.653635025024414 80
1747423818750 20.653635025024414 80
1747423826632 9.428955078125 90
1747423826633 9.428955078125 90
1747423830985 15.29030990600586 100
1747423830986 15.29030990600586 100
1747423835325 27.04267692565918 110
1747423835326 27.04267692565918 110
1747423839727 29.107614517211914 120
1747423839728 29.107614517211914 120
1747423844058 14.209824562072754 130
1747423844058 14.209824562072754 130
1747423852000 25.51538848876953 140
1747423852001 25.51538848876953 140
1747423856464 4.093011856079102 150
1747423856464 4.093011856079102 150
1747423860820 9.0254487991333 160
1747423860821 9.0254487991333 160
1747423865297 13.83346176147461 170
1747423865298 13.83346176147461 170
1747423875036 1.4802809953689575 180
1747423875036 1.4802809953689575 180
1747423879501 19.17308807373047 190
1747423879501 19.17308807373047 190
1747423883906 4.051887035369873 200
1747423883907 4.051887035369873 200
1747423888289 18.166589736938477 210
1747423888290 18.166589736938477 210
1747423892483 3.9540045261383057 220
1747423892485 3.9540045261383057 220
1747423900818 0.7177789807319641 230
1747423900818 0.7177789807319641 230
1747423906851 4.735708236694336 240
1747423906851 4.735708236694336 240
1747423911286 0.8369300961494446 250
1747423911287 0.8369300961494446 250
1747423915549 0.8206757307052612 260
1747423915550 0.8206757307052612 260
