1747423785120 4.886363636363637e-05 10
1747423785119 4.886363636363637e-05 10
1747423789369 4.772727272727273e-05 20
1747423789370 4.772727272727273e-05 20
1747423793656 4.659090909090909e-05 30
1747423793657 4.659090909090909e-05 30
1747423797929 4.545454545454546e-05 40
1747423797929 4.545454545454546e-05 40
1747423805807 4.431818181818182e-05 50
1747423805809 4.431818181818182e-05 50
1747423810139 4.318181818181819e-05 60
1747423810138 4.318181818181819e-05 60
1747423814447 4.204545454545455e-05 70
1747423814448 4.204545454545455e-05 70
1747423818750 4.0909090909090915e-05 80
1747423818750 4.0909090909090915e-05 80
1747423826632 3.9772727272727275e-05 90
1747423826633 3.9772727272727275e-05 90
1747423830985 3.8636363636363636e-05 100
1747423830986 3.8636363636363636e-05 100
1747423835325 3.7500000000000003e-05 110
1747423835326 3.7500000000000003e-05 110
1747423839727 3.6363636363636364e-05 120
1747423839728 3.6363636363636364e-05 120
1747423844058 3.522727272727273e-05 130
1747423844058 3.522727272727273e-05 130
1747423852000 3.409090909090909e-05 140
1747423852001 3.409090909090909e-05 140
1747423856464 3.295454545454545e-05 150
1747423856464 3.295454545454545e-05 150
1747423860820 3.181818181818182e-05 160
1747423860821 3.181818181818182e-05 160
1747423865297 3.068181818181818e-05 170
1747423865298 3.068181818181818e-05 170
1747423875036 2.954545454545455e-05 180
1747423875036 2.954545454545455e-05 180
1747423879501 2.8409090909090912e-05 190
1747423879501 2.8409090909090912e-05 190
1747423883906 2.7272727272727273e-05 200
1747423883907 2.7272727272727273e-05 200
1747423888289 2.6136363636363637e-05 210
1747423888290 2.6136363636363637e-05 210
1747423892483 2.5e-05 220
1747423892485 2.5e-05 220
1747423900818 2.3863636363636365e-05 230
1747423900818 2.3863636363636365e-05 230
1747423906851 2.272727272727273e-05 240
1747423906851 2.272727272727273e-05 240
1747423911286 2.1590909090909093e-05 250
1747423911287 2.1590909090909093e-05 250
1747423915549 2.0454545454545457e-05 260
1747423915550 2.0454545454545457e-05 260
