1747423785119 0.8051 10
1747423785120 0.8051 10
1747423789369 0.668 20
1747423789370 0.668 20
1747423793656 0.7194 30
1747423793657 0.7194 30
1747423797929 0.6815 40
1747423797929 0.6815 40
1747423805807 0.6115 50
1747423805809 0.6115 50
1747423810138 0.6035 60
1747423814447 0.6061 70
1747423814448 0.6061 70
1747423818750 0.5294 80
1747423818750 0.5294 80
1747423826632 0.4682 90
1747423826633 0.4682 90
1747423830985 0.4025 100
1747423830986 0.4025 100
1747423835325 0.3757 110
1747423835326 0.3757 110
1747423839727 0.3914 120
1747423839728 0.3914 120
1747423844058 0.3596 130
1747423844058 0.3596 130
1747423852000 0.3381 140
1747423852001 0.3381 140
1747423856464 0.284 150
1747423856464 0.284 150
1747423860820 0.2283 160
1747423860821 0.2283 160
1747423865297 0.2432 170
1747423865298 0.2432 170
1747423875036 0.2227 180
1747423875036 0.2227 180
1747423879501 0.2251 190
1747423879501 0.2251 190
1747423883906 0.1055 200
1747423883907 0.1055 200
1747423888289 0.1134 210
1747423888290 0.1134 210
1747423892483 0.1091 220
1747423892485 0.1091 220
1747423900818 0.0872 230
1747423900818 0.0872 230
1747423906851 0.0481 240
1747423906851 0.0481 240
1747423911286 0.0876 250
1747423911287 0.0876 250
1747423915549 0.1829 260
1747423915550 0.1829 260
