1747419982357 0.0228310502283105 10
1747419982354 0.0228310502283105 10
1747419987654 0.045662100456621 20
1747419987654 0.045662100456621 20
1747419991867 0.0684931506849315 30
1747419991867 0.0684931506849315 30
1747419996180 0.091324200913242 40
1747419996179 0.091324200913242 40
1747420000445 0.1141552511415525 50
1747420000445 0.1141552511415525 50
1747420006385 0.136986301369863 60
1747420006385 0.136986301369863 60
1747420010657 0.1598173515981735 70
1747420010657 0.1598173515981735 70
1747420015002 0.182648401826484 80
1747420015002 0.182648401826484 80
1747420019499 0.2054794520547945 90
1747420019500 0.2054794520547945 90
1747420023917 0.228310502283105 100
1747420023916 0.228310502283105 100
1747420028258 0.2511415525114155 110
1747420028258 0.2511415525114155 110
1747420032641 0.273972602739726 120
1747420032642 0.273972602739726 120
1747420036995 0.2968036529680365 130
1747420036996 0.2968036529680365 130
1747420041359 0.319634703196347 140
1747420041359 0.319634703196347 140
1747420045688 0.3424657534246575 150
1747420045689 0.3424657534246575 150
1747420049988 0.365296803652968 160
1747420049988 0.365296803652968 160
1747420054403 0.3881278538812785 170
1747420054403 0.3881278538812785 170
1747420058703 0.410958904109589 180
1747420058703 0.410958904109589 180
1747420063024 0.4337899543378995 190
1747420063025 0.4337899543378995 190
1747420067371 0.45662100456621 200
1747420067371 0.45662100456621 200
1747420071771 0.4794520547945205 210
1747420071771 0.4794520547945205 210
1747420076121 0.502283105022831 220
1747420076121 0.502283105022831 220
1747420080539 0.5251141552511416 230
1747420080539 0.5251141552511416 230
1747420084939 0.547945205479452 240
1747420089294 0.5707762557077626 250
1747420089295 0.5707762557077626 250
1747420093622 0.593607305936073 260
1747420093622 0.593607305936073 260
1747420098011 0.6164383561643836 270
1747420098012 0.6164383561643836 270
1747420102368 0.639269406392694 280
1747420102369 0.639269406392694 280
1747420106723 0.6621004566210046 290
1747420106723 0.6621004566210046 290
1747420111142 0.684931506849315 300
1747420111142 0.684931506849315 300
1747420115557 0.7077625570776256 310
1747420115557 0.7077625570776256 310
1747420119990 0.730593607305936 320
1747420119990 0.730593607305936 320
1747420124419 0.7534246575342466 330
1747420124420 0.7534246575342466 330
1747420128740 0.776255707762557 340
1747420128741 0.776255707762557 340
1747420133041 0.7990867579908676 350
1747420133041 0.7990867579908676 350
1747420137341 0.821917808219178 360
1747420137341 0.821917808219178 360
1747420141641 0.8447488584474886 370
1747420141642 0.8447488584474886 370
1747420145945 0.867579908675799 380
1747420145947 0.867579908675799 380
1747420151892 0.8904109589041096 390
1747420151892 0.8904109589041096 390
1747420156176 0.91324200913242 400
1747420156191 0.91324200913242 400
1747420160476 0.9360730593607306 410
1747420160476 0.9360730593607306 410
1747420164773 0.958904109589041 420
1747420164774 0.958904109589041 420
1747420169065 0.9817351598173516 430
1747420169065 0.9817351598173516 430
1747420184485 1.0 438
1747420184485 1.0 438
1747420187259 1.004566210045662 440
1747420187259 1.004566210045662 440
1747420191559 1.0273972602739727 450
1747420191560 1.0273972602739727 450
1747420195878 1.0502283105022832 460
1747420195878 1.0502283105022832 460
1747420200200 1.0730593607305936 470
1747420200200 1.0730593607305936 470
1747420204495 1.095890410958904 480
1747420204495 1.095890410958904 480
1747420208795 1.1187214611872145 490
1747420208795 1.1187214611872145 490
1747420213118 1.1415525114155252 500
1747420213120 1.1415525114155252 500
1747420217546 1.1643835616438356 510
1747420217546 1.1643835616438356 510
1747420221945 1.187214611872146 520
1747420221945 1.187214611872146 520
1747420226340 1.2100456621004567 530
1747420226341 1.2100456621004567 530
1747420230746 1.2328767123287672 540
1747420230746 1.2328767123287672 540
1747420235137 1.2557077625570776 550
1747420235138 1.2557077625570776 550
1747420239495 1.278538812785388 560
1747420239496 1.278538812785388 560
1747420243894 1.3013698630136985 570
1747420243896 1.3013698630136985 570
1747420248356 1.3242009132420092 580
1747420248357 1.3242009132420092 580
1747420252766 1.3470319634703196 590
1747420252767 1.3470319634703196 590
1747420257157 1.36986301369863 600
1747420257158 1.36986301369863 600
1747420261599 1.3926940639269407 610
1747420261599 1.3926940639269407 610
1747420265915 1.4155251141552512 620
1747420265915 1.4155251141552512 620
1747420270282 1.4383561643835616 630
1747420270282 1.4383561643835616 630
1747420274698 1.461187214611872 640
1747420274698 1.461187214611872 640
1747420279080 1.4840182648401825 650
1747420279081 1.4840182648401825 650
1747420283514 1.5068493150684932 660
1747420283516 1.5068493150684932 660
1747420288052 1.5296803652968036 670
1747420288053 1.5296803652968036 670
1747420292494 1.5525114155251143 680
1747420292495 1.5525114155251143 680
1747420296946 1.5753424657534247 690
1747420296947 1.5753424657534247 690
1747420301386 1.5981735159817352 700
1747420301387 1.5981735159817352 700
1747420305875 1.6210045662100456 710
1747420305876 1.6210045662100456 710
1747420310331 1.643835616438356 720
1747420310332 1.643835616438356 720
1747420314767 1.6666666666666665 730
1747420314768 1.6666666666666665 730
1747420319214 1.6894977168949772 740
1747420319215 1.6894977168949772 740
1747420323644 1.7123287671232876 750
1747420323645 1.7123287671232876 750
1747420328091 1.7351598173515983 760
1747420328092 1.7351598173515983 760
1747420332510 1.7579908675799087 770
1747420332511 1.7579908675799087 770
1747420336960 1.7808219178082192 780
1747420336961 1.7808219178082192 780
1747420341401 1.8036529680365296 790
1747420341402 1.8036529680365296 790
1747420347537 1.82648401826484 800
1747420347537 1.82648401826484 800
1747420351972 1.8493150684931505 810
1747420351973 1.8493150684931505 810
1747420356391 1.8721461187214612 820
1747420356392 1.8721461187214612 820
1747420360829 1.8949771689497716 830
1747420360830 1.8949771689497716 830
1747420365259 1.9178082191780823 840
1747420365259 1.9178082191780823 840
1747420369699 1.9406392694063928 850
1747420369700 1.9406392694063928 850
1747420374141 1.9634703196347032 860
1747420374142 1.9634703196347032 860
1747420378575 1.9863013698630136 870
1747420378576 1.9863013698630136 870
1747420393507 2.0 876
1747420393508 2.0 876
1747420397559 2.009132420091324 880
1747420397560 2.009132420091324 880
1747420403659 2.0319634703196345 890
1747420403659 2.0319634703196345 890
1747420408090 2.0547945205479454 900
1747420408091 2.0547945205479454 900
1747420412503 2.077625570776256 910
1747420412503 2.077625570776256 910
1747420416891 2.1004566210045663 920
1747420416892 2.1004566210045663 920
1747420421281 2.1232876712328768 930
1747420421282 2.1232876712328768 930
1747420425745 2.146118721461187 940
1747420425746 2.146118721461187 940
1747420430163 2.1689497716894977 950
1747420430164 2.1689497716894977 950
1747420434643 2.191780821917808 960
1747420434644 2.191780821917808 960
1747420439129 2.2146118721461185 970
1747420439129 2.2146118721461185 970
1747420443606 2.237442922374429 980
1747420443607 2.237442922374429 980
1747420449788 2.26027397260274 990
1747420449790 2.26027397260274 990
1747420454209 2.2831050228310503 1000
1747420454209 2.2831050228310503 1000
1747420458613 2.3059360730593608 1010
1747420458614 2.3059360730593608 1010
1747420463068 2.328767123287671 1020
1747420463069 2.328767123287671 1020
1747420467546 2.3515981735159817 1030
1747420467546 2.3515981735159817 1030
1747420471989 2.374429223744292 1040
1747420471989 2.374429223744292 1040
1747420476418 2.3972602739726026 1050
1747420476419 2.3972602739726026 1050
1747420480866 2.4200913242009134 1060
1747420480867 2.4200913242009134 1060
1747420485363 2.442922374429224 1070
1747420485364 2.442922374429224 1070
1747420489918 2.4657534246575343 1080
1747420489919 2.4657534246575343 1080
1747420494459 2.4885844748858448 1090
1747420494460 2.4885844748858448 1090
1747420498952 2.5114155251141552 1100
1747420498952 2.5114155251141552 1100
1747420503441 2.5342465753424657 1110
1747420503443 2.5342465753424657 1110
1747420507969 2.557077625570776 1120
1747420507971 2.557077625570776 1120
1747420512483 2.5799086757990866 1130
1747420512484 2.5799086757990866 1130
1747420516937 2.602739726027397 1140
1747420516937 2.602739726027397 1140
1747420521379 2.625570776255708 1150
1747420521380 2.625570776255708 1150
1747420525784 2.6484018264840183 1160
1747420525784 2.6484018264840183 1160
1747420530343 2.671232876712329 1170
1747420530344 2.671232876712329 1170
1747420534898 2.6940639269406392 1180
1747420534899 2.6940639269406392 1180
1747420539386 2.7168949771689497 1190
1747420539387 2.7168949771689497 1190
1747420543906 2.73972602739726 1200
1747420543907 2.73972602739726 1200
1747420548455 2.762557077625571 1210
1747420548456 2.762557077625571 1210
1747420553006 2.7853881278538815 1220
1747420553006 2.7853881278538815 1220
1747420557635 2.808219178082192 1230
1747420557634 2.808219178082192 1230
1747420562162 2.8310502283105023 1240
1747420562163 2.8310502283105023 1240
1747420566623 2.853881278538813 1250
1747420566624 2.853881278538813 1250
1747420571161 2.8767123287671232 1260
1747420571161 2.8767123287671232 1260
1747420575696 2.8995433789954337 1270
1747420575697 2.8995433789954337 1270
1747420580233 2.922374429223744 1280
1747420580233 2.922374429223744 1280
1747420584778 2.9452054794520546 1290
1747420584779 2.9452054794520546 1290
1747420589320 2.968036529680365 1300
1747420589320 2.968036529680365 1300
1747420593851 2.990867579908676 1310
1747420593852 2.990867579908676 1310
1747420608175 3.0 1314
1747420608176 3.0 1314
1747420613457 3.0136986301369864 1320
1747420613458 3.0136986301369864 1320
1747420617989 3.036529680365297 1330
1747420617990 3.036529680365297 1330
1747420622541 3.0593607305936072 1340
1747420622541 3.0593607305936072 1340
1747420627071 3.0821917808219177 1350
1747420627071 3.0821917808219177 1350
1747420631597 3.105022831050228 1360
1747420631598 3.105022831050228 1360
1747420636093 3.127853881278539 1370
1747420636094 3.127853881278539 1370
1747420640590 3.1506849315068495 1380
1747420640591 3.1506849315068495 1380
1747420645073 3.17351598173516 1390
1747420645074 3.17351598173516 1390
1747420651215 3.1963470319634704 1400
1747420651216 3.1963470319634704 1400
1747420655695 3.219178082191781 1410
1747420655696 3.219178082191781 1410
1747420660277 3.2420091324200913 1420
1747420660278 3.2420091324200913 1420
1747420664779 3.2648401826484017 1430
1747420664780 3.2648401826484017 1430
1747420669333 3.287671232876712 1440
1747420669334 3.287671232876712 1440
1747420673833 3.3105022831050226 1450
1747420673834 3.3105022831050226 1450
1747420678329 3.3333333333333335 1460
1747420678330 3.3333333333333335 1460
1747420682809 3.356164383561644 1470
1747420682810 3.356164383561644 1470
1747420687267 3.3789954337899544 1480
1747420687269 3.3789954337899544 1480
1747420691785 3.401826484018265 1490
1747420691785 3.401826484018265 1490
1747420696129 3.4246575342465753 1500
1747420696129 3.4246575342465753 1500
1747420700508 3.4474885844748857 1510
1747420700507 3.4474885844748857 1510
1747420704922 3.470319634703196 1520
1747420704923 3.470319634703196 1520
1747420709410 3.493150684931507 1530
1747420709410 3.493150684931507 1530
1747420713891 3.5159817351598175 1540
1747420713892 3.5159817351598175 1540
1747420718380 3.538812785388128 1550
1747420718381 3.538812785388128 1550
1747420722948 3.5616438356164384 1560
1747420722949 3.5616438356164384 1560
1747420727490 3.584474885844749 1570
1747420727490 3.584474885844749 1570
1747420731992 3.6073059360730593 1580
1747420731992 3.6073059360730593 1580
1747420736575 3.6301369863013697 1590
1747420736576 3.6301369863013697 1590
1747420741146 3.65296803652968 1600
1747420741147 3.65296803652968 1600
1747420745622 3.6757990867579906 1610
1747420745622 3.6757990867579906 1610
1747420750073 3.6986301369863015 1620
1747420750074 3.6986301369863015 1620
1747420754521 3.721461187214612 1630
1747420754522 3.721461187214612 1630
1747420758982 3.7442922374429224 1640
1747420758983 3.7442922374429224 1640
1747420763581 3.767123287671233 1650
1747420763582 3.767123287671233 1650
1747420768127 3.7899543378995433 1660
1747420768128 3.7899543378995433 1660
1747420772703 3.8127853881278537 1670
1747420772704 3.8127853881278537 1670
1747420777217 3.8356164383561646 1680
1747420777218 3.8356164383561646 1680
1747420781699 3.858447488584475 1690
1747420781698 3.858447488584475 1690
1747420786216 3.8812785388127855 1700
1747420786217 3.8812785388127855 1700
1747420790713 3.904109589041096 1710
1747420790713 3.904109589041096 1710
1747420795233 3.9269406392694064 1720
1747420795234 3.9269406392694064 1720
1747420799692 3.949771689497717 1730
1747420799693 3.949771689497717 1730
1747420804254 3.9726027397260273 1740
1747420804255 3.9726027397260273 1740
1747420808856 3.9954337899543377 1750
1747420808857 3.9954337899543377 1750
1747420822421 4.0 1752
1747420822422 4.0 1752
1747420824640 4.0 1752
1747420824640 4.0 1752
