1747419982357 34.1893424987793 10
1747419982354 34.1893424987793 10
1747419987654 18.456682205200195 20
1747419987654 18.456682205200195 20
1747419991867 8.567956924438477 30
1747419991867 8.567956924438477 30
1747419996179 1.3100913763046265 40
1747419996180 1.3100913763046265 40
1747420000445 0.18181803822517395 50
1747420000445 0.18181803822517395 50
1747420006385 0.06296779215335846 60
1747420006385 0.06296779215335846 60
1747420010657 0.003940504975616932 70
1747420010657 0.003940504975616932 70
1747420015002 0.021649453788995743 80
1747420015002 0.021649453788995743 80
1747420019499 0.005000607576221228 90
1747420019500 0.005000607576221228 90
1747420023917 0.07186136394739151 100
1747420023916 0.07186136394739151 100
1747420028258 23.607484817504883 110
1747420028258 23.607484817504883 110
1747420032641 0.02490955963730812 120
1747420032642 0.02490955963730812 120
1747420036995 0.006798275746405125 130
1747420036996 0.006798275746405125 130
1747420041359 0.001870511332526803 140
1747420041359 0.001870511332526803 140
1747420045688 0.0018672292353585362 150
1747420045689 0.0018672292353585362 150
1747420049988 0.006910871714353561 160
1747420049988 0.006910871714353561 160
1747420054403 0.00352841941639781 170
1747420054403 0.00352841941639781 170
1747420058703 27.583940505981445 180
1747420058703 27.583940505981445 180
1747420063024 0.0196843259036541 190
1747420063025 0.0196843259036541 190
1747420067371 0.012839739210903645 200
1747420067371 0.012839739210903645 200
1747420071771 0.00866710115224123 210
1747420071771 0.00866710115224123 210
1747420076121 0.013374402187764645 220
1747420076121 0.013374402187764645 220
1747420080539 0.003985409624874592 230
1747420080539 0.003985409624874592 230
1747420084939 0.010873569175601006 240
1747420084939 0.010873569175601006 240
1747420089294 0.0024318064097315073 250
1747420089295 0.0024318064097315073 250
1747420093622 0.002127980813384056 260
1747420093622 0.002127980813384056 260
1747420098011 0.0016538127092644572 270
1747420098012 0.0016538127092644572 270
1747420102368 0.0010732320370152593 280
1747420102369 0.0010732320370152593 280
1747420106723 0.0011175397085025907 290
1747420106723 0.0011175397085025907 290
1747420111142 0.00457742577418685 300
1747420111142 0.00457742577418685 300
1747420115557 0.012599105015397072 310
1747420115557 0.012599105015397072 310
1747420119990 0.008228720165789127 320
1747420119990 0.008228720165789127 320
1747420124419 0.005699680186808109 330
1747420124420 0.005699680186808109 330
1747420128740 0.006699204910546541 340
1747420128741 0.006699204910546541 340
1747420133041 1.2300503253936768 350
1747420133041 1.2300503253936768 350
1747420137341 0.006475956179201603 360
1747420137341 0.006475956179201603 360
1747420141641 0.00810230802744627 370
1747420141642 0.00810230802744627 370
1747420145945 0.00484560476616025 380
1747420145947 0.00484560476616025 380
1747420151892 0.003964611329138279 390
1747420151892 0.003964611329138279 390
1747420156176 0.02660529315471649 400
1747420156191 0.02660529315471649 400
1747420160476 0.044114820659160614 410
1747420160476 0.044114820659160614 410
1747420164773 0.008602073416113853 420
1747420164774 0.008602073416113853 420
1747420169065 0.001955064944922924 430
1747420169065 0.001955064944922924 430
1747420187259 0.010795777663588524 440
1747420187259 0.010795777663588524 440
1747420191559 0.004722899757325649 450
1747420191560 0.004722899757325649 450
1747420195878 0.019124042242765427 460
1747420195878 0.019124042242765427 460
1747420200200 0.002369524212554097 470
1747420200200 0.002369524212554097 470
1747420204495 0.0014301673509180546 480
1747420204495 0.0014301673509180546 480
1747420208795 0.0008120796992443502 490
1747420208795 0.0008120796992443502 490
1747420213118 0.0033004600554704666 500
1747420213120 0.0033004600554704666 500
1747420217546 0.0025108300615102053 510
1747420217546 0.0025108300615102053 510
1747420221945 0.0034919134341180325 520
1747420221945 0.0034919134341180325 520
1747420226340 0.004355940967798233 530
1747420226341 0.004355940967798233 530
1747420230746 0.0013815021375194192 540
1747420230746 0.0013815021375194192 540
1747420235137 0.0006229684222489595 550
1747420235138 0.0006229684222489595 550
1747420239495 0.0033672996796667576 560
1747420239496 0.0033672996796667576 560
1747420243894 0.0011804228415712714 570
1747420243896 0.0011804228415712714 570
1747420248356 0.001944296876899898 580
1747420248357 0.001944296876899898 580
1747420252766 0.0019265414448454976 590
1747420252767 0.0019265414448454976 590
1747420257157 0.004623376298695803 600
1747420257158 0.004623376298695803 600
1747420261599 0.0012895874679088593 610
1747420261599 0.0012895874679088593 610
1747420265915 0.0023218675050884485 620
1747420265915 0.0023218675050884485 620
1747420270282 0.0032752312254160643 630
1747420270282 0.0032752312254160643 630
1747420274698 0.0026084897108376026 640
1747420274698 0.0026084897108376026 640
1747420279080 0.002676276722922921 650
1747420279081 0.002676276722922921 650
1747420283514 0.0007150674937292933 660
1747420283516 0.0007150674937292933 660
1747420288052 0.0006431950023397803 670
1747420288053 0.0006431950023397803 670
1747420292494 0.0010199142852798104 680
1747420292495 0.0010199142852798104 680
1747420296946 0.0006040513981133699 690
1747420296947 0.0006040513981133699 690
1747420301386 0.0007758343708701432 700
1747420301387 0.0007758343708701432 700
1747420305875 0.000730204745195806 710
1747420305876 0.000730204745195806 710
1747420310331 0.0002802381059154868 720
1747420310332 0.0002802381059154868 720
1747420314767 0.0014724218053743243 730
1747420314768 0.0014724218053743243 730
1747420319214 0.0014436813071370125 740
1747420319215 0.0014436813071370125 740
1747420323644 0.01271726656705141 750
1747420323645 0.01271726656705141 750
1747420328091 0.018725018948316574 760
1747420328092 0.018725018948316574 760
1747420332510 0.01144986879080534 770
1747420332511 0.01144986879080534 770
1747420336960 0.008340057916939259 780
1747420336961 0.008340057916939259 780
1747420341401 0.012401166372001171 790
1747420341402 0.012401166372001171 790
1747420347537 0.007428902201354504 800
1747420347537 0.007428902201354504 800
1747420351972 0.005281986203044653 810
1747420351973 0.005281986203044653 810
1747420356391 0.025504110381007195 820
1747420356392 0.025504110381007195 820
1747420360829 0.0018902331357821822 830
1747420360830 0.0018902331357821822 830
1747420365259 0.0021940385922789574 840
1747420365259 0.0021940385922789574 840
1747420369699 0.0016693139914423227 850
1747420369700 0.0016693139914423227 850
1747420374141 0.0017858793726190925 860
1747420374142 0.0017858793726190925 860
1747420378575 0.00162399688269943 870
1747420378576 0.00162399688269943 870
1747420397559 0.0007344218902289867 880
1747420397560 0.0007344218902289867 880
1747420403659 0.0009933774126693606 890
1747420403659 0.0009933774126693606 890
1747420408090 0.0020849488209933043 900
1747420408091 0.0020849488209933043 900
1747420412503 0.0006530731916427612 910
1747420412503 0.0006530731916427612 910
1747420416891 0.0006978815654292703 920
1747420416892 0.0006978815654292703 920
1747420421281 0.008903567679226398 930
1747420421282 0.008903567679226398 930
1747420425745 0.0012002007570117712 940
1747420425746 0.0012002007570117712 940
1747420430163 0.0014011955354362726 950
1747420430164 0.0014011955354362726 950
1747420434643 0.000897305435501039 960
1747420434644 0.000897305435501039 960
1747420439129 0.0014738807221874595 970
1747420439129 0.0014738807221874595 970
1747420443606 0.025179915130138397 980
1747420443607 0.025179915130138397 980
1747420449788 0.009665077552199364 990
1747420449790 0.009665077552199364 990
1747420454209 0.010007476434111595 1000
1747420454209 0.010007476434111595 1000
1747420458613 0.0623304657638073 1010
1747420458614 0.0623304657638073 1010
1747420463068 0.0015848681796342134 1020
1747420463069 0.0015848681796342134 1020
1747420467546 0.0005690972320735455 1030
1747420467546 0.0005690972320735455 1030
1747420471989 0.0010753220412880182 1040
1747420471989 0.0010753220412880182 1040
1747420476418 0.00039253878640010953 1050
1747420476419 0.00039253878640010953 1050
1747420480866 0.0002202166069764644 1060
1747420480867 0.0002202166069764644 1060
1747420485363 0.0004579725209623575 1070
1747420485364 0.0004579725209623575 1070
1747420489918 0.0009963209740817547 1080
1747420489919 0.0009963209740817547 1080
1747420494459 0.00023760907060932368 1090
1747420494460 0.00023760907060932368 1090
1747420498952 0.0003161625936627388 1100
1747420498952 0.0003161625936627388 1100
1747420503441 0.0004567834548652172 1110
1747420503443 0.0004567834548652172 1110
1747420507969 0.0005411868914961815 1120
1747420507971 0.0005411868914961815 1120
1747420512483 0.0004258008557371795 1130
1747420512484 0.0004258008557371795 1130
1747420516937 0.0005296145682223141 1140
1747420516937 0.0005296145682223141 1140
1747420521379 0.0006449323846027255 1150
1747420521380 0.0006449323846027255 1150
1747420525784 0.00029037348576821387 1160
1747420525784 0.00029037348576821387 1160
1747420530343 0.0011002399260178208 1170
1747420530344 0.0011002399260178208 1170
1747420534898 0.00028209463926032186 1180
1747420534899 0.00028209463926032186 1180
1747420539386 0.00020534481154754758 1190
1747420539387 0.00020534481154754758 1190
1747420543906 0.0015033696545287967 1200
1747420543907 0.0015033696545287967 1200
1747420548455 0.0026497351936995983 1210
1747420548456 0.0026497351936995983 1210
1747420553006 0.000590005423873663 1220
1747420553006 0.000590005423873663 1220
1747420557635 0.001138762105256319 1230
1747420557634 0.001138762105256319 1230
1747420562162 0.0005883145495317876 1240
1747420562163 0.0005883145495317876 1240
1747420566623 0.00015358869859483093 1250
1747420566624 0.00015358869859483093 1250
1747420571161 0.0003054324770346284 1260
1747420571161 0.0003054324770346284 1260
1747420575696 0.00032693901448510587 1270
1747420575697 0.00032693901448510587 1270
1747420580233 0.0004317252605687827 1280
1747420580233 0.0004317252605687827 1280
1747420584778 0.00024582931655459106 1290
1747420584779 0.00024582931655459106 1290
1747420589320 0.0005447977455332875 1300
1747420589320 0.0005447977455332875 1300
1747420593851 0.0004357242432888597 1310
1747420593852 0.0004357242432888597 1310
1747420613457 0.00031971558928489685 1320
1747420613458 0.00031971558928489685 1320
1747420617989 0.00041578608215786517 1330
1747420617990 0.00041578608215786517 1330
1747420622541 0.003293180838227272 1340
1747420622541 0.003293180838227272 1340
1747420627071 12.403926849365234 1350
1747420627071 12.403926849365234 1350
1747420631597 0.0004502008087001741 1360
1747420631598 0.0004502008087001741 1360
1747420636093 0.00024659413611516356 1370
1747420636094 0.00024659413611516356 1370
1747420640590 0.0006616220925934613 1380
1747420640591 0.0006616220925934613 1380
1747420645073 0.00010215267684543505 1390
1747420645074 0.00010215267684543505 1390
1747420651215 0.0004421694902703166 1400
1747420651216 0.0004421694902703166 1400
1747420655695 0.00027029606280848384 1410
1747420655696 0.00027029606280848384 1410
1747420660277 0.00044614981743507087 1420
1747420660278 0.00044614981743507087 1420
1747420664779 0.00045917913666926324 1430
1747420664780 0.00045917913666926324 1430
1747420669333 0.00015738068032078445 1440
1747420669334 0.00015738068032078445 1440
1747420673833 0.00014386720431502908 1450
1747420673834 0.00014386720431502908 1450
1747420678329 0.00013478270557243377 1460
1747420678330 0.00013478270557243377 1460
1747420682809 0.0009055550908669829 1470
1747420682810 0.0009055550908669829 1470
1747420687267 0.0002210018428741023 1480
1747420687269 0.0002210018428741023 1480
1747420691785 0.00021368714806158096 1490
1747420691785 0.00021368714806158096 1490
1747420696129 0.00022026542865205556 1500
1747420696129 0.00022026542865205556 1500
1747420700508 0.00011880684905918315 1510
1747420700507 0.00011880684905918315 1510
1747420704922 0.00012350665929261595 1520
1747420704923 0.00012350665929261595 1520
1747420709410 0.0001668162294663489 1530
1747420709410 0.0001668162294663489 1530
1747420713891 0.00013366508937906474 1540
1747420713892 0.00013366508937906474 1540
1747420718380 0.0001252643414773047 1550
1747420718381 0.0001252643414773047 1550
1747420722948 0.00011078055831603706 1560
1747420722949 0.00011078055831603706 1560
1747420727490 0.00030638696625828743 1570
1747420727490 0.00030638696625828743 1570
1747420731992 0.000499849789775908 1580
1747420731992 0.000499849789775908 1580
1747420736575 0.00035219822893850505 1590
1747420736576 0.00035219822893850505 1590
1747420741146 0.0012104689376428723 1600
1747420741147 0.0012104689376428723 1600
1747420745622 0.0012746341526508331 1610
1747420745622 0.0012746341526508331 1610
1747420750073 0.0008283588686026633 1620
1747420750074 0.0008283588686026633 1620
1747420754521 0.0005279532633721828 1630
1747420754522 0.0005279532633721828 1630
1747420758982 0.0005076108500361443 1640
1747420758983 0.0005076108500361443 1640
1747420763581 0.0004707265761680901 1650
1747420763582 0.0004707265761680901 1650
1747420768127 0.0005124911549501121 1660
1747420768128 0.0005124911549501121 1660
1747420772704 0.0004201966221444309 1670
1747420777217 0.000291117699816823 1680
1747420777218 0.000291117699816823 1680
1747420781699 0.0005037683877162635 1690
1747420781698 0.0005037683877162635 1690
1747420786216 0.00023694569244980812 1700
1747420786217 0.00023694569244980812 1700
1747420790713 0.00017559295520186424 1710
1747420790713 0.00017559295520186424 1710
1747420795233 0.0005350795108824968 1720
1747420795234 0.0005350795108824968 1720
1747420799692 0.0002863641711883247 1730
1747420799693 0.0002863641711883247 1730
1747420804254 0.00024186819791793823 1740
1747420804255 0.00024186819791793823 1740
1747420808856 0.00046835155808366835 1750
1747420808857 0.00046835155808366835 1750
