1747419982357 4.988584474885845e-05 10
1747419982354 4.988584474885845e-05 10
1747419987654 4.977168949771689e-05 20
1747419987654 4.977168949771689e-05 20
1747419991867 4.9657534246575346e-05 30
1747419991867 4.9657534246575346e-05 30
1747419996179 4.9543378995433794e-05 40
1747419996180 4.9543378995433794e-05 40
1747420000445 4.942922374429224e-05 50
1747420000445 4.942922374429224e-05 50
1747420006385 4.9315068493150684e-05 60
1747420006385 4.9315068493150684e-05 60
1747420010657 4.920091324200913e-05 70
1747420010657 4.920091324200913e-05 70
1747420015002 4.908675799086758e-05 80
1747420015002 4.908675799086758e-05 80
1747420019499 4.8972602739726034e-05 90
1747420019500 4.8972602739726034e-05 90
1747420023917 4.8858447488584476e-05 100
1747420023916 4.8858447488584476e-05 100
1747420028258 4.8744292237442924e-05 110
1747420028258 4.8744292237442924e-05 110
1747420032641 4.863013698630137e-05 120
1747420032642 4.863013698630137e-05 120
1747420036995 4.851598173515982e-05 130
1747420036996 4.851598173515982e-05 130
1747420041359 4.840182648401827e-05 140
1747420041359 4.840182648401827e-05 140
1747420045688 4.8287671232876716e-05 150
1747420045689 4.8287671232876716e-05 150
1747420049988 4.8173515981735164e-05 160
1747420049988 4.8173515981735164e-05 160
1747420054403 4.805936073059361e-05 170
1747420054403 4.805936073059361e-05 170
1747420058703 4.794520547945205e-05 180
1747420058703 4.794520547945205e-05 180
1747420063024 4.78310502283105e-05 190
1747420063025 4.78310502283105e-05 190
1747420067371 4.7716894977168955e-05 200
1747420067371 4.7716894977168955e-05 200
1747420071771 4.7602739726027403e-05 210
1747420071771 4.7602739726027403e-05 210
1747420076121 4.7488584474885845e-05 220
1747420076121 4.7488584474885845e-05 220
1747420080539 4.737442922374429e-05 230
1747420080539 4.737442922374429e-05 230
1747420084939 4.726027397260274e-05 240
1747420084939 4.726027397260274e-05 240
1747420089294 4.714611872146119e-05 250
1747420089295 4.714611872146119e-05 250
1747420093622 4.703196347031964e-05 260
1747420093622 4.703196347031964e-05 260
1747420098011 4.6917808219178085e-05 270
1747420098012 4.6917808219178085e-05 270
1747420102368 4.680365296803653e-05 280
1747420102369 4.680365296803653e-05 280
1747420106723 4.668949771689498e-05 290
1747420106723 4.668949771689498e-05 290
1747420111142 4.657534246575342e-05 300
1747420111142 4.657534246575342e-05 300
1747420115557 4.646118721461187e-05 310
1747420115557 4.646118721461187e-05 310
1747420119990 4.6347031963470325e-05 320
1747420119990 4.6347031963470325e-05 320
1747420124419 4.623287671232877e-05 330
1747420124420 4.623287671232877e-05 330
1747420128740 4.6118721461187214e-05 340
1747420128741 4.6118721461187214e-05 340
1747420133041 4.600456621004566e-05 350
1747420133041 4.600456621004566e-05 350
1747420137341 4.589041095890411e-05 360
1747420137341 4.589041095890411e-05 360
1747420141641 4.577625570776256e-05 370
1747420141642 4.577625570776256e-05 370
1747420145945 4.5662100456621006e-05 380
1747420145947 4.5662100456621006e-05 380
1747420151892 4.5547945205479454e-05 390
1747420151892 4.5547945205479454e-05 390
1747420156176 4.54337899543379e-05 400
1747420156191 4.54337899543379e-05 400
1747420160476 4.531963470319635e-05 410
1747420160476 4.531963470319635e-05 410
1747420164773 4.520547945205479e-05 420
1747420164774 4.520547945205479e-05 420
1747420169065 4.5091324200913246e-05 430
1747420169065 4.5091324200913246e-05 430
1747420187259 4.4977168949771694e-05 440
1747420187259 4.4977168949771694e-05 440
1747420191559 4.486301369863014e-05 450
1747420191560 4.486301369863014e-05 450
1747420195878 4.474885844748858e-05 460
1747420195878 4.474885844748858e-05 460
1747420200200 4.463470319634703e-05 470
1747420200200 4.463470319634703e-05 470
1747420204495 4.452054794520548e-05 480
1747420204495 4.452054794520548e-05 480
1747420208795 4.4406392694063934e-05 490
1747420208795 4.4406392694063934e-05 490
1747420213118 4.4292237442922375e-05 500
1747420213120 4.4292237442922375e-05 500
1747420217546 4.417808219178082e-05 510
1747420217546 4.417808219178082e-05 510
1747420221945 4.406392694063927e-05 520
1747420221945 4.406392694063927e-05 520
1747420226340 4.394977168949772e-05 530
1747420226341 4.394977168949772e-05 530
1747420230746 4.383561643835617e-05 540
1747420230746 4.383561643835617e-05 540
1747420235137 4.3721461187214615e-05 550
1747420235138 4.3721461187214615e-05 550
1747420239495 4.360730593607306e-05 560
1747420239496 4.360730593607306e-05 560
1747420243894 4.349315068493151e-05 570
1747420243896 4.349315068493151e-05 570
1747420248356 4.337899543378995e-05 580
1747420248357 4.337899543378995e-05 580
1747420252766 4.32648401826484e-05 590
1747420252767 4.32648401826484e-05 590
1747420257157 4.3150684931506855e-05 600
1747420257158 4.3150684931506855e-05 600
1747420261599 4.30365296803653e-05 610
1747420261599 4.30365296803653e-05 610
1747420265915 4.2922374429223744e-05 620
1747420265915 4.2922374429223744e-05 620
1747420270282 4.280821917808219e-05 630
1747420270282 4.280821917808219e-05 630
1747420274698 4.269406392694064e-05 640
1747420274698 4.269406392694064e-05 640
1747420279080 4.257990867579909e-05 650
1747420279081 4.257990867579909e-05 650
1747420283514 4.2465753424657536e-05 660
1747420283516 4.2465753424657536e-05 660
1747420288052 4.2351598173515984e-05 670
1747420288053 4.2351598173515984e-05 670
1747420292494 4.223744292237443e-05 680
1747420292495 4.223744292237443e-05 680
1747420296946 4.212328767123288e-05 690
1747420296947 4.212328767123288e-05 690
1747420301386 4.200913242009132e-05 700
1747420301387 4.200913242009132e-05 700
1747420305875 4.1894977168949776e-05 710
1747420305876 4.1894977168949776e-05 710
1747420310331 4.1780821917808224e-05 720
1747420310332 4.1780821917808224e-05 720
1747420314767 4.166666666666667e-05 730
1747420314768 4.166666666666667e-05 730
1747420319214 4.155251141552511e-05 740
1747420319215 4.155251141552511e-05 740
1747420323644 4.143835616438356e-05 750
1747420323645 4.143835616438356e-05 750
1747420328091 4.132420091324201e-05 760
1747420328092 4.132420091324201e-05 760
1747420332510 4.121004566210046e-05 770
1747420332511 4.121004566210046e-05 770
1747420336960 4.1095890410958905e-05 780
1747420336961 4.1095890410958905e-05 780
1747420341401 4.098173515981735e-05 790
1747420341402 4.098173515981735e-05 790
1747420347537 4.08675799086758e-05 800
1747420347537 4.08675799086758e-05 800
1747420351972 4.075342465753425e-05 810
1747420351973 4.075342465753425e-05 810
1747420356391 4.063926940639269e-05 820
1747420356392 4.063926940639269e-05 820
1747420360829 4.0525114155251145e-05 830
1747420360830 4.0525114155251145e-05 830
1747420365259 4.041095890410959e-05 840
1747420365259 4.041095890410959e-05 840
1747420369699 4.029680365296804e-05 850
1747420369700 4.029680365296804e-05 850
1747420374141 4.018264840182648e-05 860
1747420374142 4.018264840182648e-05 860
1747420378575 4.006849315068493e-05 870
1747420378576 4.006849315068493e-05 870
1747420397559 3.995433789954338e-05 880
1747420397560 3.995433789954338e-05 880
1747420403659 3.984018264840183e-05 890
1747420403659 3.984018264840183e-05 890
1747420408090 3.9726027397260274e-05 900
1747420408091 3.9726027397260274e-05 900
1747420412503 3.961187214611872e-05 910
1747420412503 3.961187214611872e-05 910
1747420416891 3.949771689497717e-05 920
1747420416892 3.949771689497717e-05 920
1747420421281 3.938356164383562e-05 930
1747420421282 3.938356164383562e-05 930
1747420425745 3.9269406392694066e-05 940
1747420425746 3.9269406392694066e-05 940
1747420430163 3.9155251141552514e-05 950
1747420430164 3.9155251141552514e-05 950
1747420434643 3.904109589041096e-05 960
1747420434644 3.904109589041096e-05 960
1747420439129 3.892694063926941e-05 970
1747420439129 3.892694063926941e-05 970
1747420443606 3.881278538812785e-05 980
1747420443607 3.881278538812785e-05 980
1747420449788 3.86986301369863e-05 990
1747420449790 3.86986301369863e-05 990
1747420454209 3.8584474885844754e-05 1000
1747420454209 3.8584474885844754e-05 1000
1747420458613 3.84703196347032e-05 1010
1747420458614 3.84703196347032e-05 1010
1747420463068 3.8356164383561644e-05 1020
1747420463069 3.8356164383561644e-05 1020
1747420467546 3.824200913242009e-05 1030
1747420467546 3.824200913242009e-05 1030
1747420471989 3.812785388127854e-05 1040
1747420471989 3.812785388127854e-05 1040
1747420476418 3.801369863013699e-05 1050
1747420476419 3.801369863013699e-05 1050
1747420480866 3.7899543378995436e-05 1060
1747420480867 3.7899543378995436e-05 1060
1747420485363 3.7785388127853884e-05 1070
1747420485364 3.7785388127853884e-05 1070
1747420489918 3.767123287671233e-05 1080
1747420489919 3.767123287671233e-05 1080
1747420494459 3.755707762557078e-05 1090
1747420494460 3.755707762557078e-05 1090
1747420498952 3.744292237442922e-05 1100
1747420498952 3.744292237442922e-05 1100
1747420503441 3.7328767123287675e-05 1110
1747420503443 3.7328767123287675e-05 1110
1747420507969 3.7214611872146123e-05 1120
1747420507971 3.7214611872146123e-05 1120
1747420512483 3.710045662100457e-05 1130
1747420512484 3.710045662100457e-05 1130
1747420516937 3.698630136986301e-05 1140
1747420516937 3.698630136986301e-05 1140
1747420521379 3.687214611872146e-05 1150
1747420521380 3.687214611872146e-05 1150
1747420525784 3.675799086757991e-05 1160
1747420525784 3.675799086757991e-05 1160
1747420530343 3.664383561643836e-05 1170
1747420530344 3.664383561643836e-05 1170
1747420534898 3.6529680365296805e-05 1180
1747420534899 3.6529680365296805e-05 1180
1747420539386 3.641552511415525e-05 1190
1747420539387 3.641552511415525e-05 1190
1747420543906 3.63013698630137e-05 1200
1747420543907 3.63013698630137e-05 1200
1747420548455 3.618721461187215e-05 1210
1747420548456 3.618721461187215e-05 1210
1747420553006 3.60730593607306e-05 1220
1747420553006 3.60730593607306e-05 1220
1747420557635 3.5958904109589045e-05 1230
1747420557634 3.5958904109589045e-05 1230
1747420562162 3.584474885844749e-05 1240
1747420562163 3.584474885844749e-05 1240
1747420566623 3.573059360730594e-05 1250
1747420566624 3.573059360730594e-05 1250
1747420571161 3.561643835616438e-05 1260
1747420571161 3.561643835616438e-05 1260
1747420575696 3.550228310502283e-05 1270
1747420575697 3.550228310502283e-05 1270
1747420580233 3.538812785388128e-05 1280
1747420580233 3.538812785388128e-05 1280
1747420584778 3.527397260273973e-05 1290
1747420584779 3.527397260273973e-05 1290
1747420589320 3.5159817351598174e-05 1300
1747420589320 3.5159817351598174e-05 1300
1747420593851 3.504566210045662e-05 1310
1747420593852 3.504566210045662e-05 1310
1747420613457 3.493150684931507e-05 1320
1747420613458 3.493150684931507e-05 1320
1747420617989 3.481735159817352e-05 1330
1747420617990 3.481735159817352e-05 1330
1747420622541 3.4703196347031966e-05 1340
1747420622541 3.4703196347031966e-05 1340
1747420627071 3.4589041095890414e-05 1350
1747420627071 3.4589041095890414e-05 1350
1747420631597 3.447488584474886e-05 1360
1747420631598 3.447488584474886e-05 1360
1747420636093 3.436073059360731e-05 1370
1747420636094 3.436073059360731e-05 1370
1747420640590 3.424657534246575e-05 1380
1747420640591 3.424657534246575e-05 1380
1747420645073 3.41324200913242e-05 1390
1747420645074 3.41324200913242e-05 1390
1747420651215 3.4018264840182654e-05 1400
1747420651216 3.4018264840182654e-05 1400
1747420655695 3.39041095890411e-05 1410
1747420655696 3.39041095890411e-05 1410
1747420660277 3.378995433789954e-05 1420
1747420660278 3.378995433789954e-05 1420
1747420664779 3.367579908675799e-05 1430
1747420664780 3.367579908675799e-05 1430
1747420669333 3.356164383561644e-05 1440
1747420669334 3.356164383561644e-05 1440
1747420673833 3.344748858447489e-05 1450
1747420673834 3.344748858447489e-05 1450
1747420678329 3.3333333333333335e-05 1460
1747420678330 3.3333333333333335e-05 1460
1747420682809 3.321917808219178e-05 1470
1747420682810 3.321917808219178e-05 1470
1747420687267 3.310502283105023e-05 1480
1747420687269 3.310502283105023e-05 1480
1747420691785 3.299086757990868e-05 1490
1747420691785 3.299086757990868e-05 1490
1747420696129 3.287671232876712e-05 1500
1747420696129 3.287671232876712e-05 1500
1747420700508 3.2762557077625575e-05 1510
1747420700507 3.2762557077625575e-05 1510
1747420704922 3.264840182648402e-05 1520
1747420704923 3.264840182648402e-05 1520
1747420709410 3.253424657534247e-05 1530
1747420709410 3.253424657534247e-05 1530
1747420713891 3.242009132420091e-05 1540
1747420713892 3.242009132420091e-05 1540
1747420718380 3.230593607305936e-05 1550
1747420718381 3.230593607305936e-05 1550
1747420722948 3.219178082191781e-05 1560
1747420722949 3.219178082191781e-05 1560
1747420727490 3.207762557077626e-05 1570
1747420727490 3.207762557077626e-05 1570
1747420731992 3.1963470319634704e-05 1580
1747420731992 3.1963470319634704e-05 1580
1747420736575 3.184931506849315e-05 1590
1747420736576 3.184931506849315e-05 1590
1747420741146 3.17351598173516e-05 1600
1747420741147 3.17351598173516e-05 1600
1747420745622 3.162100456621005e-05 1610
1747420745622 3.162100456621005e-05 1610
1747420750073 3.1506849315068496e-05 1620
1747420750074 3.1506849315068496e-05 1620
1747420754521 3.1392694063926944e-05 1630
1747420754522 3.1392694063926944e-05 1630
1747420758982 3.127853881278539e-05 1640
1747420758983 3.127853881278539e-05 1640
1747420763581 3.116438356164384e-05 1650
1747420763582 3.116438356164384e-05 1650
1747420768127 3.105022831050228e-05 1660
1747420768128 3.105022831050228e-05 1660
1747420772704 3.093607305936073e-05 1670
1747420777217 3.082191780821918e-05 1680
1747420777218 3.082191780821918e-05 1680
1747420781699 3.070776255707763e-05 1690
1747420781698 3.070776255707763e-05 1690
1747420786216 3.059360730593607e-05 1700
1747420786217 3.059360730593607e-05 1700
1747420790713 3.047945205479452e-05 1710
1747420790713 3.047945205479452e-05 1710
1747420795233 3.036529680365297e-05 1720
1747420795234 3.036529680365297e-05 1720
1747420799692 3.025114155251142e-05 1730
1747420799693 3.025114155251142e-05 1730
1747420804254 3.0136986301369862e-05 1740
1747420804255 3.0136986301369862e-05 1740
1747420808856 3.0022831050228313e-05 1750
1747420808857 3.0022831050228313e-05 1750
