1747419982354 0.9155 10
1747419982357 0.9155 10
1747419987654 0.3519 20
1747419987654 0.3519 20
1747419991867 0.1067 30
1747419991867 0.1067 30
1747419996179 0.0749 40
1747419996180 0.0749 40
1747420000445 0.0514 50
1747420000445 0.0514 50
1747420006385 0.0567 60
1747420006385 0.0567 60
1747420010657 0.0136 70
1747420010657 0.0136 70
1747420015002 0.145 80
1747420015002 0.145 80
1747420019499 0.0001 90
1747420019500 0.0001 90
1747420023917 0.0041 100
1747420023916 0.0041 100
1747420028258 0.0198 110
1747420028258 0.0198 110
1747420032641 0.0004 120
1747420032642 0.0004 120
1747420036995 0.0124 130
1747420036996 0.0124 130
1747420041359 0.0491 140
1747420041359 0.0491 140
1747420045688 0.0002 150
1747420045689 0.0002 150
1747420049988 0.0 160
1747420049988 0.0 160
1747420054403 0.0688 170
1747420054403 0.0688 170
1747420058703 0.1482 180
1747420058703 0.1482 180
1747420063024 0.0001 190
1747420063025 0.0001 190
1747420067371 0.0001 200
1747420067371 0.0001 200
1747420071771 0.0001 210
1747420071771 0.0001 210
1747420076121 0.0001 220
1747420076121 0.0001 220
1747420080539 0.0 230
1747420080539 0.0 230
1747420084939 0.0 240
1747420084939 0.0 240
1747420089294 0.0 250
1747420089295 0.0 250
1747420093622 0.0 260
1747420093622 0.0 260
1747420098011 0.0 270
1747420098012 0.0 270
1747420102368 0.0 280
1747420102369 0.0 280
1747420106723 0.0 290
1747420106723 0.0 290
1747420111142 0.0523 300
1747420111142 0.0523 300
1747420115557 0.0047 310
1747420115557 0.0047 310
1747420119990 0.0008 320
1747420119990 0.0008 320
1747420124419 0.0002 330
1747420124420 0.0002 330
1747420128740 0.0679 340
1747420128741 0.0679 340
1747420133041 0.0008 350
1747420133041 0.0008 350
1747420137341 0.0349 360
1747420137341 0.0349 360
1747420141641 0.0401 370
1747420141642 0.0401 370
1747420145945 0.0127 380
1747420145947 0.0127 380
1747420151892 0.0671 390
1747420156176 0.0023 400
1747420156191 0.0023 400
1747420160476 0.0005 410
1747420160476 0.0005 410
1747420164773 0.0001 420
1747420164774 0.0001 420
1747420169065 0.0686 430
1747420169065 0.0686 430
1747420187259 0.0 440
1747420187259 0.0 440
1747420191559 0.0 450
1747420191560 0.0 450
1747420195878 0.0 460
1747420195878 0.0 460
1747420200200 0.0 470
1747420200200 0.0 470
1747420204495 0.0 480
1747420204495 0.0 480
1747420208795 0.0 490
1747420208795 0.0 490
1747420213118 0.0 500
1747420213120 0.0 500
1747420217546 0.0 510
1747420217546 0.0 510
1747420221945 0.0321 520
1747420221945 0.0321 520
1747420226340 0.0097 530
1747420226341 0.0097 530
1747420230746 0.0 540
1747420230746 0.0 540
1747420235137 0.0003 550
1747420235138 0.0003 550
1747420239495 0.0095 560
1747420239496 0.0095 560
1747420243894 0.0 570
1747420243896 0.0 570
1747420248356 0.0 580
1747420248357 0.0 580
1747420252766 0.0 590
1747420252767 0.0 590
1747420257157 0.0562 600
1747420257158 0.0562 600
1747420261599 0.0 610
1747420261599 0.0 610
1747420265915 0.0 620
1747420265915 0.0 620
1747420270282 0.0 630
1747420270282 0.0 630
1747420274698 0.0 640
1747420274698 0.0 640
1747420279080 0.0 650
1747420279081 0.0 650
1747420283514 0.0 660
1747420283516 0.0 660
1747420288052 0.0 670
1747420288053 0.0 670
1747420292494 0.0 680
1747420292495 0.0 680
1747420296946 0.0 690
1747420296947 0.0 690
1747420301386 0.0 700
1747420301387 0.0 700
1747420305875 0.0 710
1747420305876 0.0 710
1747420310331 0.0003 720
1747420310332 0.0003 720
1747420314767 0.0123 730
1747420314768 0.0123 730
1747420319214 0.0764 740
1747420319215 0.0764 740
1747420323644 0.0 750
1747420323645 0.0 750
1747420328091 0.0001 760
1747420328092 0.0001 760
1747420332510 0.0002 770
1747420332511 0.0002 770
1747420336960 0.038 780
1747420336961 0.038 780
1747420341401 0.0001 790
1747420341402 0.0001 790
1747420347537 0.0001 800
1747420347537 0.0001 800
1747420351972 0.0002 810
1747420351973 0.0002 810
1747420356391 0.0 820
1747420356392 0.0 820
1747420360829 0.0 830
1747420360830 0.0 830
1747420365259 0.0001 840
1747420365259 0.0001 840
1747420369699 0.0 850
1747420369700 0.0 850
1747420374141 0.0 860
1747420374142 0.0 860
1747420378575 0.0 870
1747420378576 0.0 870
1747420397559 0.0 880
1747420397560 0.0 880
1747420403659 0.0011 890
1747420403659 0.0011 890
1747420408090 0.0 900
1747420408091 0.0 900
1747420412503 0.0007 910
1747420412503 0.0007 910
1747420416891 0.0 920
1747420416892 0.0 920
1747420421281 0.0 930
1747420421282 0.0 930
1747420425745 0.0 940
1747420425746 0.0 940
1747420430163 0.0 950
1747420430164 0.0 950
1747420434643 0.0 960
1747420434644 0.0 960
1747420439129 0.0 970
1747420439129 0.0 970
1747420443606 0.0293 980
1747420443607 0.0293 980
1747420449788 0.04 990
1747420449790 0.04 990
1747420454209 0.0002 1000
1747420454209 0.0002 1000
1747420458613 0.0022 1010
1747420458614 0.0022 1010
1747420463068 0.0001 1020
1747420463069 0.0001 1020
1747420467546 0.0002 1030
1747420467546 0.0002 1030
1747420471989 0.0 1040
1747420471989 0.0 1040
1747420476418 0.0 1050
1747420476419 0.0 1050
1747420480866 0.0 1060
1747420480867 0.0 1060
1747420485363 0.0 1070
1747420485364 0.0 1070
1747420489918 0.0 1080
1747420489919 0.0 1080
1747420494459 0.0 1090
1747420494460 0.0 1090
1747420498952 0.0 1100
1747420498952 0.0 1100
1747420503441 0.0034 1110
1747420503443 0.0034 1110
1747420507969 0.0 1120
1747420507971 0.0 1120
1747420512483 0.0049 1130
1747420512484 0.0049 1130
1747420516937 0.0 1140
1747420516937 0.0 1140
1747420521379 0.0001 1150
1747420521380 0.0001 1150
1747420525784 0.0001 1160
1747420525784 0.0001 1160
1747420530343 0.0 1170
1747420530344 0.0 1170
1747420534898 0.0 1180
1747420534899 0.0 1180
1747420539386 0.0 1190
1747420539387 0.0 1190
1747420543906 0.0 1200
1747420543907 0.0 1200
1747420548455 0.0 1210
1747420548456 0.0 1210
1747420553006 0.0 1220
1747420553006 0.0 1220
1747420557635 0.0 1230
1747420557634 0.0 1230
1747420562162 0.0 1240
1747420562163 0.0 1240
1747420566623 0.0 1250
1747420566624 0.0 1250
1747420571161 0.0 1260
1747420571161 0.0 1260
1747420575696 0.0 1270
1747420575697 0.0 1270
1747420580233 0.0 1280
1747420580233 0.0 1280
1747420584778 0.0 1290
1747420584779 0.0 1290
1747420589320 0.0 1300
1747420589320 0.0 1300
1747420593851 0.0009 1310
1747420593852 0.0009 1310
1747420613457 0.0804 1320
1747420613458 0.0804 1320
1747420617989 0.0 1330
1747420617990 0.0 1330
1747420622541 0.0015 1340
1747420622541 0.0015 1340
1747420627071 0.0063 1350
1747420627071 0.0063 1350
1747420631597 0.0 1360
1747420631598 0.0 1360
1747420636093 0.0 1370
1747420636094 0.0 1370
1747420640590 0.0 1380
1747420640591 0.0 1380
1747420645073 0.0 1390
1747420645074 0.0 1390
1747420651215 0.0 1400
1747420651216 0.0 1400
1747420655695 0.0 1410
1747420655696 0.0 1410
1747420660277 0.0 1420
1747420660278 0.0 1420
1747420664779 0.0 1430
1747420664780 0.0 1430
1747420669333 0.0 1440
1747420669334 0.0 1440
1747420673833 0.0 1450
1747420673834 0.0 1450
1747420678329 0.0 1460
1747420678330 0.0 1460
1747420682809 0.0 1470
1747420682810 0.0 1470
1747420687267 0.0 1480
1747420687269 0.0 1480
1747420691785 0.0 1490
1747420691785 0.0 1490
1747420696129 0.0 1500
1747420696129 0.0 1500
1747420700507 0.0 1510
1747420700508 0.0 1510
1747420704922 0.0 1520
1747420704923 0.0 1520
1747420709410 0.0 1530
1747420709410 0.0 1530
1747420713891 0.0 1540
1747420713892 0.0 1540
1747420718380 0.0 1550
1747420718381 0.0 1550
1747420722948 0.0069 1560
1747420722949 0.0069 1560
1747420727490 0.0 1570
1747420727490 0.0 1570
1747420731992 0.0792 1580
1747420731992 0.0792 1580
1747420736575 0.0 1590
1747420736576 0.0 1590
1747420741146 0.0 1600
1747420741147 0.0 1600
1747420745622 0.0 1610
1747420745622 0.0 1610
1747420750073 0.0 1620
1747420750074 0.0 1620
1747420754521 0.0 1630
1747420754522 0.0 1630
1747420758982 0.0 1640
1747420758983 0.0 1640
1747420763581 0.0001 1650
1747420763582 0.0001 1650
1747420768127 0.0 1660
1747420768128 0.0 1660
1747420772703 0.0 1670
1747420772704 0.0 1670
1747420777217 0.0 1680
1747420777218 0.0 1680
1747420781699 0.0 1690
1747420781698 0.0 1690
1747420786216 0.0 1700
1747420786217 0.0 1700
1747420790713 0.0 1710
1747420790713 0.0 1710
1747420795233 0.0 1720
1747420795234 0.0 1720
1747420799692 0.0 1730
1747420799693 0.0 1730
1747420804254 0.0 1740
1747420804255 0.0 1740
1747420808856 0.0 1750
1747420808857 0.0 1750
