1747375026719 0.11235955056179775 10
1747375026720 0.11235955056179775 10
1747375032039 0.2247191011235955 20
1747375032039 0.2247191011235955 20
1747375035725 0.33707865168539325 30
1747375035725 0.33707865168539325 30
1747375039490 0.449438202247191 40
1747375039490 0.449438202247191 40
1747375043429 0.5617977528089888 50
1747375043429 0.5617977528089888 50
1747375047478 0.6741573033707865 60
1747375047478 0.6741573033707865 60
1747375051353 0.7865168539325843 70
1747375051353 0.7865168539325843 70
1747375055150 0.898876404494382 80
1747375055150 0.898876404494382 80
1747375062512 1.0 89
1747375062512 1.0 89
1747375064348 1.0112359550561798 90
1747375064348 1.0112359550561798 90
1747375069860 1.1235955056179776 100
1747375069860 1.1235955056179776 100
1747375073701 1.2359550561797752 110
1747375073699 1.2359550561797752 110
1747375078863 1.348314606741573 120
1747375078864 1.348314606741573 120
1747375083046 1.4606741573033708 130
1747375083046 1.4606741573033708 130
1747375088577 1.5730337078651684 140
1747375088577 1.5730337078651684 140
1747375092611 1.6853932584269664 150
1747375092613 1.6853932584269664 150
1747375096623 1.797752808988764 160
1747375096623 1.797752808988764 160
1747375100804 1.9101123595505618 170
1747375100802 1.9101123595505618 170
1747375106212 2.0 178
1747375106212 2.0 178
1747375108524 2.0224719101123596 180
1747375108524 2.0224719101123596 180
1747375112425 2.134831460674157 190
1747375112425 2.134831460674157 190
1747375117889 2.247191011235955 200
1747375117889 2.247191011235955 200
1747375123470 2.359550561797753 210
1747375123472 2.359550561797753 210
1747375127309 2.4719101123595504 220
1747375127309 2.4719101123595504 220
1747375131218 2.5842696629213484 230
1747375131218 2.5842696629213484 230
1747375136722 2.696629213483146 240
1747375136722 2.696629213483146 240
1747375140647 2.808988764044944 250
1747375140647 2.808988764044944 250
1747375146217 2.9213483146067416 260
1747375146217 2.9213483146067416 260
1747375151223 3.0 267
1747375151223 3.0 267
1747375154444 3.033707865168539 270
1747375154444 3.033707865168539 270
1747375158330 3.146067415730337 280
1747375158330 3.146067415730337 280
1747375162273 3.258426966292135 290
1747375162273 3.258426966292135 290
1747375166197 3.370786516853933 300
1747375166195 3.370786516853933 300
1747375172084 3.4831460674157304 310
1747375172084 3.4831460674157304 310
1747375176085 3.595505617977528 320
1747375176085 3.595505617977528 320
1747375180059 3.7078651685393256 330
1747375180059 3.7078651685393256 330
1747375183977 3.8202247191011236 340
1747375183977 3.8202247191011236 340
1747375187837 3.932584269662921 350
1747375187837 3.932584269662921 350
1747375192492 4.0 356
1747375192492 4.0 356
1747375195943 4.044943820224719 360
1747375195943 4.044943820224719 360
1747375199829 4.157303370786517 370
1747375199829 4.157303370786517 370
1747375205440 4.269662921348314 380
1747375205440 4.269662921348314 380
1747375210920 4.382022471910112 390
1747375210920 4.382022471910112 390
1747375218491 4.49438202247191 400
1747375218493 4.49438202247191 400
1747375223393 4.606741573033708 410
1747375223393 4.606741573033708 410
1747375227196 4.719101123595506 420
1747375227196 4.719101123595506 420
1747375231002 4.831460674157303 430
1747375231002 4.831460674157303 430
1747375234823 4.943820224719101 440
1747375234823 4.943820224719101 440
1747375238967 5.0 445
1747375238967 5.0 445
1747375242271 5.056179775280899 450
1747375242271 5.056179775280899 450
1747375249784 5.168539325842697 460
1747375249784 5.168539325842697 460
1747375254885 5.280898876404494 470
1747375254885 5.280898876404494 470
1747375260676 5.393258426966292 480
1747375260681 5.393258426966292 480
1747375264764 5.50561797752809 490
1747375264765 5.50561797752809 490
1747375268883 5.617977528089888 500
1747375268883 5.617977528089888 500
1747375272982 5.730337078651686 510
1747375272982 5.730337078651686 510
1747375277080 5.842696629213483 520
1747375277077 5.842696629213483 520
1747375281099 5.955056179775281 530
1747375281101 5.955056179775281 530
1747375284917 6.0 534
1747375284917 6.0 534
1747375289360 6.067415730337078 540
1747375289360 6.067415730337078 540
1747375293353 6.179775280898877 550
1747375293353 6.179775280898877 550
1747375297201 6.292134831460674 560
1747375297201 6.292134831460674 560
1747375301165 6.404494382022472 570
1747375301180 6.404494382022472 570
1747375306576 6.51685393258427 580
1747375306579 6.51685393258427 580
1747375312402 6.629213483146067 590
1747375312401 6.629213483146067 590
1747375319728 6.741573033707866 600
1747375319730 6.741573033707866 600
1747375323766 6.853932584269663 610
1747375323768 6.853932584269663 610
1747375328007 6.966292134831461 620
1747375328008 6.966292134831461 620
1747375331486 7.0 623
1747375331488 7.0 623
1747375333495 7.0 623
1747375333495 7.0 623
