1747375026719 2.6788899898529053 10
1747375026720 2.6788899898529053 10
1747375032039 4.068066120147705 20
1747375032039 4.068066120147705 20
1747375035725 2.393009901046753 30
1747375035725 2.393009901046753 30
1747375039490 4.027218818664551 40
1747375039490 4.027218818664551 40
1747375043429 6.696557998657227 50
1747375043429 6.696557998657227 50
1747375047478 6.586946964263916 60
1747375047478 6.586946964263916 60
1747375051353 6.08621072769165 70
1747375051353 6.08621072769165 70
1747375055150 5.808121204376221 80
1747375055150 5.808121204376221 80
1747375064348 5.749098777770996 90
1747375064348 5.749098777770996 90
1747375069860 10.103611946105957 100
1747375069860 10.103611946105957 100
1747375073701 12.947807312011719 110
1747375073699 12.947807312011719 110
1747375078863 4.437881946563721 120
1747375078864 4.437881946563721 120
1747375083046 12.075433731079102 130
1747375083046 12.075433731079102 130
1747375088577 7.383392333984375 140
1747375088577 7.383392333984375 140
1747375092611 10.879937171936035 150
1747375092613 10.879937171936035 150
1747375096623 20.783607482910156 160
1747375096623 20.783607482910156 160
1747375100804 6.239789962768555 170
1747375100802 6.239789962768555 170
1747375108524 11.536117553710938 180
1747375108524 11.536117553710938 180
1747375112425 11.642878532409668 190
1747375112425 11.642878532409668 190
1747375117889 11.738158226013184 200
1747375117889 11.738158226013184 200
1747375123470 6.522204875946045 210
1747375123472 6.522204875946045 210
1747375127309 6.617659568786621 220
1747375127309 6.617659568786621 220
1747375131218 6.163979530334473 230
1747375131218 6.163979530334473 230
1747375136722 13.550688743591309 240
1747375136722 13.550688743591309 240
1747375140647 8.063658714294434 250
1747375140647 8.063658714294434 250
1747375146217 8.396994590759277 260
1747375146217 8.396994590759277 260
1747375154444 6.991847515106201 270
1747375154444 6.991847515106201 270
1747375158330 3.376495361328125 280
1747375158330 3.376495361328125 280
1747375162273 17.580018997192383 290
1747375162273 17.580018997192383 290
1747375166195 21.51467514038086 300
1747375166197 21.51467514038086 300
1747375172084 7.343699932098389 310
1747375172084 7.343699932098389 310
1747375176085 8.260153770446777 320
1747375176085 8.260153770446777 320
1747375180059 13.615885734558105 330
1747375180059 13.615885734558105 330
1747375183977 9.202217102050781 340
1747375183977 9.202217102050781 340
1747375187837 12.271101951599121 350
1747375187837 12.271101951599121 350
1747375195943 9.691598892211914 360
1747375195943 9.691598892211914 360
1747375199829 8.281847953796387 370
1747375199829 8.281847953796387 370
1747375205440 7.426417350769043 380
1747375205440 7.426417350769043 380
1747375210920 1.4822057485580444 390
1747375210920 1.4822057485580444 390
1747375218491 7.9954023361206055 400
1747375218493 7.9954023361206055 400
1747375223393 10.80822467803955 410
1747375223393 10.80822467803955 410
1747375227196 7.057733058929443 420
1747375227196 7.057733058929443 420
1747375231002 4.236335277557373 430
1747375231002 4.236335277557373 430
1747375234823 5.276636600494385 440
1747375234823 5.276636600494385 440
1747375242271 7.94846773147583 450
1747375242271 7.94846773147583 450
1747375249784 24.15140724182129 460
1747375249784 24.15140724182129 460
1747375254885 7.0744757652282715 470
1747375254885 7.0744757652282715 470
1747375260676 16.138141632080078 480
1747375260681 16.138141632080078 480
1747375264764 15.175504684448242 490
1747375264765 15.175504684448242 490
1747375268883 2.0920052528381348 500
1747375268883 2.0920052528381348 500
1747375272982 0.8268906474113464 510
1747375272982 0.8268906474113464 510
1747375277077 4.111746311187744 520
1747375277080 4.111746311187744 520
1747375281099 18.774553298950195 530
1747375281101 18.774553298950195 530
1747375289360 20.581050872802734 540
1747375289360 20.581050872802734 540
1747375293353 6.189138889312744 550
1747375293353 6.189138889312744 550
1747375297201 0.23416127264499664 560
1747375297201 0.23416127264499664 560
1747375301165 0.46389955282211304 570
1747375301180 0.46389955282211304 570
1747375306576 1.45460045337677 580
1747375306579 1.45460045337677 580
1747375312402 1.2318651676177979 590
1747375312401 1.2318651676177979 590
1747375319728 3.8322229385375977 600
1747375319730 3.8322229385375977 600
1747375323766 19.525964736938477 610
1747375323768 19.525964736938477 610
1747375328007 11.686643600463867 620
1747375328008 11.686643600463867 620
