1747375026719 9.887640449438202e-06 10
1747375026720 9.887640449438202e-06 10
1747375032039 9.775280898876405e-06 20
1747375032039 9.775280898876405e-06 20
1747375035725 9.662921348314608e-06 30
1747375035725 9.662921348314608e-06 30
1747375039490 9.55056179775281e-06 40
1747375039490 9.55056179775281e-06 40
1747375043429 9.438202247191012e-06 50
1747375043429 9.438202247191012e-06 50
1747375047478 9.325842696629213e-06 60
1747375047478 9.325842696629213e-06 60
1747375051353 9.213483146067417e-06 70
1747375051353 9.213483146067417e-06 70
1747375055150 9.101123595505619e-06 80
1747375055150 9.101123595505619e-06 80
1747375064348 8.988764044943822e-06 90
1747375064348 8.988764044943822e-06 90
1747375069860 8.876404494382023e-06 100
1747375069860 8.876404494382023e-06 100
1747375073701 8.764044943820226e-06 110
1747375073699 8.764044943820226e-06 110
1747375078863 8.651685393258428e-06 120
1747375078864 8.651685393258428e-06 120
1747375083046 8.53932584269663e-06 130
1747375083046 8.53932584269663e-06 130
1747375088577 8.426966292134832e-06 140
1747375088577 8.426966292134832e-06 140
1747375092611 8.314606741573035e-06 150
1747375092613 8.314606741573035e-06 150
1747375096623 8.202247191011237e-06 160
1747375096623 8.202247191011237e-06 160
1747375100804 8.08988764044944e-06 170
1747375100802 8.08988764044944e-06 170
1747375108524 7.97752808988764e-06 180
1747375108524 7.97752808988764e-06 180
1747375112425 7.865168539325843e-06 190
1747375112425 7.865168539325843e-06 190
1747375117889 7.752808988764046e-06 200
1747375117889 7.752808988764046e-06 200
1747375123470 7.640449438202247e-06 210
1747375123472 7.640449438202247e-06 210
1747375127309 7.5280898876404495e-06 220
1747375127309 7.5280898876404495e-06 220
1747375131218 7.415730337078652e-06 230
1747375131218 7.415730337078652e-06 230
1747375136722 7.303370786516854e-06 240
1747375136722 7.303370786516854e-06 240
1747375140647 7.191011235955056e-06 250
1747375140647 7.191011235955056e-06 250
1747375146217 7.078651685393258e-06 260
1747375146217 7.078651685393258e-06 260
1747375154444 6.966292134831461e-06 270
1747375154444 6.966292134831461e-06 270
1747375158330 6.853932584269663e-06 280
1747375158330 6.853932584269663e-06 280
1747375162273 6.741573033707865e-06 290
1747375162273 6.741573033707865e-06 290
1747375166195 6.629213483146067e-06 300
1747375166197 6.629213483146067e-06 300
1747375172084 6.51685393258427e-06 310
1747375172084 6.51685393258427e-06 310
1747375176085 6.404494382022472e-06 320
1747375176085 6.404494382022472e-06 320
1747375180059 6.292134831460674e-06 330
1747375180059 6.292134831460674e-06 330
1747375183977 6.179775280898876e-06 340
1747375183977 6.179775280898876e-06 340
1747375187837 6.06741573033708e-06 350
1747375187837 6.06741573033708e-06 350
1747375195943 5.955056179775281e-06 360
1747375195943 5.955056179775281e-06 360
1747375199829 5.842696629213483e-06 370
1747375199829 5.842696629213483e-06 370
1747375205440 5.730337078651685e-06 380
1747375205440 5.730337078651685e-06 380
1747375210920 5.617977528089889e-06 390
1747375210920 5.617977528089889e-06 390
1747375218491 5.50561797752809e-06 400
1747375218493 5.50561797752809e-06 400
1747375223393 5.393258426966292e-06 410
1747375223393 5.393258426966292e-06 410
1747375227196 5.280898876404494e-06 420
1747375227196 5.280898876404494e-06 420
1747375231002 5.168539325842698e-06 430
1747375231002 5.168539325842698e-06 430
1747375234823 5.0561797752809e-06 440
1747375234823 5.0561797752809e-06 440
1747375242271 4.943820224719101e-06 450
1747375242271 4.943820224719101e-06 450
1747375249784 4.831460674157304e-06 460
1747375249784 4.831460674157304e-06 460
1747375254885 4.719101123595506e-06 470
1747375254885 4.719101123595506e-06 470
1747375260676 4.606741573033709e-06 480
1747375260681 4.606741573033709e-06 480
1747375264764 4.494382022471911e-06 490
1747375264765 4.494382022471911e-06 490
1747375268883 4.382022471910113e-06 500
1747375268883 4.382022471910113e-06 500
1747375272982 4.269662921348315e-06 510
1747375272982 4.269662921348315e-06 510
1747375277077 4.157303370786518e-06 520
1747375277080 4.157303370786518e-06 520
1747375281099 4.04494382022472e-06 530
1747375281101 4.04494382022472e-06 530
1747375289360 3.932584269662922e-06 540
1747375289360 3.932584269662922e-06 540
1747375293353 3.820224719101124e-06 550
1747375293353 3.820224719101124e-06 550
1747375297201 3.707865168539326e-06 560
1747375297201 3.707865168539326e-06 560
1747375301165 3.595505617977528e-06 570
1747375301180 3.595505617977528e-06 570
1747375306576 3.4831460674157306e-06 580
1747375306579 3.4831460674157306e-06 580
1747375312402 3.3707865168539327e-06 590
1747375312401 3.3707865168539327e-06 590
1747375319728 3.258426966292135e-06 600
1747375319730 3.258426966292135e-06 600
1747375323766 3.146067415730337e-06 610
1747375323768 3.146067415730337e-06 610
1747375328007 3.03370786516854e-06 620
1747375328008 3.03370786516854e-06 620
