1747375026719 0.665 10
1747375026720 0.665 10
1747375032039 0.6445 20
1747375032039 0.6445 20
1747375035725 0.6013 30
1747375035725 0.6013 30
1747375039490 0.6074 40
1747375039490 0.6074 40
1747375043429 0.5607 50
1747375043429 0.5607 50
1747375047478 0.5417 60
1747375051353 0.5303 70
1747375051353 0.5303 70
1747375055150 0.5106 80
1747375055150 0.5106 80
1747375064348 0.5107 90
1747375064348 0.5107 90
1747375069860 0.4712 100
1747375069860 0.4712 100
1747375073701 0.4935 110
1747375073699 0.4935 110
1747375078863 0.4258 120
1747375078864 0.4258 120
1747375083046 0.4649 130
1747375083046 0.4649 130
1747375088577 0.4164 140
1747375088577 0.4164 140
1747375092611 0.3062 150
1747375092613 0.3062 150
1747375096623 0.4129 160
1747375096623 0.4129 160
1747375100804 0.4039 170
1747375100802 0.4039 170
1747375108524 0.3858 180
1747375108524 0.3858 180
1747375112425 0.301 190
1747375112425 0.301 190
1747375117889 0.2992 200
1747375117889 0.2992 200
1747375123470 0.2567 210
1747375123472 0.2567 210
1747375127309 0.3402 220
1747375127309 0.3402 220
1747375131218 0.3032 230
1747375131218 0.3032 230
1747375136722 0.3406 240
1747375136722 0.3406 240
1747375140647 0.3491 250
1747375146217 0.3128 260
1747375146217 0.3128 260
1747375154444 0.2815 270
1747375154444 0.2815 270
1747375158330 0.1938 280
1747375158330 0.1938 280
1747375162273 0.1919 290
1747375162273 0.1919 290
1747375166195 0.358 300
1747375166197 0.358 300
1747375172084 0.1538 310
1747375172084 0.1538 310
1747375176085 0.1916 320
1747375176085 0.1916 320
1747375180059 0.2392 330
1747375180059 0.2392 330
1747375183977 0.2547 340
1747375183977 0.2547 340
1747375187837 0.2273 350
1747375187837 0.2273 350
1747375195943 0.1614 360
1747375195943 0.1614 360
1747375199829 0.1001 370
1747375199829 0.1001 370
1747375205440 0.165 380
1747375205440 0.165 380
1747375210920 0.1022 390
1747375210920 0.1022 390
1747375218491 0.1588 400
1747375218493 0.1588 400
1747375223393 0.1587 410
1747375223393 0.1587 410
1747375227196 0.1554 420
1747375227196 0.1554 420
1747375231002 0.0873 430
1747375231002 0.0873 430
1747375234823 0.0816 440
1747375234823 0.0816 440
1747375242271 0.1692 450
1747375242271 0.1692 450
1747375249784 0.1475 460
1747375249784 0.1475 460
1747375254885 0.0796 470
1747375254885 0.0796 470
1747375260676 0.0472 480
1747375260681 0.0472 480
1747375264764 0.0774 490
1747375264765 0.0774 490
1747375268883 0.0729 500
1747375268883 0.0729 500
1747375272982 0.0509 510
1747375272982 0.0509 510
1747375277077 0.0258 520
1747375277080 0.0258 520
1747375281099 0.1435 530
1747375281101 0.1435 530
1747375289360 0.1841 540
1747375289360 0.1841 540
1747375293353 0.054 550
1747375293353 0.054 550
1747375297201 0.0374 560
1747375297201 0.0374 560
1747375301165 0.0898 570
1747375301180 0.0898 570
1747375306576 0.0714 580
1747375306579 0.0714 580
1747375312402 0.0715 590
1747375312401 0.0715 590
1747375319728 0.0755 600
1747375319730 0.0755 600
1747375323766 0.0226 610
1747375323768 0.0226 610
1747375328007 0.0659 620
1747375328008 0.0659 620
