1747387533471 0.11235955056179775 10
1747387533471 0.11235955056179775 10
1747387535404 0.2247191011235955 20
1747387535420 0.2247191011235955 20
1747387537404 0.33707865168539325 30
1747387537404 0.33707865168539325 30
1747387539405 0.449438202247191 40
1747387539405 0.449438202247191 40
1747387543015 0.5617977528089888 50
1747387543015 0.5617977528089888 50
1747387544996 0.6741573033707865 60
1747387544996 0.6741573033707865 60
1747387546932 0.7865168539325843 70
1747387546932 0.7865168539325843 70
1747387548889 0.898876404494382 80
1747387548889 0.898876404494382 80
1747387551791 1.0 89
1747387551791 1.0 89
1747387553043 1.0112359550561798 90
1747387553043 1.0112359550561798 90
1747387554999 1.1235955056179776 100
1747387554999 1.1235955056179776 100
1747387556951 1.2359550561797752 110
1747387556951 1.2359550561797752 110
1747387558902 1.348314606741573 120
1747387558902 1.348314606741573 120
1747387560860 1.4606741573033708 130
1747387560860 1.4606741573033708 130
1747387562797 1.5730337078651684 140
1747387562797 1.5730337078651684 140
1747387564751 1.6853932584269664 150
1747387564751 1.6853932584269664 150
1747387568368 1.797752808988764 160
1747387568368 1.797752808988764 160
1747387570314 1.9101123595505618 170
1747387570314 1.9101123595505618 170
1747387573006 2.0 178
1747387573006 2.0 178
1747387574409 2.0224719101123596 180
1747387574409 2.0224719101123596 180
1747387576384 2.134831460674157 190
1747387576384 2.134831460674157 190
1747387579988 2.247191011235955 200
1747387579988 2.247191011235955 200
1747387581952 2.359550561797753 210
1747387581952 2.359550561797753 210
1747387583921 2.4719101123595504 220
1747387583921 2.4719101123595504 220
1747387585871 2.5842696629213484 230
1747387585871 2.5842696629213484 230
1747387587844 2.696629213483146 240
1747387587844 2.696629213483146 240
1747387591461 2.808988764044944 250
1747387591461 2.808988764044944 250
1747387593430 2.9213483146067416 260
1747387593430 2.9213483146067416 260
1747387595973 3.0 267
1747387595973 3.0 267
1747387597663 3.033707865168539 270
1747387597663 3.033707865168539 270
1747387599640 3.146067415730337 280
1747387599640 3.146067415730337 280
1747387601603 3.258426966292135 290
1747387601603 3.258426966292135 290
1747387603604 3.370786516853933 300
1747387603604 3.370786516853933 300
1747387605633 3.4831460674157304 310
1747387605633 3.4831460674157304 310
1747387609414 3.595505617977528 320
1747387609418 3.595505617977528 320
1747387613071 3.7078651685393256 330
1747387613071 3.7078651685393256 330
1747387615056 3.8202247191011236 340
1747387615056 3.8202247191011236 340
1747387617006 3.932584269662921 350
1747387617006 3.932584269662921 350
1747387619330 4.0 356
1747387619330 4.0 356
1747387620625 4.0 356
1747387620627 4.0 356
