1747387533471 1.4583714008331299 10
1747387533471 1.4583714008331299 10
1747387535404 1.891343593597412 20
1747387535420 1.891343593597412 20
1747387537404 3.9579174518585205 30
1747387537404 3.9579174518585205 30
1747387539405 4.803981304168701 40
1747387539405 4.803981304168701 40
1747387543015 6.770474433898926 50
1747387543015 6.770474433898926 50
1747387544996 4.2137064933776855 60
1747387544996 4.2137064933776855 60
1747387546932 2.2184886932373047 70
1747387546932 2.2184886932373047 70
1747387548889 13.94173526763916 80
1747387548889 13.94173526763916 80
1747387553043 5.846775054931641 90
1747387553043 5.846775054931641 90
1747387554999 1.493611454963684 100
1747387554999 1.493611454963684 100
1747387556951 8.963072776794434 110
1747387556951 8.963072776794434 110
1747387558902 5.244852542877197 120
1747387558902 5.244852542877197 120
1747387560860 9.066939353942871 130
1747387560860 9.066939353942871 130
1747387562797 8.92831802368164 140
1747387562797 8.92831802368164 140
1747387564751 2.9640424251556396 150
1747387564751 2.9640424251556396 150
1747387568368 4.105276584625244 160
1747387568368 4.105276584625244 160
1747387570314 6.916643142700195 170
1747387570314 6.916643142700195 170
1747387574409 1.3473345041275024 180
1747387574409 1.3473345041275024 180
1747387576384 0.1831596940755844 190
1747387576384 0.1831596940755844 190
1747387579988 15.079506874084473 200
1747387579988 15.079506874084473 200
1747387581952 19.865447998046875 210
1747387581952 19.865447998046875 210
1747387583921 12.427656173706055 220
1747387583921 12.427656173706055 220
1747387585871 1.9526963233947754 230
1747387585871 1.9526963233947754 230
1747387587844 4.14253044128418 240
1747387587844 4.14253044128418 240
1747387591461 23.3750057220459 250
1747387591461 23.3750057220459 250
1747387593430 0.221949964761734 260
1747387593430 0.221949964761734 260
1747387597663 0.21936620771884918 270
1747387597663 0.21936620771884918 270
1747387599640 11.200531005859375 280
1747387599640 11.200531005859375 280
1747387601603 16.06085777282715 290
1747387601603 16.06085777282715 290
1747387603604 0.05285140872001648 300
1747387603604 0.05285140872001648 300
1747387605633 0.06253857165575027 310
1747387605633 0.06253857165575027 310
1747387609414 2.317265510559082 320
1747387609418 2.317265510559082 320
1747387613071 0.15782591700553894 330
1747387613071 0.15782591700553894 330
1747387615056 0.07438848912715912 340
1747387615056 0.07438848912715912 340
1747387617006 0.018005216494202614 350
1747387617006 0.018005216494202614 350
