1747387533471 4.943820224719101e-05 10
1747387533471 4.943820224719101e-05 10
1747387535404 4.8876404494382024e-05 20
1747387535420 4.8876404494382024e-05 20
1747387537404 4.831460674157304e-05 30
1747387537404 4.831460674157304e-05 30
1747387539405 4.7752808988764046e-05 40
1747387539405 4.7752808988764046e-05 40
1747387543015 4.719101123595506e-05 50
1747387543015 4.719101123595506e-05 50
1747387544996 4.662921348314607e-05 60
1747387544996 4.662921348314607e-05 60
1747387546932 4.606741573033708e-05 70
1747387546932 4.606741573033708e-05 70
1747387548889 4.550561797752809e-05 80
1747387548889 4.550561797752809e-05 80
1747387553043 4.4943820224719104e-05 90
1747387553043 4.4943820224719104e-05 90
1747387554999 4.438202247191011e-05 100
1747387554999 4.438202247191011e-05 100
1747387556951 4.3820224719101126e-05 110
1747387556951 4.3820224719101126e-05 110
1747387558902 4.3258426966292134e-05 120
1747387558902 4.3258426966292134e-05 120
1747387560860 4.269662921348315e-05 130
1747387560860 4.269662921348315e-05 130
1747387562797 4.2134831460674156e-05 140
1747387562797 4.2134831460674156e-05 140
1747387564751 4.157303370786517e-05 150
1747387564751 4.157303370786517e-05 150
1747387568368 4.1011235955056184e-05 160
1747387568368 4.1011235955056184e-05 160
1747387570314 4.044943820224719e-05 170
1747387570314 4.044943820224719e-05 170
1747387574409 3.98876404494382e-05 180
1747387574409 3.98876404494382e-05 180
1747387576384 3.9325842696629214e-05 190
1747387576384 3.9325842696629214e-05 190
1747387579988 3.876404494382023e-05 200
1747387579988 3.876404494382023e-05 200
1747387581952 3.8202247191011236e-05 210
1747387581952 3.8202247191011236e-05 210
1747387583921 3.764044943820225e-05 220
1747387583921 3.764044943820225e-05 220
1747387585871 3.7078651685393264e-05 230
1747387585871 3.7078651685393264e-05 230
1747387587844 3.651685393258427e-05 240
1747387587844 3.651685393258427e-05 240
1747387591461 3.595505617977528e-05 250
1747387591461 3.595505617977528e-05 250
1747387593430 3.5393258426966294e-05 260
1747387593430 3.5393258426966294e-05 260
1747387597663 3.483146067415731e-05 270
1747387597663 3.483146067415731e-05 270
1747387599640 3.4269662921348316e-05 280
1747387599640 3.4269662921348316e-05 280
1747387601603 3.370786516853933e-05 290
1747387601603 3.370786516853933e-05 290
1747387603604 3.314606741573034e-05 300
1747387603604 3.314606741573034e-05 300
1747387605633 3.258426966292135e-05 310
1747387605633 3.258426966292135e-05 310
1747387609414 3.202247191011236e-05 320
1747387609418 3.202247191011236e-05 320
1747387613071 3.1460674157303374e-05 330
1747387613071 3.1460674157303374e-05 330
1747387615056 3.089887640449438e-05 340
1747387615056 3.089887640449438e-05 340
1747387617006 3.0337078651685396e-05 350
1747387617006 3.0337078651685396e-05 350
