1747387533471 0.6383 10
1747387533471 0.6383 10
1747387535404 0.5993 20
1747387535420 0.5993 20
1747387537404 0.5746 30
1747387537404 0.5746 30
1747387539405 0.529 40
1747387539405 0.529 40
1747387543015 0.4697 50
1747387543015 0.4697 50
1747387544996 0.453 60
1747387544996 0.453 60
1747387546932 0.3192 70
1747387546932 0.3192 70
1747387548889 0.3336 80
1747387548889 0.3336 80
1747387553043 0.3281 90
1747387553043 0.3281 90
1747387554999 0.1599 100
1747387554999 0.1599 100
1747387556951 0.4248 110
1747387556951 0.4248 110
1747387558902 0.2071 120
1747387558902 0.2071 120
1747387560860 0.2543 130
1747387560860 0.2543 130
1747387562797 0.2737 140
1747387562797 0.2737 140
1747387564751 0.3469 150
1747387564751 0.3469 150
1747387568368 0.2006 160
1747387568368 0.2006 160
1747387570314 0.1916 170
1747387570314 0.1916 170
1747387574409 0.1917 180
1747387574409 0.1917 180
1747387576384 0.1008 190
1747387576384 0.1008 190
1747387579988 0.1266 200
1747387579988 0.1266 200
1747387581952 0.1024 210
1747387581952 0.1024 210
1747387583921 0.0843 220
1747387583921 0.0843 220
1747387585871 0.0728 230
1747387585871 0.0728 230
1747387587844 0.1215 240
1747387587844 0.1215 240
1747387591461 0.1828 250
1747387591461 0.1828 250
1747387593430 0.1141 260
1747387593430 0.1141 260
1747387597663 0.1092 270
1747387597663 0.1092 270
1747387599640 0.0509 280
1747387599640 0.0509 280
1747387601603 0.0613 290
1747387601603 0.0613 290
1747387603604 0.0336 300
1747387603604 0.0336 300
1747387605633 0.0053 310
1747387605633 0.0053 310
1747387609414 0.0033 320
1747387609418 0.0033 320
1747387613071 0.0391 330
1747387613071 0.0391 330
1747387615056 0.0041 340
1747387615056 0.0041 340
1747387617006 0.0593 350
1747387617006 0.0593 350
