1747407803078 0.0228310502283105 10
1747407803080 0.0228310502283105 10
1747407807034 0.045662100456621 20
1747407807034 0.045662100456621 20
1747407812681 0.0684931506849315 30
1747407812682 0.0684931506849315 30
1747407816614 0.091324200913242 40
1747407816615 0.091324200913242 40
1747407820606 0.1141552511415525 50
1747407820608 0.1141552511415525 50
1747407824643 0.136986301369863 60
1747407824645 0.136986301369863 60
1747407828624 0.1598173515981735 70
1747407828627 0.1598173515981735 70
1747407834235 0.182648401826484 80
1747407834236 0.182648401826484 80
1747407839866 0.2054794520547945 90
1747407839865 0.2054794520547945 90
1747407845662 0.228310502283105 100
1747407845662 0.228310502283105 100
1747407851467 0.2511415525114155 110
1747407851468 0.2511415525114155 110
1747407855553 0.273972602739726 120
1747407855553 0.273972602739726 120
1747407859639 0.2968036529680365 130
1747407859641 0.2968036529680365 130
1747407863720 0.319634703196347 140
1747407863721 0.319634703196347 140
1747407869458 0.3424657534246575 150
1747407869459 0.3424657534246575 150
1747407873541 0.365296803652968 160
1747407873541 0.365296803652968 160
1747407877701 0.3881278538812785 170
1747407877702 0.3881278538812785 170
1747407883634 0.410958904109589 180
1747407883636 0.410958904109589 180
1747407887818 0.4337899543378995 190
1747407887819 0.4337899543378995 190
1747407891947 0.45662100456621 200
1747407891948 0.45662100456621 200
1747407896114 0.4794520547945205 210
1747407896115 0.4794520547945205 210
1747407900240 0.502283105022831 220
1747407900241 0.502283105022831 220
1747407906103 0.5251141552511416 230
1747407906105 0.5251141552511416 230
1747407910271 0.547945205479452 240
1747407910272 0.547945205479452 240
1747407914435 0.5707762557077626 250
1747407914436 0.5707762557077626 250
1747407920288 0.593607305936073 260
1747407920289 0.593607305936073 260
1747407924402 0.6164383561643836 270
1747407924402 0.6164383561643836 270
1747407928509 0.639269406392694 280
1747407928510 0.639269406392694 280
1747407932595 0.6621004566210046 290
1747407932596 0.6621004566210046 290
1747407938312 0.684931506849315 300
1747407938312 0.684931506849315 300
1747407942354 0.7077625570776256 310
1747407942355 0.7077625570776256 310
1747407946470 0.730593607305936 320
1747407946470 0.730593607305936 320
1747407950520 0.7534246575342466 330
1747407950520 0.7534246575342466 330
1747407956254 0.776255707762557 340
1747407956254 0.776255707762557 340
1747407960294 0.7990867579908676 350
1747407960295 0.7990867579908676 350
1747407964429 0.821917808219178 360
1747407964430 0.821917808219178 360
1747407968555 0.8447488584474886 370
1747407968556 0.8447488584474886 370
1747407974443 0.867579908675799 380
1747407974444 0.867579908675799 380
1747407978617 0.8904109589041096 390
1747407978617 0.8904109589041096 390
1747407982734 0.91324200913242 400
1747407982734 0.91324200913242 400
1747407986866 0.9360730593607306 410
1747407986866 0.9360730593607306 410
1747407990980 0.958904109589041 420
1747407990981 0.958904109589041 420
1747407995000 0.9817351598173516 430
1747407995000 0.9817351598173516 430
1747408010200 1.0 438
1747408010200 1.0 438
1747408012963 1.004566210045662 440
1747408012968 1.004566210045662 440
1747408018685 1.0273972602739727 450
1747408018685 1.0273972602739727 450
1747408024481 1.0502283105022832 460
1747408024481 1.0502283105022832 460
1747408028504 1.0730593607305936 470
1747408028504 1.0730593607305936 470
1747408034200 1.095890410958904 480
1747408034201 1.095890410958904 480
1747408038224 1.1187214611872145 490
1747408038224 1.1187214611872145 490
1747408042270 1.1415525114155252 500
1747408042271 1.1415525114155252 500
1747408046331 1.1643835616438356 510
1747408046331 1.1643835616438356 510
1747408050369 1.187214611872146 520
1747408050370 1.187214611872146 520
1747408054403 1.2100456621004567 530
1747408054403 1.2100456621004567 530
1747408058443 1.2328767123287672 540
1747408058444 1.2328767123287672 540
1747408062487 1.2557077625570776 550
1747408062488 1.2557077625570776 550
1747408066543 1.278538812785388 560
1747408066544 1.278538812785388 560
1747408070596 1.3013698630136985 570
1747408070597 1.3013698630136985 570
1747408074671 1.3242009132420092 580
1747408074672 1.3242009132420092 580
1747408078795 1.3470319634703196 590
1747408078796 1.3470319634703196 590
1747408083015 1.36986301369863 600
1747408083016 1.36986301369863 600
1747408087270 1.3926940639269407 610
1747408087271 1.3926940639269407 610
1747408093100 1.4155251141552512 620
1747408093103 1.4155251141552512 620
1747408098894 1.4383561643835616 630
1747408098895 1.4383561643835616 630
1747408103016 1.461187214611872 640
1747408103017 1.461187214611872 640
1747408107143 1.4840182648401825 650
1747408107143 1.4840182648401825 650
1747408111291 1.5068493150684932 660
1747408111293 1.5068493150684932 660
1747408115420 1.5296803652968036 670
1747408115421 1.5296803652968036 670
1747408119481 1.5525114155251143 680
1747408119482 1.5525114155251143 680
1747408123547 1.5753424657534247 690
1747408123548 1.5753424657534247 690
1747408127626 1.5981735159817352 700
1747408127626 1.5981735159817352 700
1747408131752 1.6210045662100456 710
1747408131752 1.6210045662100456 710
1747408135869 1.643835616438356 720
1747408135870 1.643835616438356 720
1747408139941 1.6666666666666665 730
1747408139941 1.6666666666666665 730
1747408144014 1.6894977168949772 740
1747408144015 1.6894977168949772 740
1747408148091 1.7123287671232876 750
1747408148091 1.7123287671232876 750
1747408153872 1.7351598173515983 760
1747408153875 1.7351598173515983 760
1747408157982 1.7579908675799087 770
1747408157983 1.7579908675799087 770
1747408162042 1.7808219178082192 780
1747408162042 1.7808219178082192 780
1747408166142 1.8036529680365296 790
1747408166142 1.8036529680365296 790
1747408170198 1.82648401826484 800
1747408170198 1.82648401826484 800
1747408174396 1.8493150684931505 810
1747408174397 1.8493150684931505 810
1747408178549 1.8721461187214612 820
1747408178550 1.8721461187214612 820
1747408184293 1.8949771689497716 830
1747408184293 1.8949771689497716 830
1747408188344 1.9178082191780823 840
1747408188344 1.9178082191780823 840
1747408194188 1.9406392694063928 850
1747408194188 1.9406392694063928 850
1747408198304 1.9634703196347032 860
1747408198304 1.9634703196347032 860
1747408202361 1.9863013698630136 870
1747408202361 1.9863013698630136 870
1747408217045 2.0 876
1747408217045 2.0 876
1747408220739 2.009132420091324 880
1747408220740 2.009132420091324 880
1747408224862 2.0319634703196345 890
1747408224863 2.0319634703196345 890
1747408230596 2.0547945205479454 900
1747408230596 2.0547945205479454 900
1747408234666 2.077625570776256 910
1747408234667 2.077625570776256 910
1747408238796 2.1004566210045663 920
1747408238796 2.1004566210045663 920
1747408244632 2.1232876712328768 930
1747408244632 2.1232876712328768 930
1747408248896 2.146118721461187 940
1747408248899 2.146118721461187 940
1747408254480 2.1689497716894977 950
1747408254480 2.1689497716894977 950
1747408258554 2.191780821917808 960
1747408258554 2.191780821917808 960
1747408264300 2.2146118721461185 970
1747408264301 2.2146118721461185 970
1747408268381 2.237442922374429 980
1747408268381 2.237442922374429 980
1747408272498 2.26027397260274 990
1747408272498 2.26027397260274 990
1747408276636 2.2831050228310503 1000
1747408276635 2.2831050228310503 1000
1747408280748 2.3059360730593608 1010
1747408280748 2.3059360730593608 1010
1747408284863 2.328767123287671 1020
1747408284864 2.328767123287671 1020
1747408289032 2.3515981735159817 1030
1747408289032 2.3515981735159817 1030
1747408293057 2.374429223744292 1040
1747408293058 2.374429223744292 1040
1747408297129 2.3972602739726026 1050
1747408297130 2.3972602739726026 1050
1747408302902 2.4200913242009134 1060
1747408302902 2.4200913242009134 1060
1747408306981 2.442922374429224 1070
1747408306981 2.442922374429224 1070
1747408311083 2.4657534246575343 1080
1747408311082 2.4657534246575343 1080
1747408315259 2.4885844748858448 1090
1747408315260 2.4885844748858448 1090
