1747407803078 3.469674825668335 10
1747407803080 3.469674825668335 10
1747407807034 0.12205981463193893 20
1747407807034 0.12205981463193893 20
1747407812681 0.07679902762174606 30
1747407812682 0.07679902762174606 30
1747407816614 2.477560520172119 40
1747407816615 2.477560520172119 40
1747407820606 0.06069767847657204 50
1747407820608 0.06069767847657204 50
1747407824643 0.008763591758906841 60
1747407824645 0.008763591758906841 60
1747407828624 0.006161059252917767 70
1747407828627 0.006161059252917767 70
1747407834235 0.045909952372312546 80
1747407834236 0.045909952372312546 80
1747407839865 0.03370431810617447 90
1747407839866 0.03370431810617447 90
1747407845662 0.28263819217681885 100
1747407845662 0.28263819217681885 100
1747407851467 0.050178393721580505 110
1747407851468 0.050178393721580505 110
1747407855553 0.044786933809518814 120
1747407855553 0.044786933809518814 120
1747407859639 0.08869296312332153 130
1747407859641 0.08869296312332153 130
1747407863720 0.026377825066447258 140
1747407863721 0.026377825066447258 140
1747407869458 0.01583756133913994 150
1747407869459 0.01583756133913994 150
1747407873541 0.010792314074933529 160
1747407873541 0.010792314074933529 160
1747407877701 0.007320485543459654 170
1747407877702 0.007320485543459654 170
1747407883634 0.006061034742742777 180
1747407883636 0.006061034742742777 180
1747407887818 0.005105891264975071 190
1747407887819 0.005105891264975071 190
1747407891947 0.004448455758392811 200
1747407891948 0.004448455758392811 200
1747407896114 0.00414815591648221 210
1747407896115 0.00414815591648221 210
1747407900240 0.003377326996996999 220
1747407900241 0.003377326996996999 220
1747407906103 0.0032811975106596947 230
1747407906105 0.0032811975106596947 230
1747407910271 0.00296015664935112 240
1747407910272 0.00296015664935112 240
1747407914435 0.003408116055652499 250
1747407914436 0.003408116055652499 250
1747407920288 0.0027895409148186445 260
1747407920289 0.0027895409148186445 260
1747407924402 0.0024922641459852457 270
1747407924402 0.0024922641459852457 270
1747407928509 0.002387126674875617 280
1747407928510 0.002387126674875617 280
1747407932595 0.00506424019113183 290
1747407932596 0.00506424019113183 290
1747407938312 0.01599903032183647 300
1747407938312 0.01599903032183647 300
1747407942354 0.647263765335083 310
1747407942355 0.647263765335083 310
1747407946470 0.05432523041963577 320
1747407946470 0.05432523041963577 320
1747407950520 0.03651701286435127 330
1747407950520 0.03651701286435127 330
1747407956254 0.007872261106967926 340
1747407956254 0.007872261106967926 340
1747407960294 0.00690128467977047 350
1747407960295 0.00690128467977047 350
1747407964429 0.00538415415212512 360
1747407964430 0.00538415415212512 360
1747407968555 0.003645774209871888 370
1747407968556 0.003645774209871888 370
1747407974443 0.0027610508259385824 380
1747407974444 0.0027610508259385824 380
1747407978617 0.002794911852106452 390
1747407978617 0.002794911852106452 390
1747407982734 0.0028861290775239468 400
1747407982734 0.0028861290775239468 400
1747407986866 0.01060082484036684 410
1747407986866 0.01060082484036684 410
1747407990980 0.004991613328456879 420
1747407990981 0.004991613328456879 420
1747407995000 0.01397829782217741 430
1747407995000 0.01397829782217741 430
1747408012963 0.007460647728294134 440
1747408012968 0.007460647728294134 440
1747408018685 0.007704158779233694 450
1747408018685 0.007704158779233694 450
1747408024481 0.06524400413036346 460
1747408024481 0.06524400413036346 460
1747408028504 0.03257240355014801 470
1747408028504 0.03257240355014801 470
1747408034200 0.009479573927819729 480
1747408034201 0.009479573927819729 480
1747408038224 0.0064594196155667305 490
1747408038224 0.0064594196155667305 490
1747408042270 0.004274423699826002 500
1747408042271 0.004274423699826002 500
1747408046331 0.003700810018926859 510
1747408046331 0.003700810018926859 510
1747408050369 2.6807901859283447 520
1747408050370 2.6807901859283447 520
1747408054403 0.010542210191488266 530
1747408054403 0.010542210191488266 530
1747408058443 0.007900331169366837 540
1747408058444 0.007900331169366837 540
1747408062487 0.0077703227289021015 550
1747408062488 0.0077703227289021015 550
1747408066543 0.006956131663173437 560
1747408066544 0.006956131663173437 560
1747408070596 0.004070466849952936 570
1747408070597 0.004070466849952936 570
1747408074671 0.004080150276422501 580
1747408074672 0.004080150276422501 580
1747408078795 0.0035486596170812845 590
1747408078796 0.0035486596170812845 590
1747408083015 0.003870125161483884 600
1747408083016 0.003870125161483884 600
1747408087270 0.0028542869258672 610
1747408087271 0.0028542869258672 610
1747408093100 0.002665693638846278 620
1747408093103 0.002665693638846278 620
1747408098894 0.002295113867148757 630
1747408098895 0.002295113867148757 630
1747408103016 0.002350143389776349 640
1747408103017 0.002350143389776349 640
1747408107143 0.002211758866906166 650
1747408107143 0.002211758866906166 650
1747408111291 0.002111593494191766 660
1747408111293 0.002111593494191766 660
1747408115420 0.002285358728840947 670
1747408115421 0.002285358728840947 670
1747408119481 0.0018762663239613175 680
1747408119482 0.0018762663239613175 680
1747408123547 0.0017259013839066029 690
1747408123548 0.0017259013839066029 690
1747408127626 0.002021186286583543 700
1747408127626 0.002021186286583543 700
1747408131752 0.0017146433237940073 710
1747408131752 0.0017146433237940073 710
1747408135869 0.0012838355032727122 720
1747408135870 0.0012838355032727122 720
1747408139941 0.001393909682519734 730
1747408139941 0.001393909682519734 730
1747408144014 0.0013419872848317027 740
1747408144015 0.0013419872848317027 740
1747408148091 0.0015873400261625648 750
1747408148091 0.0015873400261625648 750
1747408153872 0.0012453427771106362 760
1747408153875 0.0012453427771106362 760
1747408157982 0.0014657328138127923 770
1747408157983 0.0014657328138127923 770
1747408162042 0.001222045160830021 780
1747408162042 0.001222045160830021 780
1747408166142 0.001013734727166593 790
1747408166142 0.001013734727166593 790
1747408170198 0.001266963197849691 800
1747408170198 0.001266963197849691 800
1747408174396 0.001068685669451952 810
1747408174397 0.001068685669451952 810
1747408178549 0.0009580231853760779 820
1747408178550 0.0009580231853760779 820
1747408184293 0.0009649646817706525 830
1747408184293 0.0009649646817706525 830
1747408188344 0.0009670940926298499 840
1747408188344 0.0009670940926298499 840
1747408194188 0.0009944241028279066 850
1747408194188 0.0009944241028279066 850
1747408198304 0.0009562814375385642 860
1747408198304 0.0009562814375385642 860
1747408202361 0.0008863953989930451 870
1747408202361 0.0008863953989930451 870
1747408220739 0.0008436725474894047 880
1747408220740 0.0008436725474894047 880
1747408224862 0.0008981329738162458 890
1747408224863 0.0008981329738162458 890
1747408230596 0.000869430776219815 900
1747408230596 0.000869430776219815 900
1747408234666 0.0009448596392758191 910
1747408234667 0.0009448596392758191 910
1747408238796 0.0008501026313751936 920
1747408238796 0.0008501026313751936 920
1747408244632 0.0007353571709245443 930
1747408244632 0.0007353571709245443 930
1747408248896 0.0007145841955207288 940
1747408248899 0.0007145841955207288 940
1747408254480 0.0007761084125377238 950
1747408254480 0.0007761084125377238 950
1747408258554 0.0008181551820598543 960
1747408258554 0.0008181551820598543 960
1747408264300 0.0007204251596704125 970
1747408264301 0.0007204251596704125 970
1747408268381 0.0007216662634164095 980
1747408268381 0.0007216662634164095 980
1747408272498 0.0006403705338016152 990
1747408272498 0.0006403705338016152 990
1747408276636 0.0006383218569681048 1000
1747408276635 0.0006383218569681048 1000
1747408280748 0.000636397919151932 1010
1747408280748 0.000636397919151932 1010
1747408284863 0.0006843229639343917 1020
1747408284864 0.0006843229639343917 1020
1747408289032 0.0005786704714410007 1030
1747408289032 0.0005786704714410007 1030
1747408293057 0.0006148233660496771 1040
1747408293058 0.0006148233660496771 1040
1747408297129 0.0006278993678279221 1050
1747408297130 0.0006278993678279221 1050
1747408302902 0.0005316201713867486 1060
1747408302902 0.0005316201713867486 1060
1747408306981 0.0005587378400377929 1070
1747408306981 0.0005587378400377929 1070
1747408311082 0.0006946318317204714 1080
1747408311083 0.0006946318317204714 1080
1747408315259 0.0007339995354413986 1090
1747408315260 0.0007339995354413986 1090
