1747407803078 4.988584474885845e-05 10
1747407803080 4.988584474885845e-05 10
1747407807034 4.977168949771689e-05 20
1747407807034 4.977168949771689e-05 20
1747407812681 4.9657534246575346e-05 30
1747407812682 4.9657534246575346e-05 30
1747407816614 4.9543378995433794e-05 40
1747407816615 4.9543378995433794e-05 40
1747407820606 4.942922374429224e-05 50
1747407820608 4.942922374429224e-05 50
1747407824643 4.9315068493150684e-05 60
1747407824645 4.9315068493150684e-05 60
1747407828624 4.920091324200913e-05 70
1747407828627 4.920091324200913e-05 70
1747407834235 4.908675799086758e-05 80
1747407834236 4.908675799086758e-05 80
1747407839865 4.8972602739726034e-05 90
1747407839866 4.8972602739726034e-05 90
1747407845662 4.8858447488584476e-05 100
1747407845662 4.8858447488584476e-05 100
1747407851467 4.8744292237442924e-05 110
1747407851468 4.8744292237442924e-05 110
1747407855553 4.863013698630137e-05 120
1747407855553 4.863013698630137e-05 120
1747407859639 4.851598173515982e-05 130
1747407859641 4.851598173515982e-05 130
1747407863720 4.840182648401827e-05 140
1747407863721 4.840182648401827e-05 140
1747407869458 4.8287671232876716e-05 150
1747407869459 4.8287671232876716e-05 150
1747407873541 4.8173515981735164e-05 160
1747407873541 4.8173515981735164e-05 160
1747407877701 4.805936073059361e-05 170
1747407877702 4.805936073059361e-05 170
1747407883634 4.794520547945205e-05 180
1747407883636 4.794520547945205e-05 180
1747407887818 4.78310502283105e-05 190
1747407887819 4.78310502283105e-05 190
1747407891947 4.7716894977168955e-05 200
1747407891948 4.7716894977168955e-05 200
1747407896114 4.7602739726027403e-05 210
1747407896115 4.7602739726027403e-05 210
1747407900240 4.7488584474885845e-05 220
1747407900241 4.7488584474885845e-05 220
1747407906103 4.737442922374429e-05 230
1747407906105 4.737442922374429e-05 230
1747407910271 4.726027397260274e-05 240
1747407910272 4.726027397260274e-05 240
1747407914435 4.714611872146119e-05 250
1747407914436 4.714611872146119e-05 250
1747407920288 4.703196347031964e-05 260
1747407920289 4.703196347031964e-05 260
1747407924402 4.6917808219178085e-05 270
1747407924402 4.6917808219178085e-05 270
1747407928509 4.680365296803653e-05 280
1747407928510 4.680365296803653e-05 280
1747407932595 4.668949771689498e-05 290
1747407932596 4.668949771689498e-05 290
1747407938312 4.657534246575342e-05 300
1747407938312 4.657534246575342e-05 300
1747407942354 4.646118721461187e-05 310
1747407942355 4.646118721461187e-05 310
1747407946470 4.6347031963470325e-05 320
1747407946470 4.6347031963470325e-05 320
1747407950520 4.623287671232877e-05 330
1747407950520 4.623287671232877e-05 330
1747407956254 4.6118721461187214e-05 340
1747407956254 4.6118721461187214e-05 340
1747407960294 4.600456621004566e-05 350
1747407960295 4.600456621004566e-05 350
1747407964429 4.589041095890411e-05 360
1747407964430 4.589041095890411e-05 360
1747407968555 4.577625570776256e-05 370
1747407968556 4.577625570776256e-05 370
1747407974443 4.5662100456621006e-05 380
1747407974444 4.5662100456621006e-05 380
1747407978617 4.5547945205479454e-05 390
1747407978617 4.5547945205479454e-05 390
1747407982734 4.54337899543379e-05 400
1747407982734 4.54337899543379e-05 400
1747407986866 4.531963470319635e-05 410
1747407986866 4.531963470319635e-05 410
1747407990980 4.520547945205479e-05 420
1747407990981 4.520547945205479e-05 420
1747407995000 4.5091324200913246e-05 430
1747407995000 4.5091324200913246e-05 430
1747408012963 4.4977168949771694e-05 440
1747408012968 4.4977168949771694e-05 440
1747408018685 4.486301369863014e-05 450
1747408018685 4.486301369863014e-05 450
1747408024481 4.474885844748858e-05 460
1747408024481 4.474885844748858e-05 460
1747408028504 4.463470319634703e-05 470
1747408028504 4.463470319634703e-05 470
1747408034200 4.452054794520548e-05 480
1747408034201 4.452054794520548e-05 480
1747408038224 4.4406392694063934e-05 490
1747408038224 4.4406392694063934e-05 490
1747408042270 4.4292237442922375e-05 500
1747408042271 4.4292237442922375e-05 500
1747408046331 4.417808219178082e-05 510
1747408046331 4.417808219178082e-05 510
1747408050369 4.406392694063927e-05 520
1747408050370 4.406392694063927e-05 520
1747408054403 4.394977168949772e-05 530
1747408054403 4.394977168949772e-05 530
1747408058443 4.383561643835617e-05 540
1747408058444 4.383561643835617e-05 540
1747408062487 4.3721461187214615e-05 550
1747408062488 4.3721461187214615e-05 550
1747408066543 4.360730593607306e-05 560
1747408066544 4.360730593607306e-05 560
1747408070596 4.349315068493151e-05 570
1747408070597 4.349315068493151e-05 570
1747408074671 4.337899543378995e-05 580
1747408074672 4.337899543378995e-05 580
1747408078795 4.32648401826484e-05 590
1747408078796 4.32648401826484e-05 590
1747408083015 4.3150684931506855e-05 600
1747408083016 4.3150684931506855e-05 600
1747408087270 4.30365296803653e-05 610
1747408087271 4.30365296803653e-05 610
1747408093100 4.2922374429223744e-05 620
1747408093103 4.2922374429223744e-05 620
1747408098894 4.280821917808219e-05 630
1747408098895 4.280821917808219e-05 630
1747408103016 4.269406392694064e-05 640
1747408103017 4.269406392694064e-05 640
1747408107143 4.257990867579909e-05 650
1747408107143 4.257990867579909e-05 650
1747408111291 4.2465753424657536e-05 660
1747408111293 4.2465753424657536e-05 660
1747408115420 4.2351598173515984e-05 670
1747408115421 4.2351598173515984e-05 670
1747408119481 4.223744292237443e-05 680
1747408119482 4.223744292237443e-05 680
1747408123547 4.212328767123288e-05 690
1747408123548 4.212328767123288e-05 690
1747408127626 4.200913242009132e-05 700
1747408127626 4.200913242009132e-05 700
1747408131752 4.1894977168949776e-05 710
1747408131752 4.1894977168949776e-05 710
1747408135869 4.1780821917808224e-05 720
1747408135870 4.1780821917808224e-05 720
1747408139941 4.166666666666667e-05 730
1747408139941 4.166666666666667e-05 730
1747408144014 4.155251141552511e-05 740
1747408144015 4.155251141552511e-05 740
1747408148091 4.143835616438356e-05 750
1747408148091 4.143835616438356e-05 750
1747408153872 4.132420091324201e-05 760
1747408153875 4.132420091324201e-05 760
1747408157982 4.121004566210046e-05 770
1747408157983 4.121004566210046e-05 770
1747408162042 4.1095890410958905e-05 780
1747408162042 4.1095890410958905e-05 780
1747408166142 4.098173515981735e-05 790
1747408166142 4.098173515981735e-05 790
1747408170198 4.08675799086758e-05 800
1747408170198 4.08675799086758e-05 800
1747408174396 4.075342465753425e-05 810
1747408174397 4.075342465753425e-05 810
1747408178549 4.063926940639269e-05 820
1747408178550 4.063926940639269e-05 820
1747408184293 4.0525114155251145e-05 830
1747408184293 4.0525114155251145e-05 830
1747408188344 4.041095890410959e-05 840
1747408188344 4.041095890410959e-05 840
1747408194188 4.029680365296804e-05 850
1747408194188 4.029680365296804e-05 850
1747408198304 4.018264840182648e-05 860
1747408198304 4.018264840182648e-05 860
1747408202361 4.006849315068493e-05 870
1747408202361 4.006849315068493e-05 870
1747408220739 3.995433789954338e-05 880
1747408220740 3.995433789954338e-05 880
1747408224862 3.984018264840183e-05 890
1747408224863 3.984018264840183e-05 890
1747408230596 3.9726027397260274e-05 900
1747408230596 3.9726027397260274e-05 900
1747408234666 3.961187214611872e-05 910
1747408234667 3.961187214611872e-05 910
1747408238796 3.949771689497717e-05 920
1747408238796 3.949771689497717e-05 920
1747408244632 3.938356164383562e-05 930
1747408244632 3.938356164383562e-05 930
1747408248896 3.9269406392694066e-05 940
1747408248899 3.9269406392694066e-05 940
1747408254480 3.9155251141552514e-05 950
1747408254480 3.9155251141552514e-05 950
1747408258554 3.904109589041096e-05 960
1747408258554 3.904109589041096e-05 960
1747408264300 3.892694063926941e-05 970
1747408264301 3.892694063926941e-05 970
1747408268381 3.881278538812785e-05 980
1747408268381 3.881278538812785e-05 980
1747408272498 3.86986301369863e-05 990
1747408272498 3.86986301369863e-05 990
1747408276636 3.8584474885844754e-05 1000
1747408276635 3.8584474885844754e-05 1000
1747408280748 3.84703196347032e-05 1010
1747408280748 3.84703196347032e-05 1010
1747408284863 3.8356164383561644e-05 1020
1747408284864 3.8356164383561644e-05 1020
1747408289032 3.824200913242009e-05 1030
1747408289032 3.824200913242009e-05 1030
1747408293057 3.812785388127854e-05 1040
1747408293058 3.812785388127854e-05 1040
1747408297129 3.801369863013699e-05 1050
1747408297130 3.801369863013699e-05 1050
1747408302902 3.7899543378995436e-05 1060
1747408302902 3.7899543378995436e-05 1060
1747408306981 3.7785388127853884e-05 1070
1747408306981 3.7785388127853884e-05 1070
1747408311082 3.767123287671233e-05 1080
1747408311083 3.767123287671233e-05 1080
1747408315259 3.755707762557078e-05 1090
1747408315260 3.755707762557078e-05 1090
