1747407803078 0.5677 10
1747407803080 0.5677 10
1747407807034 0.0789 20
1747407807034 0.0789 20
1747407812681 0.1954 30
1747407812682 0.1954 30
1747407816614 0.071 40
1747407816615 0.071 40
1747407820606 0.1517 50
1747407820608 0.1517 50
1747407824643 0.0444 60
1747407824645 0.0444 60
1747407828624 0.0008 70
1747407828627 0.0008 70
1747407834235 0.0864 80
1747407834236 0.0864 80
1747407839865 0.0196 90
1747407839866 0.0196 90
1747407845662 0.0939 100
1747407845662 0.0939 100
1747407851467 0.0393 110
1747407851468 0.0393 110
1747407855553 0.0054 120
1747407855553 0.0054 120
1747407859639 0.092 130
1747407859641 0.092 130
1747407863720 0.0023 140
1747407863721 0.0023 140
1747407869458 0.0009 150
1747407869459 0.0009 150
1747407873541 0.0005 160
1747407873541 0.0005 160
1747407877701 0.0004 170
1747407877702 0.0004 170
1747407883634 0.0003 180
1747407883636 0.0003 180
1747407887818 0.0002 190
1747407887819 0.0002 190
1747407891947 0.0002 200
1747407891948 0.0002 200
1747407896114 0.0002 210
1747407896115 0.0002 210
1747407900240 0.0002 220
1747407900241 0.0002 220
1747407906103 0.0002 230
1747407906105 0.0002 230
1747407910271 0.0001 240
1747407910272 0.0001 240
1747407914435 0.0001 250
1747407914436 0.0001 250
1747407920288 0.0001 260
1747407920289 0.0001 260
1747407924402 0.0001 270
1747407924402 0.0001 270
1747407928509 0.0001 280
1747407928510 0.0001 280
1747407932595 0.0563 290
1747407932596 0.0563 290
1747407938312 0.0015 300
1747407938312 0.0015 300
1747407942354 0.0145 310
1747407942355 0.0145 310
1747407946470 0.0509 320
1747407946470 0.0509 320
1747407950520 0.0017 330
1747407950520 0.0017 330
1747407956254 0.0006 340
1747407956254 0.0006 340
1747407960294 0.0003 350
1747407960295 0.0003 350
1747407964429 0.0002 360
1747407964430 0.0002 360
1747407968555 0.0002 370
1747407968556 0.0002 370
1747407974443 0.0002 380
1747407974444 0.0002 380
1747407978617 0.0001 390
1747407978617 0.0001 390
1747407982734 0.0001 400
1747407982734 0.0001 400
1747407986866 0.0001 410
1747407986866 0.0001 410
1747407990980 0.0575 420
1747407990981 0.0575 420
1747407995000 0.0563 430
1747407995000 0.0563 430
1747408012963 0.0004 440
1747408012968 0.0004 440
1747408018685 0.0004 450
1747408018685 0.0004 450
1747408024481 0.0499 460
1747408024481 0.0499 460
1747408028504 0.0014 470
1747408028504 0.0014 470
1747408034200 0.0006 480
1747408034201 0.0006 480
1747408038224 0.0003 490
1747408038224 0.0003 490
1747408042270 0.0002 500
1747408042271 0.0002 500
1747408046331 0.0003 510
1747408046331 0.0003 510
1747408050369 0.0935 520
1747408050370 0.0935 520
1747408054403 0.0005 530
1747408054403 0.0005 530
1747408058443 0.0006 540
1747408058444 0.0006 540
1747408062487 0.0005 550
1747408062488 0.0005 550
1747408066543 0.0003 560
1747408066544 0.0003 560
1747408070596 0.0002 570
1747408070597 0.0002 570
1747408074671 0.0002 580
1747408074672 0.0002 580
1747408078795 0.0002 590
1747408078796 0.0002 590
1747408083015 0.0001 600
1747408083016 0.0001 600
1747408087270 0.0001 610
1747408087271 0.0001 610
1747408093100 0.0001 620
1747408093103 0.0001 620
1747408098894 0.0001 630
1747408098895 0.0001 630
1747408103016 0.0001 640
1747408103017 0.0001 640
1747408107143 0.0001 650
1747408107143 0.0001 650
1747408111291 0.0001 660
1747408111293 0.0001 660
1747408115420 0.0001 670
1747408115421 0.0001 670
1747408119481 0.0001 680
1747408119482 0.0001 680
1747408123547 0.0001 690
1747408123548 0.0001 690
1747408127626 0.0001 700
1747408127626 0.0001 700
1747408131752 0.0001 710
1747408131752 0.0001 710
1747408135869 0.0001 720
1747408135870 0.0001 720
1747408139941 0.0001 730
1747408139941 0.0001 730
1747408144014 0.0001 740
1747408144015 0.0001 740
1747408148091 0.0001 750
1747408148091 0.0001 750
1747408153872 0.0001 760
1747408153875 0.0001 760
1747408157982 0.0001 770
1747408157983 0.0001 770
1747408162042 0.0001 780
1747408162042 0.0001 780
1747408166142 0.0 790
1747408166142 0.0 790
1747408170198 0.0 800
1747408170198 0.0 800
1747408174396 0.0 810
1747408174397 0.0 810
1747408178549 0.0 820
1747408178550 0.0 820
1747408184293 0.0 830
1747408184293 0.0 830
1747408188344 0.0 840
1747408188344 0.0 840
1747408194188 0.0 850
1747408194188 0.0 850
1747408198304 0.0 860
1747408198304 0.0 860
1747408202361 0.0 870
1747408202361 0.0 870
1747408220739 0.0 880
1747408220740 0.0 880
1747408224863 0.0 890
1747408224862 0.0 890
1747408230596 0.0 900
1747408230596 0.0 900
1747408234666 0.0 910
1747408234667 0.0 910
1747408238796 0.0 920
1747408238796 0.0 920
1747408244632 0.0 930
1747408244632 0.0 930
1747408248896 0.0 940
1747408248899 0.0 940
1747408254480 0.0 950
1747408254480 0.0 950
1747408258554 0.0 960
1747408258554 0.0 960
1747408264300 0.0 970
1747408264301 0.0 970
1747408268381 0.0 980
1747408268381 0.0 980
1747408272498 0.0 990
1747408272498 0.0 990
1747408276636 0.0 1000
1747408276635 0.0 1000
1747408280748 0.0 1010
1747408280748 0.0 1010
1747408284863 0.0 1020
1747408284864 0.0 1020
1747408289032 0.0 1030
1747408289032 0.0 1030
1747408293057 0.0 1040
1747408293058 0.0 1040
1747408297129 0.0 1050
1747408297130 0.0 1050
1747408302902 0.0 1060
1747408302902 0.0 1060
1747408306981 0.0 1070
1747408306981 0.0 1070
1747408311082 0.0 1080
1747408311083 0.0 1080
1747408315259 0.0 1090
1747408315260 0.0 1090
