1747239979427 1.0 9
1747239979427 1.0 9
1747239983704 1.1111111111111112 10
1747239983704 1.1111111111111112 10
1747240005364 2.0 18
1747240005364 2.0 18
1747240012484 2.2222222222222223 20
1747240012484 2.2222222222222223 20
1747240031208 3.0 27
1747240031208 3.0 27
1747240041298 3.3333333333333335 30
1747240041298 3.3333333333333335 30
1747240057013 4.0 36
1747240057013 4.0 36
1747240070163 4.444444444444445 40
1747240070163 4.444444444444445 40
1747240083300 5.0 45
1747240083300 5.0 45
1747240099341 5.555555555555555 50
1747240099341 5.555555555555555 50
1747240109216 6.0 54
1747240109218 6.0 54
1747240128090 6.666666666666667 60
1747240128090 6.666666666666667 60
1747240135027 7.0 63
1747240135027 7.0 63
1747240156792 7.777777777777778 70
1747240156792 7.777777777777778 70
1747240160900 8.0 72
1747240160900 8.0 72
1747240162281 8.0 72
1747240162284 8.0 72
