1747239983704 4.4444444444444447e-05 10
1747239983704 4.4444444444444447e-05 10
1747240012484 3.888888888888889e-05 20
1747240012484 3.888888888888889e-05 20
1747240041298 3.3333333333333335e-05 30
1747240041298 3.3333333333333335e-05 30
1747240070163 2.777777777777778e-05 40
1747240070163 2.777777777777778e-05 40
1747240099341 2.2222222222222223e-05 50
1747240099341 2.2222222222222223e-05 50
1747240128090 1.6666666666666667e-05 60
1747240128090 1.6666666666666667e-05 60
1747240156792 1.1111111111111112e-05 70
1747240156792 1.1111111111111112e-05 70
