1744277055053 0.056179775280898875 10
1744277055054 0.056179775280898875 10
1744277061740 0.11235955056179775 20
1744277061743 0.11235955056179775 20
1744277065909 0.16853932584269662 30
1744277065910 0.16853932584269662 30
1744277069837 0.2247191011235955 40
1744277069838 0.2247191011235955 40
1744277073841 0.2808988764044944 50
1744277073842 0.2808988764044944 50
1744277077700 0.33707865168539325 60
1744277077701 0.33707865168539325 60
1744277081561 0.39325842696629215 70
1744277081562 0.39325842696629215 70
1744277085433 0.449438202247191 80
1744277085434 0.449438202247191 80
1744277089357 0.5056179775280899 90
1744277089356 0.5056179775280899 90
1744277093226 0.5617977528089888 100
1744277093227 0.5617977528089888 100
1744277098606 0.6179775280898876 110
1744277098607 0.6179775280898876 110
1744277102530 0.6741573033707865 120
1744277102531 0.6741573033707865 120
1744277108025 0.7303370786516854 130
1744277108025 0.7303370786516854 130
1744277111908 0.7865168539325843 140
1744277111909 0.7865168539325843 140
1744277115800 0.8426966292134831 150
1744277115801 0.8426966292134831 150
1744277119727 0.898876404494382 160
1744277119726 0.898876404494382 160
1744277125238 0.9550561797752809 170
1744277125238 0.9550561797752809 170
1744277132875 1.0 178
1744277132875 1.0 178
1744277133683 1.0112359550561798 180
1744277133682 1.0112359550561798 180
1744277137627 1.0674157303370786 190
1744277137628 1.0674157303370786 190
1744277141578 1.1235955056179776 200
1744277141578 1.1235955056179776 200
1744277146833 1.1797752808988764 210
1744277146834 1.1797752808988764 210
1744277152488 1.2359550561797752 220
1744277152489 1.2359550561797752 220
1744277158064 1.2921348314606742 230
1744277158064 1.2921348314606742 230
1744277162024 1.348314606741573 240
1744277162025 1.348314606741573 240
1744277167340 1.404494382022472 250
1744277167343 1.404494382022472 250
1744277171530 1.4606741573033708 260
1744277171531 1.4606741573033708 260
1744277177161 1.5168539325842696 270
1744277177162 1.5168539325842696 270
1744277181137 1.5730337078651684 280
1744277181138 1.5730337078651684 280
1744277185151 1.6292134831460674 290
1744277185152 1.6292134831460674 290
1744277190785 1.6853932584269664 300
1744277190785 1.6853932584269664 300
1744277196145 1.7415730337078652 310
1744277196145 1.7415730337078652 310
1744277200210 1.797752808988764 320
1744277200212 1.797752808988764 320
1744277204211 1.8539325842696628 330
1744277204213 1.8539325842696628 330
1744277208247 1.9101123595505618 340
1744277208248 1.9101123595505618 340
1744277212282 1.9662921348314608 350
1744277212282 1.9662921348314608 350
1744277221008 2.0 356
1744277221009 2.0 356
1744277222641 2.0224719101123596 360
1744277222642 2.0224719101123596 360
1744277226669 2.0786516853932584 370
1744277226669 2.0786516853932584 370
1744277232303 2.134831460674157 380
1744277232304 2.134831460674157 380
1744277236358 2.191011235955056 390
1744277236359 2.191011235955056 390
1744277240442 2.247191011235955 400
1744277240443 2.247191011235955 400
1744277247660 2.303370786516854 410
1744277247662 2.303370786516854 410
1744277253377 2.359550561797753 420
1744277253377 2.359550561797753 420
1744277257442 2.4157303370786516 430
1744277257443 2.4157303370786516 430
1744277261534 2.4719101123595504 440
1744277261535 2.4719101123595504 440
1744277265625 2.5280898876404496 450
1744277265626 2.5280898876404496 450
1744277274577 2.5842696629213484 460
1744277274578 2.5842696629213484 460
1744277278718 2.640449438202247 470
1744277278717 2.640449438202247 470
1744277282964 2.696629213483146 480
1744277282965 2.696629213483146 480
1744277287107 2.752808988764045 490
1744277287108 2.752808988764045 490
1744277291265 2.808988764044944 500
1744277291266 2.808988764044944 500
1744277296856 2.865168539325843 510
1744277296855 2.865168539325843 510
1744277300956 2.9213483146067416 520
1744277300957 2.9213483146067416 520
1744277305028 2.9775280898876404 530
1744277305029 2.9775280898876404 530
1744277313138 3.0 534
1744277313140 3.0 534
1744277313133 3.0 534
1744277313133 3.0 534
1744286830981 3.0 534
1744286830988 3.0 534
1744286837249 3.0 534
1744286837250 3.0 534
1744286962445 3.0 534
1744286962451 3.0 534
1744286967088 3.0 534
1744286967089 3.0 534
1744288253030 3.0 534
1744288253036 3.0 534
1744288259310 3.0 534
1744288259312 3.0 534
1744288318412 3.0 534
1744288318417 3.0 534
1744288323025 3.0 534
1744288323026 3.0 534
1744288905032 3.0 534
1744288905037 3.0 534
1744288911257 3.0 534
1744288911258 3.0 534
1744289677848 3.0 534
1744289711965 3.0 534
1744290701638 3.0 534
1744290701643 3.0 534
1744290709492 3.0 534
1744290709493 3.0 534
1744291076340 3.0 534
1744291076338 3.0 534
1744291082698 3.0 534
1744291082698 3.0 534
1744291340880 3.0 534
1744291340887 3.0 534
1744291347155 3.0 534
1744291347156 3.0 534
1744291579556 3.0 534
1744291579563 3.0 534
1744291585795 3.0 534
1744291585796 3.0 534
1744291746164 3.0 534
1744291746169 3.0 534
1744291750770 3.0 534
1744291750771 3.0 534
1744291798153 3.0 534
1744291798157 3.0 534
1744291802772 3.0 534
1744291802773 3.0 534
1744291877489 3.0 534
1744291877493 3.0 534
1744291882101 3.0 534
1744291882100 3.0 534
