1744277055053 4.906367041198502e-05 10
1744277055054 4.906367041198502e-05 10
1744277061740 4.812734082397004e-05 20
1744277061743 4.812734082397004e-05 20
1744277065909 4.719101123595506e-05 30
1744277065910 4.719101123595506e-05 30
1744277069837 4.625468164794008e-05 40
1744277069838 4.625468164794008e-05 40
1744277073841 4.531835205992509e-05 50
1744277073842 4.531835205992509e-05 50
1744277077700 4.438202247191011e-05 60
1744277077701 4.438202247191011e-05 60
1744277081561 4.344569288389513e-05 70
1744277081562 4.344569288389513e-05 70
1744277085433 4.250936329588015e-05 80
1744277085434 4.250936329588015e-05 80
1744277089357 4.157303370786517e-05 90
1744277089356 4.157303370786517e-05 90
1744277093226 4.063670411985019e-05 100
1744277093227 4.063670411985019e-05 100
1744277098606 3.970037453183521e-05 110
1744277098607 3.970037453183521e-05 110
1744277102530 3.876404494382023e-05 120
1744277102531 3.876404494382023e-05 120
1744277108025 3.782771535580524e-05 130
1744277108025 3.782771535580524e-05 130
1744277111908 3.689138576779027e-05 140
1744277111909 3.689138576779027e-05 140
1744277115800 3.595505617977528e-05 150
1744277115801 3.595505617977528e-05 150
1744277119727 3.5018726591760305e-05 160
1744277119726 3.5018726591760305e-05 160
1744277125238 3.408239700374532e-05 170
1744277125238 3.408239700374532e-05 170
1744277133683 3.314606741573034e-05 180
1744277133682 3.314606741573034e-05 180
1744277137627 3.220973782771536e-05 190
1744277137628 3.220973782771536e-05 190
1744277141578 3.1273408239700376e-05 200
1744277141578 3.1273408239700376e-05 200
1744277146833 3.0337078651685396e-05 210
1744277146834 3.0337078651685396e-05 210
1744277152488 2.940074906367041e-05 220
1744277152489 2.940074906367041e-05 220
1744277158064 2.846441947565543e-05 230
1744277158064 2.846441947565543e-05 230
1744277162024 2.752808988764045e-05 240
1744277162025 2.752808988764045e-05 240
1744277167340 2.6591760299625466e-05 250
1744277167343 2.6591760299625466e-05 250
1744277171530 2.565543071161049e-05 260
1744277171531 2.565543071161049e-05 260
1744277177161 2.4719101123595505e-05 270
1744277177162 2.4719101123595505e-05 270
1744277181137 2.3782771535580524e-05 280
1744277181138 2.3782771535580524e-05 280
1744277185151 2.2846441947565544e-05 290
1744277185152 2.2846441947565544e-05 290
1744277190785 2.1910112359550563e-05 300
1744277190785 2.1910112359550563e-05 300
1744277196145 2.0973782771535582e-05 310
1744277196145 2.0973782771535582e-05 310
1744277200210 2.00374531835206e-05 320
1744277200212 2.00374531835206e-05 320
1744277204211 1.9101123595505618e-05 330
1744277204213 1.9101123595505618e-05 330
1744277208247 1.8164794007490637e-05 340
1744277208248 1.8164794007490637e-05 340
1744277212282 1.7228464419475657e-05 350
1744277212282 1.7228464419475657e-05 350
1744277222641 1.6292134831460676e-05 360
1744277222642 1.6292134831460676e-05 360
1744277226669 1.5355805243445692e-05 370
1744277226669 1.5355805243445692e-05 370
1744277232303 1.4419475655430711e-05 380
1744277232304 1.4419475655430711e-05 380
1744277236358 1.348314606741573e-05 390
1744277236359 1.348314606741573e-05 390
1744277240442 1.254681647940075e-05 400
1744277240443 1.254681647940075e-05 400
1744277247660 1.161048689138577e-05 410
1744277247662 1.161048689138577e-05 410
1744277253377 1.0674157303370787e-05 420
1744277253377 1.0674157303370787e-05 420
1744277257442 9.737827715355806e-06 430
1744277257443 9.737827715355806e-06 430
1744277261534 8.801498127340826e-06 440
1744277261535 8.801498127340826e-06 440
1744277265625 7.865168539325843e-06 450
1744277265626 7.865168539325843e-06 450
1744277274577 6.928838951310862e-06 460
1744277274578 6.928838951310862e-06 460
1744277278718 5.9925093632958805e-06 470
1744277278717 5.9925093632958805e-06 470
1744277282964 5.056179775280899e-06 480
1744277282965 5.056179775280899e-06 480
1744277287107 4.1198501872659175e-06 490
1744277287108 4.1198501872659175e-06 490
1744277291265 3.1835205992509364e-06 500
1744277291266 3.1835205992509364e-06 500
1744277296856 2.247191011235955e-06 510
1744277296855 2.247191011235955e-06 510
1744277300956 1.310861423220974e-06 520
1744277300957 1.310861423220974e-06 520
1744277305028 3.7453183520599253e-07 530
1744277305029 3.7453183520599253e-07 530
