1744277313138 262.1637 534
1744277313140 262.1637 534
1744286830981 0.027 534
1744286830988 0.027 534
1744286962445 0.024 534
1744286962451 0.024 534
1744288253030 0.0475 534
1744288253036 0.0475 534
1744288318412 0.0275 534
1744288318417 0.0275 534
1744288905032 0.0282 534
1744288905037 0.0282 534
1744289677848 0.0276 534
1744289711965 0.031 534
1744290701638 0.0272 534
1744290701643 0.0272 534
1744291076338 0.06 534
1744291076340 0.06 534
1744291340880 0.0249 534
1744291340887 0.0249 534
1744291579556 0.028 534
1744291579563 0.028 534
1744291746164 0.0267 534
1744291746169 0.0267 534
1744291798153 0.0263 534
1744291798157 0.0263 534
1744291877489 0.026 534
1744291877493 0.026 534
