1744277313138 0.4085405784264932 534
1744277313140 0.4085405784264932 534
1744286830981 0.0 534
1744286830988 0.0 534
1744286962445 0.0 534
1744286962451 0.0 534
1744288253030 0.0 534
1744288253036 0.0 534
1744288318412 0.0 534
1744288318417 0.0 534
1744288905032 0.0 534
1744288905037 0.0 534
1744289677848 0.0 534
1744289711965 0.0 534
1744290701638 0.0 534
1744290701643 0.0 534
1744291076340 0.0 534
1744291076338 0.0 534
1744291340880 0.0 534
1744291340887 0.0 534
1744291579556 0.0 534
1744291579563 0.0 534
1744291746164 0.0 534
1744291746169 0.0 534
1744291798153 0.0 534
1744291798157 0.0 534
1744291877489 0.0 534
1744291877493 0.0 534
