1747392956761 0.10638297872340426 10
1747392956760 0.10638297872340426 10
1747392958750 0.2127659574468085 20
1747392958751 0.2127659574468085 20
1747392960718 0.3191489361702128 30
1747392960719 0.3191489361702128 30
1747392962712 0.425531914893617 40
1747392962713 0.425531914893617 40
1747392964702 0.5319148936170213 50
1747392964703 0.5319148936170213 50
1747392966675 0.6382978723404256 60
1747392966676 0.6382978723404256 60
1747392968648 0.7446808510638298 70
1747392968650 0.7446808510638298 70
1747392970674 0.851063829787234 80
1747392970675 0.851063829787234 80
1747392972758 0.9574468085106383 90
1747392972759 0.9574468085106383 90
1747392974881 1.0 94
1747392974882 1.0 94
1747392977637 1.0638297872340425 100
1747392977638 1.0638297872340425 100
1747392979686 1.1702127659574468 110
1747392979687 1.1702127659574468 110
1747392981777 1.2765957446808511 120
1747392981775 1.2765957446808511 120
1747392983810 1.3829787234042552 130
1747392983811 1.3829787234042552 130
1747392985853 1.4893617021276595 140
1747392985854 1.4893617021276595 140
1747392987917 1.5957446808510638 150
1747392987918 1.5957446808510638 150
1747392989992 1.702127659574468 160
1747392989993 1.702127659574468 160
1747392991985 1.8085106382978724 170
1747392991986 1.8085106382978724 170
1747392994021 1.9148936170212765 180
1747392994022 1.9148936170212765 180
1747392996859 2.0 188
1747392996859 2.0 188
1747392998595 2.021276595744681 190
1747392998596 2.021276595744681 190
1747393000656 2.127659574468085 200
1747393000657 2.127659574468085 200
1747393002696 2.2340425531914896 210
1747393002697 2.2340425531914896 210
1747393004768 2.3404255319148937 220
1747393004769 2.3404255319148937 220
1747393006798 2.4468085106382977 230
1747393006800 2.4468085106382977 230
1747393008888 2.5531914893617023 240
1747393008889 2.5531914893617023 240
1747393010979 2.6595744680851063 250
1747393010980 2.6595744680851063 250
1747393013002 2.7659574468085104 260
1747393013003 2.7659574468085104 260
1747393014968 2.872340425531915 270
1747393014969 2.872340425531915 270
1747393017583 2.978723404255319 280
1747393017589 2.978723404255319 280
1747393020232 3.0 282
1747393020233 3.0 282
1747393023938 3.0851063829787235 290
1747393023940 3.0851063829787235 290
1747393025991 3.1914893617021276 300
1747393025992 3.1914893617021276 300
1747393029760 3.297872340425532 310
1747393029761 3.297872340425532 310
1747393031759 3.404255319148936 320
1747393031759 3.404255319148936 320
1747393033749 3.5106382978723403 330
1747393033750 3.5106382978723403 330
1747393035754 3.617021276595745 340
1747393035755 3.617021276595745 340
1747393037740 3.723404255319149 350
1747393037741 3.723404255319149 350
1747393039717 3.829787234042553 360
1747393039717 3.829787234042553 360
1747393041664 3.9361702127659575 370
1747393041665 3.9361702127659575 370
1747393044068 4.0 376
1747393044069 4.0 376
1747393045895 4.0 376
1747393045896 4.0 376
