1747392956761 4.136765480041504 10
1747392956760 4.136765480041504 10
1747392958750 0.6057807803153992 20
1747392958751 0.6057807803153992 20
1747392960718 0.9781008958816528 30
1747392960719 0.9781008958816528 30
1747392962712 4.2812018394470215 40
1747392962713 4.2812018394470215 40
1747392964702 0.9992744326591492 50
1747392964703 0.9992744326591492 50
1747392966675 11.725388526916504 60
1747392966676 11.725388526916504 60
1747392968648 0.5572434663772583 70
1747392968650 0.5572434663772583 70
1747392970674 0.2260250300168991 80
1747392970675 0.2260250300168991 80
1747392972758 14.43807601928711 90
1747392972759 14.43807601928711 90
1747392977637 0.06323100626468658 100
1747392977638 0.06323100626468658 100
1747392979686 0.017262276262044907 110
1747392979687 0.017262276262044907 110
1747392981777 17.028676986694336 120
1747392981775 17.028676986694336 120
1747392983810 0.0163660179823637 130
1747392983811 0.0163660179823637 130
1747392985853 0.011776836588978767 140
1747392985854 0.011776836588978767 140
1747392987917 0.010964025743305683 150
1747392987918 0.010964025743305683 150
1747392989992 0.00891782995313406 160
1747392989993 0.00891782995313406 160
1747392991985 0.008504536002874374 170
1747392991986 0.008504536002874374 170
1747392994021 0.08433220535516739 180
1747392994022 0.08433220535516739 180
1747392998595 0.006476579699665308 190
1747392998596 0.006476579699665308 190
1747393000656 0.007534215226769447 200
1747393000657 0.007534215226769447 200
1747393002696 0.010458309203386307 210
1747393002697 0.010458309203386307 210
1747393004768 0.008197777904570103 220
1747393004769 0.008197777904570103 220
1747393006798 0.005326473619788885 230
1747393006800 0.005326473619788885 230
1747393008888 0.004991156980395317 240
1747393008889 0.004991156980395317 240
1747393010979 0.006796682253479958 250
1747393010980 0.006796682253479958 250
1747393013002 0.005265781190246344 260
1747393013003 0.005265781190246344 260
1747393014968 0.00539219519123435 270
1747393014969 0.00539219519123435 270
1747393017583 0.004932742565870285 280
1747393017589 0.004932742565870285 280
1747393023938 0.005260706879198551 290
1747393023940 0.005260706879198551 290
1747393025991 0.006123325787484646 300
1747393025992 0.006123325787484646 300
1747393029760 0.12045896053314209 310
1747393029761 0.12045896053314209 310
1747393031759 0.002991999499499798 320
1747393031759 0.002991999499499798 320
1747393033749 0.009827088564634323 330
1747393033750 0.009827088564634323 330
1747393035754 0.002618734957650304 340
1747393035755 0.002618734957650304 340
1747393037740 0.007794457022100687 350
1747393037741 0.007794457022100687 350
1747393039717 0.002223142422735691 360
1747393039717 0.002223142422735691 360
1747393041664 0.002636365359649062 370
1747393041665 0.002636365359649062 370
