1747392956761 4.946808510638298e-05 10
1747392956760 4.946808510638298e-05 10
1747392958750 4.893617021276596e-05 20
1747392958751 4.893617021276596e-05 20
1747392960718 4.840425531914894e-05 30
1747392960719 4.840425531914894e-05 30
1747392962712 4.787234042553192e-05 40
1747392962713 4.787234042553192e-05 40
1747392964702 4.734042553191489e-05 50
1747392964703 4.734042553191489e-05 50
1747392966675 4.680851063829788e-05 60
1747392966676 4.680851063829788e-05 60
1747392968648 4.627659574468085e-05 70
1747392968650 4.627659574468085e-05 70
1747392970674 4.574468085106383e-05 80
1747392970675 4.574468085106383e-05 80
1747392972758 4.5212765957446815e-05 90
1747392972759 4.5212765957446815e-05 90
1747392977637 4.468085106382979e-05 100
1747392977638 4.468085106382979e-05 100
1747392979686 4.414893617021277e-05 110
1747392979687 4.414893617021277e-05 110
1747392981777 4.3617021276595746e-05 120
1747392981775 4.3617021276595746e-05 120
1747392983810 4.3085106382978725e-05 130
1747392983811 4.3085106382978725e-05 130
1747392985853 4.2553191489361704e-05 140
1747392985854 4.2553191489361704e-05 140
1747392987917 4.2021276595744684e-05 150
1747392987918 4.2021276595744684e-05 150
1747392989992 4.148936170212766e-05 160
1747392989993 4.148936170212766e-05 160
1747392991985 4.095744680851064e-05 170
1747392991986 4.095744680851064e-05 170
1747392994021 4.0425531914893614e-05 180
1747392994022 4.0425531914893614e-05 180
1747392998595 3.9893617021276594e-05 190
1747392998596 3.9893617021276594e-05 190
1747393000656 3.936170212765958e-05 200
1747393000657 3.936170212765958e-05 200
1747393002696 3.882978723404255e-05 210
1747393002697 3.882978723404255e-05 210
1747393004768 3.829787234042553e-05 220
1747393004769 3.829787234042553e-05 220
1747393006798 3.776595744680852e-05 230
1747393006800 3.776595744680852e-05 230
1747393008888 3.723404255319149e-05 240
1747393008889 3.723404255319149e-05 240
1747393010979 3.670212765957447e-05 250
1747393010980 3.670212765957447e-05 250
1747393013002 3.617021276595745e-05 260
1747393013003 3.617021276595745e-05 260
1747393014968 3.563829787234043e-05 270
1747393014969 3.563829787234043e-05 270
1747393017583 3.5106382978723407e-05 280
1747393017589 3.5106382978723407e-05 280
1747393023938 3.4574468085106386e-05 290
1747393023940 3.4574468085106386e-05 290
1747393025991 3.4042553191489365e-05 300
1747393025992 3.4042553191489365e-05 300
1747393029760 3.3510638297872344e-05 310
1747393029761 3.3510638297872344e-05 310
1747393031759 3.2978723404255317e-05 320
1747393031759 3.2978723404255317e-05 320
1747393033749 3.2446808510638296e-05 330
1747393033750 3.2446808510638296e-05 330
1747393035754 3.191489361702128e-05 340
1747393035755 3.191489361702128e-05 340
1747393037740 3.1382978723404254e-05 350
1747393037741 3.1382978723404254e-05 350
1747393039717 3.085106382978723e-05 360
1747393039717 3.085106382978723e-05 360
1747393041664 3.0319148936170216e-05 370
1747393041665 3.0319148936170216e-05 370
