1747392956761 0.5204 10
1747392958750 0.1582 20
1747392958751 0.1582 20
1747392960718 0.1919 30
1747392960719 0.1919 30
1747392962712 0.0714 40
1747392962713 0.0714 40
1747392964702 0.027 50
1747392964703 0.027 50
1747392966675 0.0813 60
1747392966676 0.0813 60
1747392968648 0.0533 70
1747392968650 0.0533 70
1747392970674 0.0326 80
1747392970675 0.0326 80
1747392972758 0.0608 90
1747392972759 0.0608 90
1747392977637 0.0026 100
1747392977638 0.0026 100
1747392979686 0.0564 110
1747392979687 0.0564 110
1747392981777 0.0081 120
1747392981775 0.0081 120
1747392983810 0.0325 130
1747392983811 0.0325 130
1747392985853 0.0047 140
1747392985854 0.0047 140
1747392987917 0.0009 150
1747392987918 0.0009 150
1747392989992 0.0005 160
1747392989993 0.0005 160
1747392991985 0.0005 170
1747392991986 0.0005 170
1747392994021 0.0004 180
1747392994022 0.0004 180
1747392998595 0.0408 190
1747392998596 0.0408 190
1747393000656 0.0023 200
1747393000657 0.0023 200
1747393002696 0.0003 210
1747393002697 0.0003 210
1747393004768 0.0008 220
1747393004769 0.0008 220
1747393006798 0.0005 230
1747393006800 0.0005 230
1747393008888 0.0006 240
1747393008889 0.0006 240
1747393010979 0.0403 250
1747393010980 0.0403 250
1747393013002 0.0004 260
1747393013003 0.0004 260
1747393014968 0.0341 270
1747393014969 0.0341 270
1747393017583 0.0403 280
1747393017589 0.0403 280
1747393023938 0.0003 290
1747393023940 0.0003 290
1747393025991 0.0002 300
1747393025992 0.0002 300
1747393029760 0.0003 310
1747393029761 0.0003 310
1747393031759 0.0002 320
1747393031759 0.0002 320
1747393033749 0.0002 330
1747393033750 0.0002 330
1747393035754 0.0002 340
1747393035755 0.0002 340
1747393037740 0.0001 350
1747393037741 0.0001 350
1747393039717 0.0001 360
1747393039717 0.0001 360
1747393041664 0.0001 370
1747393041665 0.0001 370
