1747389243578 0.10638297872340426 10
1747389243578 0.10638297872340426 10
1747389247078 0.2127659574468085 20
1747389247078 0.2127659574468085 20
1747389248988 0.3191489361702128 30
1747389248988 0.3191489361702128 30
1747389252536 0.425531914893617 40
1747389252536 0.425531914893617 40
1747389254482 0.5319148936170213 50
1747389254482 0.5319148936170213 50
1747389256390 0.6382978723404256 60
1747389256390 0.6382978723404256 60
1747389259887 0.7446808510638298 70
1747389259887 0.7446808510638298 70
1747389261848 0.851063829787234 80
1747389261848 0.851063829787234 80
1747389263775 0.9574468085106383 90
1747389263775 0.9574468085106383 90
1747389265756 1.0 94
1747389265758 1.0 94
1747389268198 1.0638297872340425 100
1747389268198 1.0638297872340425 100
1747389270138 1.1702127659574468 110
1747389270138 1.1702127659574468 110
1747389273697 1.2765957446808511 120
1747389273697 1.2765957446808511 120
1747389275624 1.3829787234042552 130
1747389275624 1.3829787234042552 130
1747389277622 1.4893617021276595 140
1747389277622 1.4893617021276595 140
1747389279565 1.5957446808510638 150
1747389279565 1.5957446808510638 150
1747389283149 1.702127659574468 160
1747389283149 1.702127659574468 160
1747389285064 1.8085106382978724 170
1747389285065 1.8085106382978724 170
1747389287017 1.9148936170212765 180
1747389287017 1.9148936170212765 180
1747389291343 2.0 188
1747389291343 2.0 188
1747389292826 2.021276595744681 190
1747389292826 2.021276595744681 190
1747389294728 2.127659574468085 200
1747389294728 2.127659574468085 200
1747389298250 2.2340425531914896 210
1747389298250 2.2340425531914896 210
1747389300149 2.3404255319148937 220
1747389300149 2.3404255319148937 220
1747389303693 2.4468085106382977 230
1747389303693 2.4468085106382977 230
1747389305611 2.5531914893617023 240
1747389305611 2.5531914893617023 240
1747389307553 2.6595744680851063 250
1747389307553 2.6595744680851063 250
1747389309470 2.7659574468085104 260
1747389309470 2.7659574468085104 260
1747389311375 2.872340425531915 270
1747389311375 2.872340425531915 270
1747389313293 2.978723404255319 280
1747389313293 2.978723404255319 280
1747389315378 3.0 282
1747389315378 3.0 282
1747389320795 3.0851063829787235 290
1747389320797 3.0851063829787235 290
1747389324398 3.1914893617021276 300
1747389324398 3.1914893617021276 300
1747389326347 3.297872340425532 310
1747389326347 3.297872340425532 310
1747389328299 3.404255319148936 320
1747389328301 3.404255319148936 320
1747389330262 3.5106382978723403 330
1747389330262 3.5106382978723403 330
1747389332266 3.617021276595745 340
1747389332267 3.617021276595745 340
1747389334183 3.723404255319149 350
1747389334183 3.723404255319149 350
1747389336155 3.829787234042553 360
1747389336155 3.829787234042553 360
1747389339537 3.9361702127659575 370
1747389339541 3.9361702127659575 370
1747389342196 4.0 376
1747389342196 4.0 376
1747389343976 4.042553191489362 380
1747389343976 4.042553191489362 380
1747389345911 4.148936170212766 390
1747389345911 4.148936170212766 390
1747389347826 4.25531914893617 400
1747389347830 4.25531914893617 400
1747389349737 4.361702127659575 410
1747389349737 4.361702127659575 410
1747389353286 4.468085106382979 420
1747389353286 4.468085106382979 420
1747389355206 4.574468085106383 430
1747389355206 4.574468085106383 430
1747389357114 4.680851063829787 440
1747389357114 4.680851063829787 440
1747389360493 4.787234042553192 450
1747389360497 4.787234042553192 450
1747389364230 4.8936170212765955 460
1747389364233 4.8936170212765955 460
1747389366160 5.0 470
1747389366160 5.0 470
1747389367430 5.0 470
1747389367430 5.0 470
1747389369316 5.0 470
1747389369318 5.0 470
