1747389243578 4.060152053833008 10
1747389243578 4.060152053833008 10
1747389247078 1.2431466579437256 20
1747389247078 1.2431466579437256 20
1747389248988 0.9383102059364319 30
1747389248988 0.9383102059364319 30
1747389252536 1.1170179843902588 40
1747389252536 1.1170179843902588 40
1747389254482 6.395942687988281 50
1747389254482 6.395942687988281 50
1747389256390 0.049342282116413116 60
1747389256390 0.049342282116413116 60
1747389259887 0.0939670130610466 70
1747389259887 0.0939670130610466 70
1747389261848 0.05448158457875252 80
1747389261848 0.05448158457875252 80
1747389263775 0.04553654044866562 90
1747389263775 0.04553654044866562 90
1747389268198 0.029092803597450256 100
1747389268198 0.029092803597450256 100
1747389270138 1.5198948383331299 110
1747389270138 1.5198948383331299 110
1747389273697 0.024020416662096977 120
1747389273697 0.024020416662096977 120
1747389275624 0.018313225358724594 130
1747389275624 0.018313225358724594 130
1747389277622 0.2867251932621002 140
1747389277622 0.2867251932621002 140
1747389279565 0.015271699987351894 150
1747389279565 0.015271699987351894 150
1747389283149 0.038619622588157654 160
1747389283149 0.038619622588157654 160
1747389285064 0.11561506241559982 170
1747389285065 0.11561506241559982 170
1747389287017 0.05857532471418381 180
1747389287017 0.05857532471418381 180
1747389292826 0.009107396006584167 190
1747389292826 0.009107396006584167 190
1747389294728 0.008632070384919643 200
1747389294728 0.008632070384919643 200
1747389298250 0.006291660480201244 210
1747389298250 0.006291660480201244 210
1747389300149 0.0050128125585615635 220
1747389300149 0.0050128125585615635 220
1747389303693 0.00747500266879797 230
1747389303693 0.00747500266879797 230
1747389305611 0.005705593153834343 240
1747389305611 0.005705593153834343 240
1747389307553 0.005076086148619652 250
1747389307553 0.005076086148619652 250
1747389309470 0.00475176889449358 260
1747389309470 0.00475176889449358 260
1747389311375 0.004563881549984217 270
1747389311375 0.004563881549984217 270
1747389313293 0.003884004894644022 280
1747389313293 0.003884004894644022 280
1747389320795 0.004529906436800957 290
1747389320797 0.004529906436800957 290
1747389324398 0.0036923307925462723 300
1747389324398 0.0036923307925462723 300
1747389326347 0.014276344329118729 310
1747389326347 0.014276344329118729 310
1747389328299 0.003283868543803692 320
1747389328301 0.003283868543803692 320
1747389330262 0.0029246630147099495 330
1747389330262 0.0029246630147099495 330
1747389332266 0.0033063585869967937 340
1747389332267 0.0033063585869967937 340
1747389334183 0.003191537456586957 350
1747389334183 0.003191537456586957 350
1747389336155 0.003209545509889722 360
1747389336155 0.003209545509889722 360
1747389339537 0.0026963043492287397 370
1747389339541 0.0026963043492287397 370
1747389343976 0.0022769097704440355 380
1747389343976 0.0022769097704440355 380
1747389345911 0.0023045686539262533 390
1747389345911 0.0023045686539262533 390
1747389347826 0.002485790755599737 400
1747389347830 0.002485790755599737 400
1747389349737 0.00297463103197515 410
1747389349737 0.00297463103197515 410
1747389353286 0.0019645686261355877 420
1747389353286 0.0019645686261355877 420
1747389355206 0.002281665802001953 430
1747389355206 0.002281665802001953 430
1747389357114 0.001917078043334186 440
1747389357114 0.001917078043334186 440
1747389360493 0.0023156371898949146 450
1747389360497 0.0023156371898949146 450
1747389364230 0.0025297843385487795 460
1747389364233 0.0025297843385487795 460
1747389366160 0.0018165503861382604 470
1747389366160 0.0018165503861382604 470
