1747389243578 4.946808510638298e-05 10
1747389243578 4.946808510638298e-05 10
1747389247078 4.893617021276596e-05 20
1747389247078 4.893617021276596e-05 20
1747389248988 4.840425531914894e-05 30
1747389248988 4.840425531914894e-05 30
1747389252536 4.787234042553192e-05 40
1747389252536 4.787234042553192e-05 40
1747389254482 4.734042553191489e-05 50
1747389254482 4.734042553191489e-05 50
1747389256390 4.680851063829788e-05 60
1747389256390 4.680851063829788e-05 60
1747389259887 4.627659574468085e-05 70
1747389259887 4.627659574468085e-05 70
1747389261848 4.574468085106383e-05 80
1747389261848 4.574468085106383e-05 80
1747389263775 4.5212765957446815e-05 90
1747389263775 4.5212765957446815e-05 90
1747389268198 4.468085106382979e-05 100
1747389268198 4.468085106382979e-05 100
1747389270138 4.414893617021277e-05 110
1747389270138 4.414893617021277e-05 110
1747389273697 4.3617021276595746e-05 120
1747389273697 4.3617021276595746e-05 120
1747389275624 4.3085106382978725e-05 130
1747389275624 4.3085106382978725e-05 130
1747389277622 4.2553191489361704e-05 140
1747389277622 4.2553191489361704e-05 140
1747389279565 4.2021276595744684e-05 150
1747389279565 4.2021276595744684e-05 150
1747389283149 4.148936170212766e-05 160
1747389283149 4.148936170212766e-05 160
1747389285064 4.095744680851064e-05 170
1747389285065 4.095744680851064e-05 170
1747389287017 4.0425531914893614e-05 180
1747389287017 4.0425531914893614e-05 180
1747389292826 3.9893617021276594e-05 190
1747389292826 3.9893617021276594e-05 190
1747389294728 3.936170212765958e-05 200
1747389294728 3.936170212765958e-05 200
1747389298250 3.882978723404255e-05 210
1747389298250 3.882978723404255e-05 210
1747389300149 3.829787234042553e-05 220
1747389300149 3.829787234042553e-05 220
1747389303693 3.776595744680852e-05 230
1747389303693 3.776595744680852e-05 230
1747389305611 3.723404255319149e-05 240
1747389305611 3.723404255319149e-05 240
1747389307553 3.670212765957447e-05 250
1747389307553 3.670212765957447e-05 250
1747389309470 3.617021276595745e-05 260
1747389309470 3.617021276595745e-05 260
1747389311375 3.563829787234043e-05 270
1747389311375 3.563829787234043e-05 270
1747389313293 3.5106382978723407e-05 280
1747389313293 3.5106382978723407e-05 280
1747389320795 3.4574468085106386e-05 290
1747389320797 3.4574468085106386e-05 290
1747389324398 3.4042553191489365e-05 300
1747389324398 3.4042553191489365e-05 300
1747389326347 3.3510638297872344e-05 310
1747389326347 3.3510638297872344e-05 310
1747389328299 3.2978723404255317e-05 320
1747389328301 3.2978723404255317e-05 320
1747389330262 3.2446808510638296e-05 330
1747389330262 3.2446808510638296e-05 330
1747389332266 3.191489361702128e-05 340
1747389332267 3.191489361702128e-05 340
1747389334183 3.1382978723404254e-05 350
1747389334183 3.1382978723404254e-05 350
1747389336155 3.085106382978723e-05 360
1747389336155 3.085106382978723e-05 360
1747389339537 3.0319148936170216e-05 370
1747389339541 3.0319148936170216e-05 370
1747389343976 2.9787234042553192e-05 380
1747389343976 2.9787234042553192e-05 380
1747389345911 2.925531914893617e-05 390
1747389345911 2.925531914893617e-05 390
1747389347826 2.8723404255319154e-05 400
1747389347830 2.8723404255319154e-05 400
1747389349737 2.819148936170213e-05 410
1747389349737 2.819148936170213e-05 410
1747389353286 2.765957446808511e-05 420
1747389353286 2.765957446808511e-05 420
1747389355206 2.7127659574468084e-05 430
1747389355206 2.7127659574468084e-05 430
1747389357114 2.6595744680851064e-05 440
1747389357114 2.6595744680851064e-05 440
1747389360493 2.6063829787234046e-05 450
1747389360497 2.6063829787234046e-05 450
1747389364230 2.5531914893617022e-05 460
1747389364233 2.5531914893617022e-05 460
1747389366160 2.5e-05 470
1747389366160 2.5e-05 470
