1747389243578 0.5382 10
1747389243578 0.5382 10
1747389247078 0.1717 20
1747389247078 0.1717 20
1747389248988 0.1139 30
1747389248988 0.1139 30
1747389252536 0.0805 40
1747389252536 0.0805 40
1747389254482 0.0332 50
1747389254482 0.0332 50
1747389256390 0.1579 60
1747389256390 0.1579 60
1747389259887 0.0985 70
1747389259887 0.0985 70
1747389261848 0.123 80
1747389261848 0.123 80
1747389263775 0.1094 90
1747389263775 0.1094 90
1747389268198 0.0221 100
1747389268198 0.0221 100
1747389270138 0.04 110
1747389270138 0.04 110
1747389273697 0.0015 120
1747389273697 0.0015 120
1747389275624 0.0083 130
1747389275624 0.0083 130
1747389277622 0.0242 140
1747389277622 0.0242 140
1747389279565 0.0009 150
1747389279565 0.0009 150
1747389283149 0.0009 160
1747389283149 0.0009 160
1747389285064 0.0007 170
1747389285065 0.0007 170
1747389287017 0.0383 180
1747389287017 0.0383 180
1747389292826 0.0008 190
1747389292826 0.0008 190
1747389294728 0.0015 200
1747389294728 0.0015 200
1747389298250 0.0033 210
1747389298250 0.0033 210
1747389300149 0.0005 220
1747389300149 0.0005 220
1747389303693 0.0003 230
1747389303693 0.0003 230
1747389305611 0.0014 240
1747389305611 0.0014 240
1747389307553 0.0003 250
1747389307553 0.0003 250
1747389309470 0.0012 260
1747389309470 0.0012 260
1747389311375 0.0002 270
1747389311375 0.0002 270
1747389313293 0.0007 280
1747389313293 0.0007 280
1747389320795 0.0002 290
1747389320797 0.0002 290
1747389324398 0.0004 300
1747389324398 0.0004 300
1747389326347 0.0002 310
1747389328299 0.0002 320
1747389328301 0.0002 320
1747389330262 0.0002 330
1747389330262 0.0002 330
1747389332266 0.0002 340
1747389332267 0.0002 340
1747389334183 0.0001 350
1747389334183 0.0001 350
1747389336155 0.0001 360
1747389336155 0.0001 360
1747389339537 0.0001 370
1747389339541 0.0001 370
1747389343976 0.0001 380
1747389343976 0.0001 380
1747389345911 0.0001 390
1747389345911 0.0001 390
1747389347826 0.0001 400
1747389347830 0.0001 400
1747389349737 0.0001 410
1747389349737 0.0001 410
1747389353286 0.0001 420
1747389353286 0.0001 420
1747389355206 0.0001 430
1747389355206 0.0001 430
1747389357114 0.0001 440
1747389357114 0.0001 440
1747389360493 0.0001 450
1747389360497 0.0001 450
1747389364230 0.0001 460
1747389364233 0.0001 460
1747389366160 0.0432 470
1747389366160 0.0432 470
