1747405362389 0.10638297872340426 10
1747405362389 0.10638297872340426 10
1747405366171 0.2127659574468085 20
1747405366171 0.2127659574468085 20
1747405371566 0.3191489361702128 30
1747405371566 0.3191489361702128 30
1747405375372 0.425531914893617 40
1747405375372 0.425531914893617 40
1747405379172 0.5319148936170213 50
1747405379172 0.5319148936170213 50
1747405382967 0.6382978723404256 60
1747405382967 0.6382978723404256 60
1747405386778 0.7446808510638298 70
1747405386780 0.7446808510638298 70
1747405390574 0.851063829787234 80
1747405390574 0.851063829787234 80
1747405394388 0.9574468085106383 90
1747405394388 0.9574468085106383 90
1747405398168 1.0 94
1747405398168 1.0 94
1747405403643 1.0638297872340425 100
1747405403643 1.0638297872340425 100
1747405409057 1.1702127659574468 110
1747405409057 1.1702127659574468 110
1747405416065 1.2765957446808511 120
1747405416067 1.2765957446808511 120
1747405419850 1.3829787234042552 130
1747405419850 1.3829787234042552 130
1747405423640 1.4893617021276595 140
1747405423640 1.4893617021276595 140
1747405430689 1.5957446808510638 150
1747405430691 1.5957446808510638 150
1747405434495 1.702127659574468 160
1747405434495 1.702127659574468 160
1747405438300 1.8085106382978724 170
1747405438300 1.8085106382978724 170
1747405442304 1.9148936170212765 180
1747405442304 1.9148936170212765 180
1747405449023 2.0 188
1747405449023 2.0 188
1747405451394 2.021276595744681 190
1747405451394 2.021276595744681 190
1747405455222 2.127659574468085 200
1747405455222 2.127659574468085 200
1747405460644 2.2340425531914896 210
1747405460644 2.2340425531914896 210
1747405464451 2.3404255319148937 220
1747405464451 2.3404255319148937 220
1747405468262 2.4468085106382977 230
1747405468262 2.4468085106382977 230
1747405475320 2.5531914893617023 240
1747405475320 2.5531914893617023 240
1747405480749 2.6595744680851063 250
1747405480749 2.6595744680851063 250
1747405484539 2.7659574468085104 260
1747405484539 2.7659574468085104 260
1747405488340 2.872340425531915 270
1747405488340 2.872340425531915 270
1747405492155 2.978723404255319 280
1747405492155 2.978723404255319 280
1747405495158 3.0 282
1747405495158 3.0 282
1747405503007 3.0851063829787235 290
1747405503007 3.0851063829787235 290
1747405508468 3.1914893617021276 300
1747405508468 3.1914893617021276 300
1747405513883 3.297872340425532 310
1747405513883 3.297872340425532 310
1747405517669 3.404255319148936 320
1747405517669 3.404255319148936 320
1747405521458 3.5106382978723403 330
1747405521458 3.5106382978723403 330
1747405526862 3.617021276595745 340
1747405526864 3.617021276595745 340
1747405532288 3.723404255319149 350
1747405532288 3.723404255319149 350
1747405536083 3.829787234042553 360
1747405536083 3.829787234042553 360
1747405539882 3.9361702127659575 370
1747405539882 3.9361702127659575 370
1747405544402 4.0 376
1747405544402 4.0 376
1747405547493 4.042553191489362 380
1747405547493 4.042553191489362 380
1747405551300 4.148936170212766 390
1747405551300 4.148936170212766 390
1747405555122 4.25531914893617 400
1747405555122 4.25531914893617 400
1747405560544 4.361702127659575 410
1747405560544 4.361702127659575 410
1747405564360 4.468085106382979 420
1747405564360 4.468085106382979 420
1747405568193 4.574468085106383 430
1747405568193 4.574468085106383 430
1747405572011 4.680851063829787 440
1747405572011 4.680851063829787 440
1747405577198 4.787234042553192 450
1747405577202 4.787234042553192 450
1747405582896 4.8936170212765955 460
1747405582896 4.8936170212765955 460
1747405588149 5.0 470
1747405588164 5.0 470
1747405590549 5.0 470
1747405590549 5.0 470
1747405592176 5.0 470
1747405592176 5.0 470
