1747405362389 3.5424177646636963 10
1747405362389 3.5424177646636963 10
1747405366171 0.7504861950874329 20
1747405366171 0.7504861950874329 20
1747405371566 1.8432096242904663 30
1747405371566 1.8432096242904663 30
1747405375372 4.782294273376465 40
1747405375372 4.782294273376465 40
1747405379172 0.2453649342060089 50
1747405379172 0.2453649342060089 50
1747405382967 105.11556243896484 60
1747405382967 105.11556243896484 60
1747405386778 0.06705761700868607 70
1747405386780 0.06705761700868607 70
1747405390574 0.8355399370193481 80
1747405390574 0.8355399370193481 80
1747405394388 0.016817064955830574 90
1747405394388 0.016817064955830574 90
1747405403643 0.05879516527056694 100
1747405403643 0.05879516527056694 100
1747405409057 0.04453686624765396 110
1747405409057 0.04453686624765396 110
1747405416065 0.03229672461748123 120
1747405416067 0.03229672461748123 120
1747405419850 248.72964477539062 130
1747405419850 248.72964477539062 130
1747405423640 198.3852081298828 140
1747405423640 198.3852081298828 140
1747405430689 0.06609734147787094 150
1747405430691 0.06609734147787094 150
1747405434495 0.041414134204387665 160
1747405434495 0.041414134204387665 160
1747405438300 0.04981011897325516 170
1747405438300 0.04981011897325516 170
1747405442304 0.022302575409412384 180
1747405442304 0.022302575409412384 180
1747405451394 0.013696115463972092 190
1747405451394 0.013696115463972092 190
1747405455222 60.27858352661133 200
1747405455222 60.27858352661133 200
1747405460644 0.008149389177560806 210
1747405460644 0.008149389177560806 210
1747405464451 0.02822474017739296 220
1747405464451 0.02822474017739296 220
1747405468262 0.02108236774802208 230
1747405468262 0.02108236774802208 230
1747405475320 0.031415991485118866 240
1747405475320 0.031415991485118866 240
1747405480749 0.034904029220342636 250
1747405480749 0.034904029220342636 250
1747405484539 0.023948540911078453 260
1747405484539 0.023948540911078453 260
1747405488340 0.015449291095137596 270
1747405488340 0.015449291095137596 270
1747405492155 0.022055208683013916 280
1747405492155 0.022055208683013916 280
1747405503007 51.34037399291992 290
1747405503007 51.34037399291992 290
1747405508468 0.03724493086338043 300
1747405508468 0.03724493086338043 300
1747405513883 0.018653687089681625 310
1747405513883 0.018653687089681625 310
1747405517669 0.011072208173573017 320
1747405517669 0.011072208173573017 320
1747405521458 0.013632601127028465 330
1747405521458 0.013632601127028465 330
1747405526862 0.00792342983186245 340
1747405526864 0.00792342983186245 340
1747405532288 0.00882328674197197 350
1747405532288 0.00882328674197197 350
1747405536083 0.012839613482356071 360
1747405536083 0.012839613482356071 360
1747405539882 0.01235311571508646 370
1747405539882 0.01235311571508646 370
1747405547493 0.009024183265864849 380
1747405547493 0.009024183265864849 380
1747405551300 0.007614397909492254 390
1747405551300 0.007614397909492254 390
1747405555122 0.008165840990841389 400
1747405555122 0.008165840990841389 400
1747405560544 0.005480649881064892 410
1747405560544 0.005480649881064892 410
1747405564360 0.006348188500851393 420
1747405564360 0.006348188500851393 420
1747405568193 0.005056304857134819 430
1747405568193 0.005056304857134819 430
1747405572011 0.004820951260626316 440
1747405572011 0.004820951260626316 440
1747405577198 0.004437941592186689 450
1747405577202 0.004437941592186689 450
1747405582896 0.004386543296277523 460
1747405582896 0.004386543296277523 460
1747405588149 0.005211575422435999 470
1747405588164 0.005211575422435999 470
