1747405362389 4.946808510638298e-05 10
1747405362389 4.946808510638298e-05 10
1747405366171 4.893617021276596e-05 20
1747405366171 4.893617021276596e-05 20
1747405371566 4.840425531914894e-05 30
1747405371566 4.840425531914894e-05 30
1747405375372 4.787234042553192e-05 40
1747405375372 4.787234042553192e-05 40
1747405379172 4.734042553191489e-05 50
1747405379172 4.734042553191489e-05 50
1747405382967 4.680851063829788e-05 60
1747405382967 4.680851063829788e-05 60
1747405386778 4.627659574468085e-05 70
1747405386780 4.627659574468085e-05 70
1747405390574 4.574468085106383e-05 80
1747405390574 4.574468085106383e-05 80
1747405394388 4.5212765957446815e-05 90
1747405394388 4.5212765957446815e-05 90
1747405403643 4.468085106382979e-05 100
1747405403643 4.468085106382979e-05 100
1747405409057 4.414893617021277e-05 110
1747405409057 4.414893617021277e-05 110
1747405416065 4.3617021276595746e-05 120
1747405416067 4.3617021276595746e-05 120
1747405419850 4.3085106382978725e-05 130
1747405419850 4.3085106382978725e-05 130
1747405423640 4.2553191489361704e-05 140
1747405423640 4.2553191489361704e-05 140
1747405430689 4.2021276595744684e-05 150
1747405430691 4.2021276595744684e-05 150
1747405434495 4.148936170212766e-05 160
1747405434495 4.148936170212766e-05 160
1747405438300 4.095744680851064e-05 170
1747405438300 4.095744680851064e-05 170
1747405442304 4.0425531914893614e-05 180
1747405442304 4.0425531914893614e-05 180
1747405451394 3.9893617021276594e-05 190
1747405451394 3.9893617021276594e-05 190
1747405455222 3.936170212765958e-05 200
1747405455222 3.936170212765958e-05 200
1747405460644 3.882978723404255e-05 210
1747405460644 3.882978723404255e-05 210
1747405464451 3.829787234042553e-05 220
1747405464451 3.829787234042553e-05 220
1747405468262 3.776595744680852e-05 230
1747405468262 3.776595744680852e-05 230
1747405475320 3.723404255319149e-05 240
1747405475320 3.723404255319149e-05 240
1747405480749 3.670212765957447e-05 250
1747405480749 3.670212765957447e-05 250
1747405484539 3.617021276595745e-05 260
1747405484539 3.617021276595745e-05 260
1747405488340 3.563829787234043e-05 270
1747405488340 3.563829787234043e-05 270
1747405492155 3.5106382978723407e-05 280
1747405492155 3.5106382978723407e-05 280
1747405503007 3.4574468085106386e-05 290
1747405503007 3.4574468085106386e-05 290
1747405508468 3.4042553191489365e-05 300
1747405508468 3.4042553191489365e-05 300
1747405513883 3.3510638297872344e-05 310
1747405513883 3.3510638297872344e-05 310
1747405517669 3.2978723404255317e-05 320
1747405517669 3.2978723404255317e-05 320
1747405521458 3.2446808510638296e-05 330
1747405521458 3.2446808510638296e-05 330
1747405526862 3.191489361702128e-05 340
1747405526864 3.191489361702128e-05 340
1747405532288 3.1382978723404254e-05 350
1747405532288 3.1382978723404254e-05 350
1747405536083 3.085106382978723e-05 360
1747405536083 3.085106382978723e-05 360
1747405539882 3.0319148936170216e-05 370
1747405539882 3.0319148936170216e-05 370
1747405547493 2.9787234042553192e-05 380
1747405547493 2.9787234042553192e-05 380
1747405551300 2.925531914893617e-05 390
1747405551300 2.925531914893617e-05 390
1747405555122 2.8723404255319154e-05 400
1747405555122 2.8723404255319154e-05 400
1747405560544 2.819148936170213e-05 410
1747405560544 2.819148936170213e-05 410
1747405564360 2.765957446808511e-05 420
1747405564360 2.765957446808511e-05 420
1747405568193 2.7127659574468084e-05 430
1747405568193 2.7127659574468084e-05 430
1747405572011 2.6595744680851064e-05 440
1747405572011 2.6595744680851064e-05 440
1747405577198 2.6063829787234046e-05 450
1747405577202 2.6063829787234046e-05 450
1747405582896 2.5531914893617022e-05 460
1747405582896 2.5531914893617022e-05 460
1747405588149 2.5e-05 470
1747405588164 2.5e-05 470
