1747405362389 0.5914 10
1747405362389 0.5914 10
1747405366171 0.278 20
1747405366171 0.278 20
1747405371566 0.3339 30
1747405371566 0.3339 30
1747405375372 0.097 40
1747405375372 0.097 40
1747405379172 0.1096 50
1747405379172 0.1096 50
1747405382967 0.1615 60
1747405382967 0.1615 60
1747405386778 0.0061 70
1747405386780 0.0061 70
1747405390574 0.0502 80
1747405390574 0.0502 80
1747405394388 0.0247 90
1747405394388 0.0247 90
1747405403643 0.0571 100
1747405403643 0.0571 100
1747405409057 0.0487 110
1747405409057 0.0487 110
1747405416065 0.1184 120
1747405416067 0.1184 120
1747405419850 0.0532 130
1747405419850 0.0532 130
1747405423640 0.2104 140
1747405423640 0.2104 140
1747405430689 0.1817 150
1747405430691 0.1817 150
1747405434495 0.0446 160
1747405434495 0.0446 160
1747405438300 0.0026 170
1747405438300 0.0026 170
1747405442304 0.0017 180
1747405442304 0.0017 180
1747405451394 0.0008 190
1747405451394 0.0008 190
1747405455222 0.0405 200
1747405455222 0.0405 200
1747405460644 0.0168 210
1747405460644 0.0168 210
1747405464451 0.0494 220
1747405464451 0.0494 220
1747405468262 0.0488 230
1747405468262 0.0488 230
1747405475320 0.0366 240
1747405475320 0.0366 240
1747405480749 0.0016 250
1747405480749 0.0016 250
1747405484539 0.0014 260
1747405484539 0.0014 260
1747405488340 0.0008 270
1747405488340 0.0008 270
1747405492155 0.0784 280
1747405492155 0.0784 280
1747405503007 0.0069 290
1747405503007 0.0069 290
1747405508468 0.039 300
1747405508468 0.039 300
1747405513883 0.001 310
1747405513883 0.001 310
1747405517669 0.001 320
1747405517669 0.001 320
1747405521458 0.0005 330
1747405521458 0.0005 330
1747405526862 0.0752 340
1747405526864 0.0752 340
1747405532288 0.0004 350
1747405532288 0.0004 350
1747405536083 0.0505 360
1747405536083 0.0505 360
1747405539882 0.0005 370
1747405539882 0.0005 370
1747405547493 0.0005 380
1747405547493 0.0005 380
1747405551300 0.0004 390
1747405551300 0.0004 390
1747405555122 0.0003 400
1747405555122 0.0003 400
1747405560544 0.0003 410
1747405560544 0.0003 410
1747405564360 0.0003 420
1747405564360 0.0003 420
1747405568193 0.0002 430
1747405568193 0.0002 430
1747405572011 0.0116 440
1747405572011 0.0116 440
1747405577198 0.0567 450
1747405577202 0.0567 450
1747405582896 0.0002 460
1747405582896 0.0002 460
1747405588149 0.0475 470
1747405588164 0.0475 470
