1747381684431 0.0228310502283105 10
1747381684431 0.0228310502283105 10
1747381689760 0.045662100456621 20
1747381689776 0.045662100456621 20
1747381693408 0.0684931506849315 30
1747381693408 0.0684931506849315 30
1747381697102 0.091324200913242 40
1747381697102 0.091324200913242 40
1747381700764 0.1141552511415525 50
1747381700764 0.1141552511415525 50
1747381704445 0.136986301369863 60
1747381704445 0.136986301369863 60
1747381708123 0.1598173515981735 70
1747381708123 0.1598173515981735 70
1747381711830 0.182648401826484 80
1747381711830 0.182648401826484 80
1747381715529 0.2054794520547945 90
1747381715529 0.2054794520547945 90
1747381719248 0.228310502283105 100
1747381719248 0.228310502283105 100
1747381722976 0.2511415525114155 110
1747381722976 0.2511415525114155 110
1747381726710 0.273972602739726 120
1747381726710 0.273972602739726 120
1747381730416 0.2968036529680365 130
1747381730416 0.2968036529680365 130
1747381734183 0.319634703196347 140
1747381734183 0.319634703196347 140
1747381737936 0.3424657534246575 150
1747381737937 0.3424657534246575 150
1747381741680 0.365296803652968 160
1747381741680 0.365296803652968 160
1747381745396 0.3881278538812785 170
1747381745396 0.3881278538812785 170
1747381750776 0.410958904109589 180
1747381750776 0.410958904109589 180
1747381756039 0.4337899543378995 190
1747381756039 0.4337899543378995 190
1747381760095 0.45662100456621 200
1747381760095 0.45662100456621 200
1747381763862 0.4794520547945205 210
1747381763864 0.4794520547945205 210
1747381767636 0.502283105022831 220
1747381767636 0.502283105022831 220
1747381771405 0.5251141552511416 230
1747381771405 0.5251141552511416 230
1747381775195 0.547945205479452 240
1747381775195 0.547945205479452 240
1747381780578 0.5707762557077626 250
1747381780578 0.5707762557077626 250
1747381784378 0.593607305936073 260
1747381784378 0.593607305936073 260
1747381788305 0.6164383561643836 270
1747381788309 0.6164383561643836 270
1747381795215 0.639269406392694 280
1747381795215 0.639269406392694 280
1747381798975 0.6621004566210046 290
1747381798975 0.6621004566210046 290
1747381802760 0.684931506849315 300
1747381802760 0.684931506849315 300
1747381808154 0.7077625570776256 310
1747381808154 0.7077625570776256 310
1747381813587 0.730593607305936 320
1747381813587 0.730593607305936 320
1747381820702 0.7534246575342466 330
1747381820703 0.7534246575342466 330
1747381824490 0.776255707762557 340
1747381824491 0.776255707762557 340
1747381829888 0.7990867579908676 350
1747381829888 0.7990867579908676 350
1747381833648 0.821917808219178 360
1747381833648 0.821917808219178 360
1747381837392 0.8447488584474886 370
1747381837392 0.8447488584474886 370
1747381841134 0.867579908675799 380
1747381841134 0.867579908675799 380
1747381844917 0.8904109589041096 390
1747381844917 0.8904109589041096 390
1747381851952 0.91324200913242 400
1747381851952 0.91324200913242 400
1747381857358 0.9360730593607306 410
1747381857358 0.9360730593607306 410
1747381861188 0.958904109589041 420
1747381861188 0.958904109589041 420
1747381866633 0.9817351598173516 430
1747381866633 0.9817351598173516 430
1747381880902 1.0 438
1747381880902 1.0 438
1747381882965 1.004566210045662 440
1747381882965 1.004566210045662 440
1747381888435 1.0273972602739727 450
1747381888435 1.0273972602739727 450
1747381895625 1.0502283105022832 460
1747381895625 1.0502283105022832 460
1747381902747 1.0730593607305936 470
1747381902747 1.0730593607305936 470
1747381908099 1.095890410958904 480
1747381908103 1.095890410958904 480
1747381911840 1.1187214611872145 490
1747381911840 1.1187214611872145 490
1747381915602 1.1415525114155252 500
1747381915602 1.1415525114155252 500
1747381919366 1.1643835616438356 510
1747381919366 1.1643835616438356 510
1747381924743 1.187214611872146 520
1747381924743 1.187214611872146 520
1747381928501 1.2100456621004567 530
1747381928501 1.2100456621004567 530
1747381932261 1.2328767123287672 540
1747381932261 1.2328767123287672 540
1747381936023 1.2557077625570776 550
1747381936023 1.2557077625570776 550
1747381939804 1.278538812785388 560
1747381939804 1.278538812785388 560
1747381943587 1.3013698630136985 570
1747381943587 1.3013698630136985 570
1747381949105 1.3242009132420092 580
1747381949105 1.3242009132420092 580
1747381954513 1.3470319634703196 590
1747381954513 1.3470319634703196 590
1747381958379 1.36986301369863 600
1747381958379 1.36986301369863 600
1747381962166 1.3926940639269407 610
1747381962166 1.3926940639269407 610
1747381967604 1.4155251141552512 620
1747381967604 1.4155251141552512 620
1747381973100 1.4383561643835616 630
1747381973103 1.4383561643835616 630
1747381977175 1.461187214611872 640
1747381977175 1.461187214611872 640
1747381982677 1.4840182648401825 650
1747381982677 1.4840182648401825 650
1747381986460 1.5068493150684932 660
1747381986460 1.5068493150684932 660
1747381990253 1.5296803652968036 670
1747381990253 1.5296803652968036 670
1747381994055 1.5525114155251143 680
1747381994055 1.5525114155251143 680
1747381997851 1.5753424657534247 690
1747381997851 1.5753424657534247 690
1747382001657 1.5981735159817352 700
1747382001657 1.5981735159817352 700
1747382005465 1.6210045662100456 710
1747382005465 1.6210045662100456 710
1747382009276 1.643835616438356 720
1747382009276 1.643835616438356 720
1747382013088 1.6666666666666665 730
1747382013088 1.6666666666666665 730
1747382018505 1.6894977168949772 740
1747382018505 1.6894977168949772 740
1747382022314 1.7123287671232876 750
1747382022314 1.7123287671232876 750
1747382027658 1.7351598173515983 760
1747382027658 1.7351598173515983 760
1747382031867 1.7579908675799087 770
1747382031867 1.7579908675799087 770
1747382037535 1.7808219178082192 780
1747382037535 1.7808219178082192 780
1747382041475 1.8036529680365296 790
1747382041475 1.8036529680365296 790
1747382045350 1.82648401826484 800
1747382045350 1.82648401826484 800
1747382050840 1.8493150684931505 810
1747382050840 1.8493150684931505 810
1747382054701 1.8721461187214612 820
1747382054701 1.8721461187214612 820
1747382060316 1.8949771689497716 830
1747382060316 1.8949771689497716 830
1747382064444 1.9178082191780823 840
1747382064445 1.9178082191780823 840
1747382068361 1.9406392694063928 850
1747382068362 1.9406392694063928 850
1747382072288 1.9634703196347032 860
1747382072288 1.9634703196347032 860
1747382077921 1.9863013698630136 870
1747382077921 1.9863013698630136 870
1747382091731 2.0 876
1747382091731 2.0 876
1747382094723 2.009132420091324 880
1747382094724 2.009132420091324 880
1747382098707 2.0319634703196345 890
1747382098710 2.0319634703196345 890
1747382102631 2.0547945205479454 900
1747382102631 2.0547945205479454 900
1747382109874 2.077625570776256 910
1747382109874 2.077625570776256 910
1747382115427 2.1004566210045663 920
1747382115427 2.1004566210045663 920
1747382119386 2.1232876712328768 930
1747382119386 2.1232876712328768 930
1747382123297 2.146118721461187 940
1747382123297 2.146118721461187 940
1747382128865 2.1689497716894977 950
1747382128865 2.1689497716894977 950
1747382132788 2.191780821917808 960
1747382132788 2.191780821917808 960
1747382138654 2.2146118721461185 970
1747382138654 2.2146118721461185 970
1747382142568 2.237442922374429 980
1747382142568 2.237442922374429 980
1747382146472 2.26027397260274 990
1747382146488 2.26027397260274 990
1747382150397 2.2831050228310503 1000
1747382150397 2.2831050228310503 1000
1747382154297 2.3059360730593608 1010
1747382154297 2.3059360730593608 1010
1747382158232 2.328767123287671 1020
1747382158234 2.328767123287671 1020
1747382162191 2.3515981735159817 1030
1747382162191 2.3515981735159817 1030
1747382166206 2.374429223744292 1040
1747382166206 2.374429223744292 1040
1747382170201 2.3972602739726026 1050
1747382170202 2.3972602739726026 1050
1747382177458 2.4200913242009134 1060
1747382177458 2.4200913242009134 1060
1747382183153 2.442922374429224 1070
1747382183151 2.442922374429224 1070
1747382188810 2.4657534246575343 1080
1747382188810 2.4657534246575343 1080
1747382194254 2.4885844748858448 1090
1747382194254 2.4885844748858448 1090
1747382198071 2.5114155251141552 1100
1747382198071 2.5114155251141552 1100
1747382201967 2.5342465753424657 1110
1747382201967 2.5342465753424657 1110
1747382205886 2.557077625570776 1120
1747382205886 2.557077625570776 1120
1747382209811 2.5799086757990866 1130
1747382209811 2.5799086757990866 1130
1747382215192 2.602739726027397 1140
1747382215196 2.602739726027397 1140
1747382219296 2.625570776255708 1150
1747382219297 2.625570776255708 1150
1747382224769 2.6484018264840183 1160
1747382224770 2.6484018264840183 1160
1747382228680 2.671232876712329 1170
1747382228680 2.671232876712329 1170
1747382232550 2.6940639269406392 1180
1747382232551 2.6940639269406392 1180
1747382236422 2.7168949771689497 1190
1747382236423 2.7168949771689497 1190
1747382241919 2.73972602739726 1200
1747382241920 2.73972602739726 1200
1747382245782 2.762557077625571 1210
1747382245782 2.762557077625571 1210
1747382252425 2.7853881278538815 1220
1747382252429 2.7853881278538815 1220
1747382256808 2.808219178082192 1230
1747382256809 2.808219178082192 1230
1747382260749 2.8310502283105023 1240
1747382260750 2.8310502283105023 1240
1747382264706 2.853881278538813 1250
1747382264706 2.853881278538813 1250
1747382270495 2.8767123287671232 1260
1747382270493 2.8767123287671232 1260
1747382274618 2.8995433789954337 1270
1747382274620 2.8995433789954337 1270
1747382278723 2.922374429223744 1280
1747382278725 2.922374429223744 1280
1747382283503 2.9452054794520546 1290
1747382283502 2.9452054794520546 1290
1747382287695 2.968036529680365 1300
1747382287696 2.968036529680365 1300
1747382292218 2.990867579908676 1310
1747382292216 2.990867579908676 1310
1747382306315 3.0 1314
1747382306317 3.0 1314
1747382313107 3.0136986301369864 1320
1747382313109 3.0136986301369864 1320
1747382317418 3.036529680365297 1330
1747382317420 3.036529680365297 1330
1747382323339 3.0593607305936072 1340
1747382323341 3.0593607305936072 1340
1747382327636 3.0821917808219177 1350
1747382327637 3.0821917808219177 1350
1747382332084 3.105022831050228 1360
1747382332086 3.105022831050228 1360
1747382336064 3.127853881278539 1370
1747382336066 3.127853881278539 1370
1747382340018 3.1506849315068495 1380
1747382340020 3.1506849315068495 1380
1747382343984 3.17351598173516 1390
1747382343986 3.17351598173516 1390
1747382348003 3.1963470319634704 1400
1747382348001 3.1963470319634704 1400
1747382351980 3.219178082191781 1410
1747382351982 3.219178082191781 1410
1747382355949 3.2420091324200913 1420
1747382355949 3.2420091324200913 1420
1747382359908 3.2648401826484017 1430
1747382359909 3.2648401826484017 1430
1747382363856 3.287671232876712 1440
1747382363857 3.287671232876712 1440
1747382367828 3.3105022831050226 1450
1747382367826 3.3105022831050226 1450
1747382371824 3.3333333333333335 1460
1747382371824 3.3333333333333335 1460
1747382375799 3.356164383561644 1470
1747382375800 3.356164383561644 1470
1747382379789 3.3789954337899544 1480
1747382379790 3.3789954337899544 1480
1747382383746 3.401826484018265 1490
1747382383746 3.401826484018265 1490
1747382389308 3.4246575342465753 1500
1747382389309 3.4246575342465753 1500
1747382393219 3.4474885844748857 1510
1747382393220 3.4474885844748857 1510
1747382397139 3.470319634703196 1520
1747382397139 3.470319634703196 1520
1747382401060 3.493150684931507 1530
1747382401060 3.493150684931507 1530
1747382404984 3.5159817351598175 1540
1747382404984 3.5159817351598175 1540
1747382408908 3.538812785388128 1550
1747382408909 3.538812785388128 1550
1747382412826 3.5616438356164384 1560
1747382412827 3.5616438356164384 1560
1747382416747 3.584474885844749 1570
1747382416748 3.584474885844749 1570
1747382420666 3.6073059360730593 1580
1747382420667 3.6073059360730593 1580
1747382424590 3.6301369863013697 1590
1747382424591 3.6301369863013697 1590
1747382428518 3.65296803652968 1600
1747382428519 3.65296803652968 1600
1747382432440 3.6757990867579906 1610
1747382432441 3.6757990867579906 1610
1747382438054 3.6986301369863015 1620
1747382438054 3.6986301369863015 1620
1747382441959 3.721461187214612 1630
1747382441960 3.721461187214612 1630
1747382445863 3.7442922374429224 1640
1747382445864 3.7442922374429224 1640
1747382449776 3.767123287671233 1650
1747382449775 3.767123287671233 1650
1747382455370 3.7899543378995433 1660
1747382455371 3.7899543378995433 1660
1747382459275 3.8127853881278537 1670
1747382459276 3.8127853881278537 1670
1747382463187 3.8356164383561646 1680
1747382463187 3.8356164383561646 1680
1747382467094 3.858447488584475 1690
1747382467095 3.858447488584475 1690
1747382471004 3.8812785388127855 1700
1747382471005 3.8812785388127855 1700
1747382474923 3.904109589041096 1710
1747382474924 3.904109589041096 1710
1747382480511 3.9269406392694064 1720
1747382480509 3.9269406392694064 1720
1747382484429 3.949771689497717 1730
1747382484429 3.949771689497717 1730
1747382488335 3.9726027397260273 1740
1747382488336 3.9726027397260273 1740
1747382492250 3.9954337899543377 1750
1747382492251 3.9954337899543377 1750
1747382506312 4.0 1752
1747382506311 4.0 1752
1747382511072 4.018264840182648 1760
1747382511072 4.018264840182648 1760
1747382514985 4.041095890410959 1770
1747382514985 4.041095890410959 1770
1747382518891 4.063926940639269 1780
1747382518891 4.063926940639269 1780
1747382522783 4.0867579908675795 1790
1747382522783 4.0867579908675795 1790
1747382526698 4.109589041095891 1800
1747382526698 4.109589041095891 1800
1747382530607 4.132420091324201 1810
1747382530607 4.132420091324201 1810
1747382534519 4.155251141552512 1820
1747382534519 4.155251141552512 1820
1747382538435 4.178082191780822 1830
1747382538435 4.178082191780822 1830
1747382542351 4.200913242009133 1840
1747382542351 4.200913242009133 1840
1747382546264 4.223744292237443 1850
1747382546265 4.223744292237443 1850
1747382550167 4.2465753424657535 1860
1747382550167 4.2465753424657535 1860
1747382554083 4.269406392694064 1870
1747382554083 4.269406392694064 1870
1747382557996 4.292237442922374 1880
1747382557996 4.292237442922374 1880
1747382561912 4.315068493150685 1890
1747382561912 4.315068493150685 1890
1747382565826 4.337899543378995 1900
1747382565826 4.337899543378995 1900
1747382569730 4.360730593607306 1910
1747382569730 4.360730593607306 1910
1747382573642 4.383561643835616 1920
1747382573642 4.383561643835616 1920
1747382577551 4.406392694063927 1930
1747382577551 4.406392694063927 1930
1747382581483 4.429223744292237 1940
1747382581483 4.429223744292237 1940
1747382585395 4.4520547945205475 1950
1747382585395 4.4520547945205475 1950
1747382589300 4.474885844748858 1960
1747382589300 4.474885844748858 1960
1747382593222 4.497716894977169 1970
1747382593222 4.497716894977169 1970
1747382597131 4.52054794520548 1980
1747382597131 4.52054794520548 1980
1747382601042 4.54337899543379 1990
1747382601042 4.54337899543379 1990
1747382604961 4.566210045662101 2000
1747382604961 4.566210045662101 2000
1747382610495 4.589041095890411 2010
1747382610495 4.589041095890411 2010
1747382614418 4.6118721461187215 2020
1747382614418 4.6118721461187215 2020
1747382618311 4.634703196347032 2030
1747382618311 4.634703196347032 2030
1747382622224 4.657534246575342 2040
1747382622224 4.657534246575342 2040
1747382626127 4.680365296803653 2050
1747382626127 4.680365296803653 2050
1747382630037 4.703196347031963 2060
1747382630037 4.703196347031963 2060
1747382633931 4.726027397260274 2070
1747382633931 4.726027397260274 2070
1747382639494 4.748858447488584 2080
1747382639494 4.748858447488584 2080
1747382643394 4.771689497716895 2090
1747382643394 4.771689497716895 2090
1747382647291 4.794520547945205 2100
1747382647291 4.794520547945205 2100
1747382651201 4.817351598173516 2110
1747382651201 4.817351598173516 2110
1747382655093 4.840182648401827 2120
1747382655093 4.840182648401827 2120
1747382658994 4.863013698630137 2130
1747382658994 4.863013698630137 2130
1747382662889 4.885844748858448 2140
1747382662889 4.885844748858448 2140
1747382666801 4.908675799086758 2150
1747382666801 4.908675799086758 2150
1747382670703 4.931506849315069 2160
1747382670703 4.931506849315069 2160
1747382674624 4.954337899543379 2170
1747382674624 4.954337899543379 2170
1747382678529 4.9771689497716896 2180
1747382678529 4.9771689497716896 2180
1747382682257 5.0 2190
1747382682257 5.0 2190
1747382694049 5.0 2190
1747382694049 5.0 2190
1747382699284 5.0228310502283104 2200
1747382699284 5.0228310502283104 2200
1747382703187 5.045662100456621 2210
1747382703187 5.045662100456621 2210
1747382707099 5.068493150684931 2220
1747382707099 5.068493150684931 2220
1747382711000 5.091324200913242 2230
1747382711016 5.091324200913242 2230
1747382714923 5.114155251141552 2240
1747382714926 5.114155251141552 2240
1747382720473 5.136986301369863 2250
1747382720473 5.136986301369863 2250
1747382724367 5.159817351598173 2260
1747382724367 5.159817351598173 2260
1747382728272 5.182648401826484 2270
1747382728272 5.182648401826484 2270
1747382732173 5.205479452054795 2280
1747382732173 5.205479452054795 2280
1747382736077 5.228310502283105 2290
1747382736077 5.228310502283105 2290
1747382739980 5.251141552511416 2300
1747382739982 5.251141552511416 2300
1747382745521 5.273972602739726 2310
1747382745521 5.273972602739726 2310
1747382751057 5.296803652968037 2320
1747382751057 5.296803652968037 2320
1747382754944 5.319634703196347 2330
1747382754944 5.319634703196347 2330
1747382758836 5.342465753424658 2340
1747382758836 5.342465753424658 2340
1747382764375 5.365296803652968 2350
1747382764375 5.365296803652968 2350
1747382768263 5.3881278538812785 2360
1747382768263 5.3881278538812785 2360
1747382772140 5.410958904109589 2370
1747382772140 5.410958904109589 2370
1747382776027 5.433789954337899 2380
1747382776027 5.433789954337899 2380
1747382779928 5.45662100456621 2390
1747382779928 5.45662100456621 2390
1747382783820 5.47945205479452 2400
1747382783820 5.47945205479452 2400
1747382787710 5.502283105022831 2410
1747382787710 5.502283105022831 2410
1747382791602 5.525114155251142 2420
1747382791602 5.525114155251142 2420
1747382795493 5.5479452054794525 2430
1747382795493 5.5479452054794525 2430
1747382799393 5.570776255707763 2440
1747382799393 5.570776255707763 2440
1747382803288 5.593607305936073 2450
1747382803288 5.593607305936073 2450
1747382807183 5.616438356164384 2460
1747382807183 5.616438356164384 2460
1747382811083 5.639269406392694 2470
1747382811083 5.639269406392694 2470
1747382814978 5.662100456621005 2480
1747382814978 5.662100456621005 2480
1747382818873 5.684931506849315 2490
1747382818873 5.684931506849315 2490
1747382822773 5.707762557077626 2500
1747382822773 5.707762557077626 2500
1747382826670 5.730593607305936 2510
1747382826670 5.730593607305936 2510
1747382830561 5.7534246575342465 2520
1747382830561 5.7534246575342465 2520
1747382834469 5.776255707762557 2530
1747382834469 5.776255707762557 2530
1747382838371 5.799086757990867 2540
1747382838371 5.799086757990867 2540
1747382842291 5.821917808219178 2550
1747382842291 5.821917808219178 2550
1747382846198 5.844748858447488 2560
1747382846198 5.844748858447488 2560
1747382850095 5.867579908675799 2570
1747382850095 5.867579908675799 2570
1747382854001 5.890410958904109 2580
1747382854001 5.890410958904109 2580
1747382857919 5.91324200913242 2590
1747382857919 5.91324200913242 2590
1747382863482 5.936073059360731 2600
1747382863482 5.936073059360731 2600
1747382867376 5.958904109589041 2610
1747382867376 5.958904109589041 2610
1747382871280 5.981735159817352 2620
1747382871280 5.981735159817352 2620
1747382885973 6.0 2628
1747382885973 6.0 2628
1747382887295 6.0 2628
1747382887295 6.0 2628
