1747381684431 5.0273613929748535 10
1747381684431 5.0273613929748535 10
1747381689760 2.3565001487731934 20
1747381689776 2.3565001487731934 20
1747381693408 10.274016380310059 30
1747381693408 10.274016380310059 30
1747381697102 0.319918692111969 40
1747381697102 0.319918692111969 40
1747381700764 0.7926042079925537 50
1747381700764 0.7926042079925537 50
1747381704445 2.653294086456299 60
1747381704445 2.653294086456299 60
1747381708123 0.38683512806892395 70
1747381708123 0.38683512806892395 70
1747381711830 4.953127861022949 80
1747381711830 4.953127861022949 80
1747381715529 17.231910705566406 90
1747381715529 17.231910705566406 90
1747381719248 0.44010135531425476 100
1747381719248 0.44010135531425476 100
1747381722976 0.1905783861875534 110
1747381722976 0.1905783861875534 110
1747381726710 1.0247782468795776 120
1747381726710 1.0247782468795776 120
1747381730416 4.627406597137451 130
1747381730416 4.627406597137451 130
1747381734183 3.9202940464019775 140
1747381734183 3.9202940464019775 140
1747381737936 0.0618852823972702 150
1747381737937 0.0618852823972702 150
1747381741680 0.06866868585348129 160
1747381741680 0.06866868585348129 160
1747381745396 0.06630926579236984 170
1747381745396 0.06630926579236984 170
1747381750776 0.05418015643954277 180
1747381750776 0.05418015643954277 180
1747381756039 0.04514613375067711 190
1747381756039 0.04514613375067711 190
1747381760095 0.037981342524290085 200
1747381760095 0.037981342524290085 200
1747381763862 0.06132282316684723 210
1747381763864 0.06132282316684723 210
1747381767636 0.0664169192314148 220
1747381767636 0.0664169192314148 220
1747381771405 5.644300937652588 230
1747381771405 5.644300937652588 230
1747381775195 0.03920222818851471 240
1747381775195 0.03920222818851471 240
1747381780578 2.5637199878692627 250
1747381780578 2.5637199878692627 250
1747381784378 0.0611298568546772 260
1747381784378 0.0611298568546772 260
1747381788305 0.12180329114198685 270
1747381788309 0.12180329114198685 270
1747381795215 0.668526291847229 280
1747381795215 0.668526291847229 280
1747381798975 0.0347864143550396 290
1747381798975 0.0347864143550396 290
1747381802760 0.030298778787255287 300
1747381802760 0.030298778787255287 300
1747381808154 0.024139972403645515 310
1747381808154 0.024139972403645515 310
1747381813587 17.578575134277344 320
1747381813587 17.578575134277344 320
1747381820702 13.300359725952148 330
1747381820703 13.300359725952148 330
1747381824490 0.02145770564675331 340
1747381824491 0.02145770564675331 340
1747381829888 0.1131700947880745 350
1747381829888 0.1131700947880745 350
1747381833648 0.15239500999450684 360
1747381833648 0.15239500999450684 360
1747381837392 0.023106882348656654 370
1747381837392 0.023106882348656654 370
1747381841134 0.030110107734799385 380
1747381841134 0.030110107734799385 380
1747381844917 0.040241848677396774 390
1747381844917 0.040241848677396774 390
1747381851952 0.014912891201674938 400
1747381851952 0.014912891201674938 400
1747381857358 14.552775382995605 410
1747381857358 14.552775382995605 410
1747381861188 0.013825207017362118 420
1747381861188 0.013825207017362118 420
1747381866633 4.592201232910156 430
1747381866633 4.592201232910156 430
1747381882965 0.03920593485236168 440
1747381882965 0.03920593485236168 440
1747381888435 2.8991503715515137 450
1747381888435 2.8991503715515137 450
1747381895625 0.010931216180324554 460
1747381895625 0.010931216180324554 460
1747381902747 0.006603421177715063 470
1747381902747 0.006603421177715063 470
1747381908099 0.005057471338659525 480
1747381908103 0.005057471338659525 480
1747381911840 0.051361944526433945 490
1747381911840 0.051361944526433945 490
1747381915602 4.319370269775391 500
1747381915602 4.319370269775391 500
1747381919366 0.010521454736590385 510
1747381919366 0.010521454736590385 510
1747381924743 0.008947797119617462 520
1747381924743 0.008947797119617462 520
1747381928501 0.26138436794281006 530
1747381928501 0.26138436794281006 530
1747381932261 0.033693600445985794 540
1747381932261 0.033693600445985794 540
1747381936023 0.006879871711134911 550
1747381936023 0.006879871711134911 550
1747381939804 0.006052621174603701 560
1747381939804 0.006052621174603701 560
1747381943587 22.33647346496582 570
1747381943587 22.33647346496582 570
1747381949105 0.3193904161453247 580
1747381949105 0.3193904161453247 580
1747381954513 0.006614895071834326 590
1747381954513 0.006614895071834326 590
1747381958379 0.0074826618656516075 600
1747381958379 0.0074826618656516075 600
1747381962166 0.0036893917713314295 610
1747381962166 0.0036893917713314295 610
1747381967604 0.006336080841720104 620
1747381967604 0.006336080841720104 620
1747381973100 0.1331104338169098 630
1747381973103 0.1331104338169098 630
1747381977175 0.029358889907598495 640
1747381977175 0.029358889907598495 640
1747381982677 0.004489711485803127 650
1747381982677 0.004489711485803127 650
1747381986460 0.0035043295938521624 660
1747381986460 0.0035043295938521624 660
1747381990253 0.0027385051362216473 670
1747381990253 0.0027385051362216473 670
1747381994055 0.003494976321235299 680
1747381994055 0.003494976321235299 680
1747381997851 0.002357738558202982 690
1747381997851 0.002357738558202982 690
1747382001657 0.019775688648223877 700
1747382001657 0.019775688648223877 700
1747382005465 4.0843095779418945 710
1747382005465 4.0843095779418945 710
1747382009276 0.003962579183280468 720
1747382009276 0.003962579183280468 720
1747382013088 0.006620480678975582 730
1747382013088 0.006620480678975582 730
1747382018505 0.0030123612377792597 740
1747382018505 0.0030123612377792597 740
1747382022314 0.0027487431652843952 750
1747382022314 0.0027487431652843952 750
1747382027658 0.00984841026365757 760
1747382027658 0.00984841026365757 760
1747382031867 0.001995813101530075 770
1747382031867 0.001995813101530075 770
1747382037535 0.0029414871241897345 780
1747382037535 0.0029414871241897345 780
1747382041475 0.003830009140074253 790
1747382041475 0.003830009140074253 790
1747382045350 0.0038432078436017036 800
1747382045350 0.0038432078436017036 800
1747382050840 0.08530222624540329 810
1747382050840 0.08530222624540329 810
1747382054701 0.006278118584305048 820
1747382054701 0.006278118584305048 820
1747382060316 0.0033997136633843184 830
1747382060316 0.0033997136633843184 830
1747382064444 21.56151008605957 840
1747382064445 21.56151008605957 840
1747382068361 0.10184691846370697 850
1747382068362 0.10184691846370697 850
1747382072288 4.798780918121338 860
1747382072288 4.798780918121338 860
1747382077921 0.0022652791813015938 870
1747382077921 0.0022652791813015938 870
1747382094723 13.114747047424316 880
1747382094724 13.114747047424316 880
1747382098710 0.001860960153862834 890
1747382098707 0.001860960153862834 890
1747382102631 0.036239635199308395 900
1747382102631 0.036239635199308395 900
1747382109874 0.0484381727874279 910
1747382109874 0.0484381727874279 910
1747382115427 0.0028614799957722425 920
1747382115427 0.0028614799957722425 920
1747382119386 0.19233013689517975 930
1747382119386 0.19233013689517975 930
1747382123297 0.005944680422544479 940
1747382123297 0.005944680422544479 940
1747382128865 0.0725170448422432 950
1747382128865 0.0725170448422432 950
1747382132788 0.0032702351454645395 960
1747382132788 0.0032702351454645395 960
1747382138654 0.002223832067102194 970
1747382138654 0.002223832067102194 970
1747382142568 0.017377730458974838 980
1747382142568 0.017377730458974838 980
1747382146472 0.09253746271133423 990
1747382146488 0.09253746271133423 990
1747382150397 0.0017384516540914774 1000
1747382150397 0.0017384516540914774 1000
1747382154297 0.006835578475147486 1010
1747382154297 0.006835578475147486 1010
1747382158232 0.0014967157039791346 1020
1747382158234 0.0014967157039791346 1020
1747382162191 0.351423054933548 1030
1747382162191 0.351423054933548 1030
1747382166206 0.0012669386342167854 1040
1747382166206 0.0012669386342167854 1040
1747382170201 0.0011663144687190652 1050
1747382170202 0.0011663144687190652 1050
1747382177458 0.0010227306047454476 1060
1747382177458 0.0010227306047454476 1060
1747382183151 0.0014195225667208433 1070
1747382183153 0.0014195225667208433 1070
1747382188810 0.002484032418578863 1080
1747382188810 0.002484032418578863 1080
1747382194254 0.00103314861189574 1090
1747382194254 0.00103314861189574 1090
1747382198071 0.0010163375409319997 1100
1747382198071 0.0010163375409319997 1100
1747382201967 0.0009945769561454654 1110
1747382201967 0.0009945769561454654 1110
1747382205886 0.0012796862283721566 1120
1747382205886 0.0012796862283721566 1120
1747382209811 0.0008693542331457138 1130
1747382209811 0.0008693542331457138 1130
1747382215192 0.0007802371983416378 1140
1747382215196 0.0007802371983416378 1140
1747382219296 0.0008213173132389784 1150
1747382219297 0.0008213173132389784 1150
1747382224769 0.0010020332410931587 1160
1747382224770 0.0010020332410931587 1160
1747382228680 0.03776245936751366 1170
1747382228680 0.03776245936751366 1170
1747382232550 0.009559765458106995 1180
1747382232551 0.009559765458106995 1180
1747382236422 0.0007107103010639548 1190
1747382236423 0.0007107103010639548 1190
1747382241919 0.0007344871410168707 1200
1747382241920 0.0007344871410168707 1200
1747382245782 0.0038005211390554905 1210
1747382245782 0.0038005211390554905 1210
1747382252425 0.0006465311162173748 1220
1747382252429 0.0006465311162173748 1220
1747382256808 0.001029794104397297 1230
1747382256809 0.001029794104397297 1230
1747382260749 0.0007107718847692013 1240
1747382260750 0.0007107718847692013 1240
1747382264706 0.0006411320064216852 1250
1747382264706 0.0006411320064216852 1250
1747382270495 0.0006485884659923613 1260
1747382270493 0.0006485884659923613 1260
1747382274618 0.0005497214733622968 1270
1747382274620 0.0005497214733622968 1270
1747382278723 0.00451933266595006 1280
1747382278725 0.00451933266595006 1280
1747382283503 0.000584894441999495 1290
1747382283502 0.000584894441999495 1290
1747382287695 0.0007245099986903369 1300
1747382287696 0.0007245099986903369 1300
1747382292218 0.0005893449415452778 1310
1747382292216 0.0005893449415452778 1310
1747382313107 0.0011499542742967606 1320
1747382313109 0.0011499542742967606 1320
1747382317418 0.0011116184759885073 1330
1747382317420 0.0011116184759885073 1330
1747382323339 0.0010333872633054852 1340
1747382323341 0.0010333872633054852 1340
1747382327637 0.0007340923184528947 1350
1747382332084 0.0007599475211463869 1360
1747382332086 0.0007599475211463869 1360
1747382336064 0.0006810331251472235 1370
1747382336066 0.0006810331251472235 1370
1747382340018 0.0006909230723977089 1380
1747382340020 0.0006909230723977089 1380
1747382343984 0.0008212854154407978 1390
1747382343986 0.0008212854154407978 1390
1747382348003 0.0006776690715923905 1400
1747382348001 0.0006776690715923905 1400
1747382351980 0.0006629250128753483 1410
1747382351982 0.0006629250128753483 1410
1747382355949 0.0004938539932481945 1420
1747382355949 0.0004938539932481945 1420
1747382359908 0.0017556229140609503 1430
1747382359909 0.0017556229140609503 1430
1747382363856 0.0006079504382796586 1440
1747382363857 0.0006079504382796586 1440
1747382367826 0.0008068702300079167 1450
1747382367828 0.0008068702300079167 1450
1747382371824 0.0004257661639712751 1460
1747382371824 0.0004257661639712751 1460
1747382375799 0.0005037434748373926 1470
1747382375800 0.0005037434748373926 1470
1747382379789 0.00048548413906246424 1480
1747382379790 0.00048548413906246424 1480
1747382383746 0.0021756328642368317 1490
1747382383746 0.0021756328642368317 1490
1747382389308 0.008214276283979416 1500
1747382389309 0.008214276283979416 1500
1747382393219 0.0014057245571166277 1510
1747382393220 0.0014057245571166277 1510
1747382397139 0.00046687942813150585 1520
1747382397139 0.00046687942813150585 1520
1747382401060 0.0007864126237109303 1530
1747382401060 0.0007864126237109303 1530
1747382404984 0.00042520088027231395 1540
1747382404984 0.00042520088027231395 1540
1747382408908 0.00045818337821401656 1550
1747382408909 0.00045818337821401656 1550
1747382412826 0.0004094374307896942 1560
1747382412827 0.0004094374307896942 1560
1747382416747 0.00042562861926853657 1570
1747382416748 0.00042562861926853657 1570
1747382420666 0.0004314797115512192 1580
1747382420667 0.0004314797115512192 1580
1747382424590 0.0011054009664803743 1590
1747382424591 0.0011054009664803743 1590
1747382428518 0.00039342985837720335 1600
1747382428519 0.00039342985837720335 1600
1747382432440 0.0005457435618154705 1610
1747382432441 0.0005457435618154705 1610
1747382438054 0.000448060454800725 1620
1747382438054 0.000448060454800725 1620
1747382441959 0.0022403213661164045 1630
1747382441960 0.0022403213661164045 1630
1747382445863 0.0009661021176725626 1640
1747382445864 0.0009661021176725626 1640
1747382449775 0.0005274188588373363 1650
1747382449776 0.0005274188588373363 1650
1747382455370 0.0004314669640734792 1660
1747382455371 0.0004314669640734792 1660
1747382459275 0.000499294837936759 1670
1747382459276 0.000499294837936759 1670
1747382463187 0.0019162611570209265 1680
1747382463187 0.0019162611570209265 1680
1747382467094 0.0013027741806581616 1690
1747382467095 0.0013027741806581616 1690
1747382471004 0.0015408743638545275 1700
1747382471005 0.0015408743638545275 1700
1747382474923 0.0007368907681666315 1710
1747382474924 0.0007368907681666315 1710
1747382480511 0.002582003828138113 1720
1747382480509 0.002582003828138113 1720
1747382484429 0.0005132746300660074 1730
1747382484429 0.0005132746300660074 1730
1747382488335 0.0008881101966835558 1740
1747382488336 0.0008881101966835558 1740
1747382492250 0.0008283865754492581 1750
1747382492251 0.0008283865754492581 1750
1747382511072 0.00047907340922392905 1760
1747382511072 0.00047907340922392905 1760
1747382514985 0.0005313679575920105 1770
1747382514985 0.0005313679575920105 1770
1747382518891 0.0008641266031190753 1780
1747382518891 0.0008641266031190753 1780
1747382522783 0.0009167237440124154 1790
1747382522783 0.0009167237440124154 1790
1747382526698 0.0024686444085091352 1800
1747382526698 0.0024686444085091352 1800
1747382530607 0.0006455163820646703 1810
1747382530607 0.0006455163820646703 1810
1747382534519 0.0006372046773321927 1820
1747382534519 0.0006372046773321927 1820
1747382538435 0.00047614614595659077 1830
1747382538435 0.00047614614595659077 1830
1747382542351 0.0004922299413010478 1840
1747382542351 0.0004922299413010478 1840
1747382546264 0.005592672619968653 1850
1747382546265 0.005592672619968653 1850
1747382550167 0.000497814966365695 1860
1747382550167 0.000497814966365695 1860
1747382554083 0.0008758356561884284 1870
1747382554083 0.0008758356561884284 1870
1747382557996 0.0004136743664275855 1880
1747382557996 0.0004136743664275855 1880
1747382561912 0.0006304439739324152 1890
1747382561912 0.0006304439739324152 1890
1747382565826 0.0004305490292608738 1900
1747382565826 0.0004305490292608738 1900
1747382569730 0.00044078376959078014 1910
1747382569730 0.00044078376959078014 1910
1747382573642 0.0004932646406814456 1920
1747382573642 0.0004932646406814456 1920
1747382577551 0.0003571216657292098 1930
1747382577551 0.0003571216657292098 1930
1747382581483 0.002183958888053894 1940
1747382581483 0.002183958888053894 1940
1747382585395 0.00048584811156615615 1950
1747382585395 0.00048584811156615615 1950
1747382589300 0.000548943062312901 1960
1747382589300 0.000548943062312901 1960
1747382593222 0.0024382334668189287 1970
1747382593222 0.0024382334668189287 1970
1747382597131 0.0005800349172204733 1980
1747382597131 0.0005800349172204733 1980
1747382601042 0.00038346770452335477 1990
1747382601042 0.00038346770452335477 1990
1747382604961 0.0003679826913867146 2000
1747382604961 0.0003679826913867146 2000
1747382610495 0.00044807870290242136 2010
1747382610495 0.00044807870290242136 2010
1747382614418 0.004218846559524536 2020
1747382614418 0.004218846559524536 2020
1747382618311 0.2755817770957947 2030
1747382618311 0.2755817770957947 2030
1747382622224 0.0014265438076108694 2040
1747382622224 0.0014265438076108694 2040
1747382626127 0.007462074048817158 2050
1747382626127 0.007462074048817158 2050
1747382630037 0.00033897816319949925 2060
1747382630037 0.00033897816319949925 2060
1747382633931 52.574424743652344 2070
1747382639494 0.00036406388971954584 2080
1747382639494 0.00036406388971954584 2080
1747382643394 0.0007059054332785308 2090
1747382643394 0.0007059054332785308 2090
1747382647291 0.014312106184661388 2100
1747382647291 0.014312106184661388 2100
1747382651201 0.0003818745899479836 2110
1747382651201 0.0003818745899479836 2110
1747382655093 0.00029608551994897425 2120
1747382655093 0.00029608551994897425 2120
1747382658994 0.0005049860919825733 2130
1747382658994 0.0005049860919825733 2130
1747382662889 0.00030223981593735516 2140
1747382662889 0.00030223981593735516 2140
1747382666801 0.0021765572018921375 2150
1747382666801 0.0021765572018921375 2150
1747382670703 0.00027330979355610907 2160
1747382670703 0.00027330979355610907 2160
1747382674624 0.0011999019188806415 2170
1747382674624 0.0011999019188806415 2170
1747382678529 0.00033215907751582563 2180
1747382678529 0.00033215907751582563 2180
1747382682257 0.00033560884185135365 2190
1747382682257 0.00033560884185135365 2190
1747382699284 0.0002956812968477607 2200
1747382699284 0.0002956812968477607 2200
1747382703187 0.00027777141076512635 2210
1747382703187 0.00027777141076512635 2210
1747382707099 0.0002554657985456288 2220
1747382707099 0.0002554657985456288 2220
1747382711000 0.00026161776622757316 2230
1747382711016 0.00026161776622757316 2230
1747382714923 0.000266662536887452 2240
1747382714926 0.000266662536887452 2240
1747382720473 0.0002796142653096467 2250
1747382720473 0.0002796142653096467 2250
1747382724367 0.005549546796828508 2260
1747382724367 0.005549546796828508 2260
1747382728272 0.0002889858151320368 2270
1747382728272 0.0002889858151320368 2270
1747382732173 0.00037612271262332797 2280
1747382732173 0.00037612271262332797 2280
1747382736077 0.0002398220676695928 2290
1747382736077 0.0002398220676695928 2290
1747382739980 0.0002841271925717592 2300
1747382739982 0.0002841271925717592 2300
1747382745521 0.00047064831596799195 2310
1747382745521 0.00047064831596799195 2310
1747382751057 0.0002441005053697154 2320
1747382751057 0.0002441005053697154 2320
1747382754944 0.0002981601865030825 2330
1747382754944 0.0002981601865030825 2330
1747382758836 0.0002662308397702873 2340
1747382758836 0.0002662308397702873 2340
1747382764375 0.0002651593240443617 2350
1747382764375 0.0002651593240443617 2350
1747382768263 0.00023855576000642031 2360
1747382768263 0.00023855576000642031 2360
1747382772140 0.03952176123857498 2370
1747382772140 0.03952176123857498 2370
1747382776027 0.00031191710149869323 2380
1747382776027 0.00031191710149869323 2380
1747382779928 0.00029112823540344834 2390
1747382779928 0.00029112823540344834 2390
1747382783820 0.0002690300752874464 2400
1747382783820 0.0002690300752874464 2400
1747382787710 0.0002887154114432633 2410
1747382787710 0.0002887154114432633 2410
1747382791602 0.00021906051551923156 2420
1747382791602 0.00021906051551923156 2420
1747382795493 0.000299379084026441 2430
1747382795493 0.000299379084026441 2430
1747382799393 0.00028179516084492207 2440
1747382799393 0.00028179516084492207 2440
1747382803288 0.0002345702814636752 2450
1747382803288 0.0002345702814636752 2450
1747382807183 0.00022519423509947956 2460
1747382807183 0.00022519423509947956 2460
1747382811083 0.0004466132668312639 2470
1747382811083 0.0004466132668312639 2470
1747382814978 0.00020903478434775025 2480
1747382814978 0.00020903478434775025 2480
1747382818873 0.00021228189871180803 2490
1747382818873 0.00021228189871180803 2490
1747382822773 0.0002181635209126398 2500
1747382822773 0.0002181635209126398 2500
1747382826670 0.0002463611017446965 2510
1747382826670 0.0002463611017446965 2510
1747382830561 0.00021756718342658132 2520
1747382830561 0.00021756718342658132 2520
1747382834469 0.0002432798210065812 2530
1747382834469 0.0002432798210065812 2530
1747382838371 0.0002505409065634012 2540
1747382838371 0.0002505409065634012 2540
1747382842291 0.0002177442074753344 2550
1747382842291 0.0002177442074753344 2550
1747382846198 0.00023629677889402956 2560
1747382846198 0.00023629677889402956 2560
1747382850095 0.00020426418632268906 2570
1747382850095 0.00020426418632268906 2570
1747382854001 0.00022413095575757325 2580
1747382854001 0.00022413095575757325 2580
1747382857919 0.00021470326464623213 2590
1747382857919 0.00021470326464623213 2590
1747382863482 0.00024418681277893484 2600
1747382863482 0.00024418681277893484 2600
1747382867376 0.00023006033734418452 2610
1747382867376 0.00023006033734418452 2610
1747382871280 0.00021626810485031456 2620
1747382871280 0.00021626810485031456 2620
