1747381684431 4.988584474885845e-05 10
1747381684431 4.988584474885845e-05 10
1747381689760 4.977168949771689e-05 20
1747381689776 4.977168949771689e-05 20
1747381693408 4.9657534246575346e-05 30
1747381693408 4.9657534246575346e-05 30
1747381697102 4.9543378995433794e-05 40
1747381697102 4.9543378995433794e-05 40
1747381700764 4.942922374429224e-05 50
1747381700764 4.942922374429224e-05 50
1747381704445 4.9315068493150684e-05 60
1747381704445 4.9315068493150684e-05 60
1747381708123 4.920091324200913e-05 70
1747381708123 4.920091324200913e-05 70
1747381711830 4.908675799086758e-05 80
1747381711830 4.908675799086758e-05 80
1747381715529 4.8972602739726034e-05 90
1747381715529 4.8972602739726034e-05 90
1747381719248 4.8858447488584476e-05 100
1747381719248 4.8858447488584476e-05 100
1747381722976 4.8744292237442924e-05 110
1747381722976 4.8744292237442924e-05 110
1747381726710 4.863013698630137e-05 120
1747381726710 4.863013698630137e-05 120
1747381730416 4.851598173515982e-05 130
1747381730416 4.851598173515982e-05 130
1747381734183 4.840182648401827e-05 140
1747381734183 4.840182648401827e-05 140
1747381737936 4.8287671232876716e-05 150
1747381737937 4.8287671232876716e-05 150
1747381741680 4.8173515981735164e-05 160
1747381741680 4.8173515981735164e-05 160
1747381745396 4.805936073059361e-05 170
1747381745396 4.805936073059361e-05 170
1747381750776 4.794520547945205e-05 180
1747381750776 4.794520547945205e-05 180
1747381756039 4.78310502283105e-05 190
1747381756039 4.78310502283105e-05 190
1747381760095 4.7716894977168955e-05 200
1747381760095 4.7716894977168955e-05 200
1747381763862 4.7602739726027403e-05 210
1747381763864 4.7602739726027403e-05 210
1747381767636 4.7488584474885845e-05 220
1747381767636 4.7488584474885845e-05 220
1747381771405 4.737442922374429e-05 230
1747381771405 4.737442922374429e-05 230
1747381775195 4.726027397260274e-05 240
1747381775195 4.726027397260274e-05 240
1747381780578 4.714611872146119e-05 250
1747381780578 4.714611872146119e-05 250
1747381784378 4.703196347031964e-05 260
1747381784378 4.703196347031964e-05 260
1747381788305 4.6917808219178085e-05 270
1747381788309 4.6917808219178085e-05 270
1747381795215 4.680365296803653e-05 280
1747381795215 4.680365296803653e-05 280
1747381798975 4.668949771689498e-05 290
1747381798975 4.668949771689498e-05 290
1747381802760 4.657534246575342e-05 300
1747381802760 4.657534246575342e-05 300
1747381808154 4.646118721461187e-05 310
1747381808154 4.646118721461187e-05 310
1747381813587 4.6347031963470325e-05 320
1747381813587 4.6347031963470325e-05 320
1747381820702 4.623287671232877e-05 330
1747381820703 4.623287671232877e-05 330
1747381824490 4.6118721461187214e-05 340
1747381824491 4.6118721461187214e-05 340
1747381829888 4.600456621004566e-05 350
1747381829888 4.600456621004566e-05 350
1747381833648 4.589041095890411e-05 360
1747381833648 4.589041095890411e-05 360
1747381837392 4.577625570776256e-05 370
1747381837392 4.577625570776256e-05 370
1747381841134 4.5662100456621006e-05 380
1747381841134 4.5662100456621006e-05 380
1747381844917 4.5547945205479454e-05 390
1747381844917 4.5547945205479454e-05 390
1747381851952 4.54337899543379e-05 400
1747381851952 4.54337899543379e-05 400
1747381857358 4.531963470319635e-05 410
1747381857358 4.531963470319635e-05 410
1747381861188 4.520547945205479e-05 420
1747381861188 4.520547945205479e-05 420
1747381866633 4.5091324200913246e-05 430
1747381866633 4.5091324200913246e-05 430
1747381882965 4.4977168949771694e-05 440
1747381882965 4.4977168949771694e-05 440
1747381888435 4.486301369863014e-05 450
1747381888435 4.486301369863014e-05 450
1747381895625 4.474885844748858e-05 460
1747381895625 4.474885844748858e-05 460
1747381902747 4.463470319634703e-05 470
1747381902747 4.463470319634703e-05 470
1747381908099 4.452054794520548e-05 480
1747381908103 4.452054794520548e-05 480
1747381911840 4.4406392694063934e-05 490
1747381911840 4.4406392694063934e-05 490
1747381915602 4.4292237442922375e-05 500
1747381915602 4.4292237442922375e-05 500
1747381919366 4.417808219178082e-05 510
1747381919366 4.417808219178082e-05 510
1747381924743 4.406392694063927e-05 520
1747381924743 4.406392694063927e-05 520
1747381928501 4.394977168949772e-05 530
1747381928501 4.394977168949772e-05 530
1747381932261 4.383561643835617e-05 540
1747381932261 4.383561643835617e-05 540
1747381936023 4.3721461187214615e-05 550
1747381936023 4.3721461187214615e-05 550
1747381939804 4.360730593607306e-05 560
1747381939804 4.360730593607306e-05 560
1747381943587 4.349315068493151e-05 570
1747381943587 4.349315068493151e-05 570
1747381949105 4.337899543378995e-05 580
1747381949105 4.337899543378995e-05 580
1747381954513 4.32648401826484e-05 590
1747381954513 4.32648401826484e-05 590
1747381958379 4.3150684931506855e-05 600
1747381958379 4.3150684931506855e-05 600
1747381962166 4.30365296803653e-05 610
1747381962166 4.30365296803653e-05 610
1747381967604 4.2922374429223744e-05 620
1747381967604 4.2922374429223744e-05 620
1747381973100 4.280821917808219e-05 630
1747381973103 4.280821917808219e-05 630
1747381977175 4.269406392694064e-05 640
1747381977175 4.269406392694064e-05 640
1747381982677 4.257990867579909e-05 650
1747381982677 4.257990867579909e-05 650
1747381986460 4.2465753424657536e-05 660
1747381986460 4.2465753424657536e-05 660
1747381990253 4.2351598173515984e-05 670
1747381990253 4.2351598173515984e-05 670
1747381994055 4.223744292237443e-05 680
1747381994055 4.223744292237443e-05 680
1747381997851 4.212328767123288e-05 690
1747381997851 4.212328767123288e-05 690
1747382001657 4.200913242009132e-05 700
1747382001657 4.200913242009132e-05 700
1747382005465 4.1894977168949776e-05 710
1747382005465 4.1894977168949776e-05 710
1747382009276 4.1780821917808224e-05 720
1747382009276 4.1780821917808224e-05 720
1747382013088 4.166666666666667e-05 730
1747382013088 4.166666666666667e-05 730
1747382018505 4.155251141552511e-05 740
1747382018505 4.155251141552511e-05 740
1747382022314 4.143835616438356e-05 750
1747382022314 4.143835616438356e-05 750
1747382027658 4.132420091324201e-05 760
1747382027658 4.132420091324201e-05 760
1747382031867 4.121004566210046e-05 770
1747382031867 4.121004566210046e-05 770
1747382037535 4.1095890410958905e-05 780
1747382037535 4.1095890410958905e-05 780
1747382041475 4.098173515981735e-05 790
1747382041475 4.098173515981735e-05 790
1747382045350 4.08675799086758e-05 800
1747382045350 4.08675799086758e-05 800
1747382050840 4.075342465753425e-05 810
1747382050840 4.075342465753425e-05 810
1747382054701 4.063926940639269e-05 820
1747382054701 4.063926940639269e-05 820
1747382060316 4.0525114155251145e-05 830
1747382060316 4.0525114155251145e-05 830
1747382064444 4.041095890410959e-05 840
1747382064445 4.041095890410959e-05 840
1747382068361 4.029680365296804e-05 850
1747382068362 4.029680365296804e-05 850
1747382072288 4.018264840182648e-05 860
1747382072288 4.018264840182648e-05 860
1747382077921 4.006849315068493e-05 870
1747382077921 4.006849315068493e-05 870
1747382094723 3.995433789954338e-05 880
1747382094724 3.995433789954338e-05 880
1747382098707 3.984018264840183e-05 890
1747382098710 3.984018264840183e-05 890
1747382102631 3.9726027397260274e-05 900
1747382102631 3.9726027397260274e-05 900
1747382109874 3.961187214611872e-05 910
1747382109874 3.961187214611872e-05 910
1747382115427 3.949771689497717e-05 920
1747382115427 3.949771689497717e-05 920
1747382119386 3.938356164383562e-05 930
1747382119386 3.938356164383562e-05 930
1747382123297 3.9269406392694066e-05 940
1747382123297 3.9269406392694066e-05 940
1747382128865 3.9155251141552514e-05 950
1747382128865 3.9155251141552514e-05 950
1747382132788 3.904109589041096e-05 960
1747382132788 3.904109589041096e-05 960
1747382138654 3.892694063926941e-05 970
1747382138654 3.892694063926941e-05 970
1747382142568 3.881278538812785e-05 980
1747382142568 3.881278538812785e-05 980
1747382146472 3.86986301369863e-05 990
1747382146488 3.86986301369863e-05 990
1747382150397 3.8584474885844754e-05 1000
1747382150397 3.8584474885844754e-05 1000
1747382154297 3.84703196347032e-05 1010
1747382154297 3.84703196347032e-05 1010
1747382158232 3.8356164383561644e-05 1020
1747382158234 3.8356164383561644e-05 1020
1747382162191 3.824200913242009e-05 1030
1747382162191 3.824200913242009e-05 1030
1747382166206 3.812785388127854e-05 1040
1747382166206 3.812785388127854e-05 1040
1747382170201 3.801369863013699e-05 1050
1747382170202 3.801369863013699e-05 1050
1747382177458 3.7899543378995436e-05 1060
1747382177458 3.7899543378995436e-05 1060
1747382183153 3.7785388127853884e-05 1070
1747382183151 3.7785388127853884e-05 1070
1747382188810 3.767123287671233e-05 1080
1747382188810 3.767123287671233e-05 1080
1747382194254 3.755707762557078e-05 1090
1747382194254 3.755707762557078e-05 1090
1747382198071 3.744292237442922e-05 1100
1747382198071 3.744292237442922e-05 1100
1747382201967 3.7328767123287675e-05 1110
1747382201967 3.7328767123287675e-05 1110
1747382205886 3.7214611872146123e-05 1120
1747382205886 3.7214611872146123e-05 1120
1747382209811 3.710045662100457e-05 1130
1747382209811 3.710045662100457e-05 1130
1747382215192 3.698630136986301e-05 1140
1747382215196 3.698630136986301e-05 1140
1747382219296 3.687214611872146e-05 1150
1747382219297 3.687214611872146e-05 1150
1747382224769 3.675799086757991e-05 1160
1747382224770 3.675799086757991e-05 1160
1747382228680 3.664383561643836e-05 1170
1747382228680 3.664383561643836e-05 1170
1747382232550 3.6529680365296805e-05 1180
1747382232551 3.6529680365296805e-05 1180
1747382236422 3.641552511415525e-05 1190
1747382236423 3.641552511415525e-05 1190
1747382241919 3.63013698630137e-05 1200
1747382241920 3.63013698630137e-05 1200
1747382245782 3.618721461187215e-05 1210
1747382245782 3.618721461187215e-05 1210
1747382252425 3.60730593607306e-05 1220
1747382252429 3.60730593607306e-05 1220
1747382256808 3.5958904109589045e-05 1230
1747382256809 3.5958904109589045e-05 1230
1747382260749 3.584474885844749e-05 1240
1747382260750 3.584474885844749e-05 1240
1747382264706 3.573059360730594e-05 1250
1747382264706 3.573059360730594e-05 1250
1747382270495 3.561643835616438e-05 1260
1747382270493 3.561643835616438e-05 1260
1747382274618 3.550228310502283e-05 1270
1747382274620 3.550228310502283e-05 1270
1747382278723 3.538812785388128e-05 1280
1747382278725 3.538812785388128e-05 1280
1747382283503 3.527397260273973e-05 1290
1747382283502 3.527397260273973e-05 1290
1747382287695 3.5159817351598174e-05 1300
1747382287696 3.5159817351598174e-05 1300
1747382292218 3.504566210045662e-05 1310
1747382292216 3.504566210045662e-05 1310
1747382313107 3.493150684931507e-05 1320
1747382313109 3.493150684931507e-05 1320
1747382317418 3.481735159817352e-05 1330
1747382317420 3.481735159817352e-05 1330
1747382323339 3.4703196347031966e-05 1340
1747382323341 3.4703196347031966e-05 1340
1747382327636 3.4589041095890414e-05 1350
1747382327637 3.4589041095890414e-05 1350
1747382332084 3.447488584474886e-05 1360
1747382332086 3.447488584474886e-05 1360
1747382336064 3.436073059360731e-05 1370
1747382336066 3.436073059360731e-05 1370
1747382340018 3.424657534246575e-05 1380
1747382340020 3.424657534246575e-05 1380
1747382343984 3.41324200913242e-05 1390
1747382343986 3.41324200913242e-05 1390
1747382348003 3.4018264840182654e-05 1400
1747382348001 3.4018264840182654e-05 1400
1747382351980 3.39041095890411e-05 1410
1747382351982 3.39041095890411e-05 1410
1747382355949 3.378995433789954e-05 1420
1747382355949 3.378995433789954e-05 1420
1747382359908 3.367579908675799e-05 1430
1747382359909 3.367579908675799e-05 1430
1747382363856 3.356164383561644e-05 1440
1747382363857 3.356164383561644e-05 1440
1747382367826 3.344748858447489e-05 1450
1747382367828 3.344748858447489e-05 1450
1747382371824 3.3333333333333335e-05 1460
1747382371824 3.3333333333333335e-05 1460
1747382375799 3.321917808219178e-05 1470
1747382375800 3.321917808219178e-05 1470
1747382379789 3.310502283105023e-05 1480
1747382379790 3.310502283105023e-05 1480
1747382383746 3.299086757990868e-05 1490
1747382383746 3.299086757990868e-05 1490
1747382389308 3.287671232876712e-05 1500
1747382389309 3.287671232876712e-05 1500
1747382393219 3.2762557077625575e-05 1510
1747382393220 3.2762557077625575e-05 1510
1747382397139 3.264840182648402e-05 1520
1747382397139 3.264840182648402e-05 1520
1747382401060 3.253424657534247e-05 1530
1747382401060 3.253424657534247e-05 1530
1747382404984 3.242009132420091e-05 1540
1747382404984 3.242009132420091e-05 1540
1747382408908 3.230593607305936e-05 1550
1747382408909 3.230593607305936e-05 1550
1747382412826 3.219178082191781e-05 1560
1747382412827 3.219178082191781e-05 1560
1747382416747 3.207762557077626e-05 1570
1747382416748 3.207762557077626e-05 1570
1747382420666 3.1963470319634704e-05 1580
1747382420667 3.1963470319634704e-05 1580
1747382424590 3.184931506849315e-05 1590
1747382424591 3.184931506849315e-05 1590
1747382428518 3.17351598173516e-05 1600
1747382428519 3.17351598173516e-05 1600
1747382432440 3.162100456621005e-05 1610
1747382432441 3.162100456621005e-05 1610
1747382438054 3.1506849315068496e-05 1620
1747382438054 3.1506849315068496e-05 1620
1747382441959 3.1392694063926944e-05 1630
1747382441960 3.1392694063926944e-05 1630
1747382445863 3.127853881278539e-05 1640
1747382445864 3.127853881278539e-05 1640
1747382449776 3.116438356164384e-05 1650
1747382449775 3.116438356164384e-05 1650
1747382455370 3.105022831050228e-05 1660
1747382455371 3.105022831050228e-05 1660
1747382459275 3.093607305936073e-05 1670
1747382459276 3.093607305936073e-05 1670
1747382463187 3.082191780821918e-05 1680
1747382463187 3.082191780821918e-05 1680
1747382467094 3.070776255707763e-05 1690
1747382467095 3.070776255707763e-05 1690
1747382471004 3.059360730593607e-05 1700
1747382471005 3.059360730593607e-05 1700
1747382474923 3.047945205479452e-05 1710
1747382474924 3.047945205479452e-05 1710
1747382480511 3.036529680365297e-05 1720
1747382480509 3.036529680365297e-05 1720
1747382484429 3.025114155251142e-05 1730
1747382484429 3.025114155251142e-05 1730
1747382488335 3.0136986301369862e-05 1740
1747382488336 3.0136986301369862e-05 1740
1747382492250 3.0022831050228313e-05 1750
1747382492251 3.0022831050228313e-05 1750
1747382511072 2.990867579908676e-05 1760
1747382511072 2.990867579908676e-05 1760
1747382514985 2.979452054794521e-05 1770
1747382514985 2.979452054794521e-05 1770
1747382518891 2.9680365296803654e-05 1780
1747382518891 2.9680365296803654e-05 1780
1747382522783 2.9566210045662102e-05 1790
1747382522783 2.9566210045662102e-05 1790
1747382526698 2.945205479452055e-05 1800
1747382526698 2.945205479452055e-05 1800
1747382530607 2.9337899543378998e-05 1810
1747382530607 2.9337899543378998e-05 1810
1747382534519 2.9223744292237442e-05 1820
1747382534519 2.9223744292237442e-05 1820
1747382538435 2.910958904109589e-05 1830
1747382538435 2.910958904109589e-05 1830
1747382542351 2.8995433789954342e-05 1840
1747382542351 2.8995433789954342e-05 1840
1747382546264 2.888127853881279e-05 1850
1747382546265 2.888127853881279e-05 1850
1747382550167 2.8767123287671234e-05 1860
1747382550167 2.8767123287671234e-05 1860
1747382554083 2.8652968036529682e-05 1870
1747382554083 2.8652968036529682e-05 1870
1747382557996 2.853881278538813e-05 1880
1747382557996 2.853881278538813e-05 1880
1747382561912 2.842465753424658e-05 1890
1747382561912 2.842465753424658e-05 1890
1747382565826 2.8310502283105023e-05 1900
1747382565826 2.8310502283105023e-05 1900
1747382569730 2.819634703196347e-05 1910
1747382569730 2.819634703196347e-05 1910
1747382573642 2.808219178082192e-05 1920
1747382573642 2.808219178082192e-05 1920
1747382577551 2.796803652968037e-05 1930
1747382577551 2.796803652968037e-05 1930
1747382581483 2.785388127853881e-05 1940
1747382581483 2.785388127853881e-05 1940
1747382585395 2.7739726027397263e-05 1950
1747382585395 2.7739726027397263e-05 1950
1747382589300 2.762557077625571e-05 1960
1747382589300 2.762557077625571e-05 1960
1747382593222 2.751141552511416e-05 1970
1747382593222 2.751141552511416e-05 1970
1747382597131 2.7397260273972603e-05 1980
1747382597131 2.7397260273972603e-05 1980
1747382601042 2.728310502283105e-05 1990
1747382601042 2.728310502283105e-05 1990
1747382604961 2.71689497716895e-05 2000
1747382604961 2.71689497716895e-05 2000
1747382610495 2.7054794520547947e-05 2010
1747382610495 2.7054794520547947e-05 2010
1747382614418 2.6940639269406392e-05 2020
1747382614418 2.6940639269406392e-05 2020
1747382618311 2.682648401826484e-05 2030
1747382618311 2.682648401826484e-05 2030
1747382622224 2.671232876712329e-05 2040
1747382622224 2.671232876712329e-05 2040
1747382626127 2.659817351598174e-05 2050
1747382626127 2.659817351598174e-05 2050
1747382630037 2.6484018264840184e-05 2060
1747382630037 2.6484018264840184e-05 2060
1747382633931 2.6369863013698632e-05 2070
1747382633931 2.6369863013698632e-05 2070
1747382639494 2.625570776255708e-05 2080
1747382639494 2.625570776255708e-05 2080
1747382643394 2.6141552511415528e-05 2090
1747382643394 2.6141552511415528e-05 2090
1747382647291 2.6027397260273973e-05 2100
1747382647291 2.6027397260273973e-05 2100
1747382651201 2.591324200913242e-05 2110
1747382651201 2.591324200913242e-05 2110
1747382655093 2.579908675799087e-05 2120
1747382655093 2.579908675799087e-05 2120
1747382658994 2.568493150684932e-05 2130
1747382658994 2.568493150684932e-05 2130
1747382662889 2.557077625570776e-05 2140
1747382662889 2.557077625570776e-05 2140
1747382666801 2.5456621004566213e-05 2150
1747382666801 2.5456621004566213e-05 2150
1747382670703 2.534246575342466e-05 2160
1747382670703 2.534246575342466e-05 2160
1747382674624 2.522831050228311e-05 2170
1747382674624 2.522831050228311e-05 2170
1747382678529 2.5114155251141553e-05 2180
1747382678529 2.5114155251141553e-05 2180
1747382682257 2.5e-05 2190
1747382682257 2.5e-05 2190
1747382699284 2.4885844748858446e-05 2200
1747382699284 2.4885844748858446e-05 2200
1747382703187 2.4771689497716897e-05 2210
1747382703187 2.4771689497716897e-05 2210
1747382707099 2.4657534246575342e-05 2220
1747382707099 2.4657534246575342e-05 2220
1747382711000 2.454337899543379e-05 2230
1747382711016 2.454337899543379e-05 2230
1747382714923 2.4429223744292238e-05 2240
1747382714926 2.4429223744292238e-05 2240
1747382720473 2.4315068493150686e-05 2250
1747382720473 2.4315068493150686e-05 2250
1747382724367 2.4200913242009134e-05 2260
1747382724367 2.4200913242009134e-05 2260
1747382728272 2.4086757990867582e-05 2270
1747382728272 2.4086757990867582e-05 2270
1747382732173 2.3972602739726026e-05 2280
1747382732173 2.3972602739726026e-05 2280
1747382736077 2.3858447488584478e-05 2290
1747382736077 2.3858447488584478e-05 2290
1747382739980 2.3744292237442922e-05 2300
1747382739982 2.3744292237442922e-05 2300
1747382745521 2.363013698630137e-05 2310
1747382745521 2.363013698630137e-05 2310
1747382751057 2.351598173515982e-05 2320
1747382751057 2.351598173515982e-05 2320
1747382754944 2.3401826484018266e-05 2330
1747382754944 2.3401826484018266e-05 2330
1747382758836 2.328767123287671e-05 2340
1747382758836 2.328767123287671e-05 2340
1747382764375 2.3173515981735162e-05 2350
1747382764375 2.3173515981735162e-05 2350
1747382768263 2.3059360730593607e-05 2360
1747382768263 2.3059360730593607e-05 2360
1747382772140 2.2945205479452055e-05 2370
1747382772140 2.2945205479452055e-05 2370
1747382776027 2.2831050228310503e-05 2380
1747382776027 2.2831050228310503e-05 2380
1747382779928 2.271689497716895e-05 2390
1747382779928 2.271689497716895e-05 2390
1747382783820 2.2602739726027396e-05 2400
1747382783820 2.2602739726027396e-05 2400
1747382787710 2.2488584474885847e-05 2410
1747382787710 2.2488584474885847e-05 2410
1747382791602 2.237442922374429e-05 2420
1747382791602 2.237442922374429e-05 2420
1747382795493 2.226027397260274e-05 2430
1747382795493 2.226027397260274e-05 2430
1747382799393 2.2146118721461187e-05 2440
1747382799393 2.2146118721461187e-05 2440
1747382803288 2.2031963470319635e-05 2450
1747382803288 2.2031963470319635e-05 2450
1747382807183 2.1917808219178083e-05 2460
1747382807183 2.1917808219178083e-05 2460
1747382811083 2.180365296803653e-05 2470
1747382811083 2.180365296803653e-05 2470
1747382814978 2.1689497716894976e-05 2480
1747382814978 2.1689497716894976e-05 2480
1747382818873 2.1575342465753427e-05 2490
1747382818873 2.1575342465753427e-05 2490
1747382822773 2.1461187214611872e-05 2500
1747382822773 2.1461187214611872e-05 2500
1747382826670 2.134703196347032e-05 2510
1747382826670 2.134703196347032e-05 2510
1747382830561 2.1232876712328768e-05 2520
1747382830561 2.1232876712328768e-05 2520
1747382834469 2.1118721461187216e-05 2530
1747382834469 2.1118721461187216e-05 2530
1747382838371 2.100456621004566e-05 2540
1747382838371 2.100456621004566e-05 2540
1747382842291 2.0890410958904112e-05 2550
1747382842291 2.0890410958904112e-05 2550
1747382846198 2.0776255707762557e-05 2560
1747382846198 2.0776255707762557e-05 2560
1747382850095 2.0662100456621005e-05 2570
1747382850095 2.0662100456621005e-05 2570
1747382854001 2.0547945205479453e-05 2580
1747382854001 2.0547945205479453e-05 2580
1747382857919 2.04337899543379e-05 2590
1747382857919 2.04337899543379e-05 2590
1747382863482 2.0319634703196345e-05 2600
1747382863482 2.0319634703196345e-05 2600
1747382867376 2.0205479452054797e-05 2610
1747382867376 2.0205479452054797e-05 2610
1747382871280 2.009132420091324e-05 2620
1747382871280 2.009132420091324e-05 2620
