1747381684431 0.5501 10
1747381684431 0.5501 10
1747381689760 0.3789 20
1747381689776 0.3789 20
1747381693408 0.1558 30
1747381697102 0.1269 40
1747381697102 0.1269 40
1747381700764 0.283 50
1747381700764 0.283 50
1747381704445 0.0799 60
1747381704445 0.0799 60
1747381708123 0.1994 70
1747381708123 0.1994 70
1747381711830 0.048 80
1747381711830 0.048 80
1747381715529 0.1225 90
1747381715529 0.1225 90
1747381719248 0.0902 100
1747381719248 0.0902 100
1747381722976 0.1036 110
1747381722976 0.1036 110
1747381726710 0.1408 120
1747381726710 0.1408 120
1747381730416 0.2268 130
1747381730416 0.2268 130
1747381734183 0.0759 140
1747381734183 0.0759 140
1747381737936 0.0663 150
1747381737937 0.0663 150
1747381741680 0.0421 160
1747381741680 0.0421 160
1747381745396 0.1422 170
1747381745396 0.1422 170
1747381750776 0.0271 180
1747381750776 0.0271 180
1747381756039 0.0363 190
1747381756039 0.0363 190
1747381760095 0.0015 200
1747381760095 0.0015 200
1747381763862 0.105 210
1747381763864 0.105 210
1747381767636 0.0686 220
1747381767636 0.0686 220
1747381771405 0.0942 230
1747381771405 0.0942 230
1747381775195 0.0573 240
1747381775195 0.0573 240
1747381780578 0.0241 250
1747381780578 0.0241 250
1747381784378 0.0317 260
1747381784378 0.0317 260
1747381788305 0.1711 270
1747381788309 0.1711 270
1747381795215 0.0353 280
1747381795215 0.0353 280
1747381798975 0.0107 290
1747381798975 0.0107 290
1747381802760 0.0057 300
1747381802760 0.0057 300
1747381808154 0.0633 310
1747381813587 0.0346 320
1747381813587 0.0346 320
1747381820702 0.0604 330
1747381820703 0.0604 330
1747381824490 0.0624 340
1747381824491 0.0624 340
1747381829888 0.0846 350
1747381829888 0.0846 350
1747381833648 0.0022 360
1747381837392 0.0188 370
1747381837392 0.0188 370
1747381841134 0.0369 380
1747381841134 0.0369 380
1747381844917 0.0847 390
1747381844917 0.0847 390
1747381851952 0.1808 400
1747381851952 0.1808 400
1747381857358 0.0831 410
1747381857358 0.0831 410
1747381861188 0.0067 420
1747381861188 0.0067 420
1747381866633 0.0023 430
1747381866633 0.0023 430
1747381882965 0.0837 440
1747381882965 0.0837 440
1747381888435 0.0016 450
1747381888435 0.0016 450
1747381895625 0.0006 460
1747381895625 0.0006 460
1747381902747 0.0039 470
1747381902747 0.0039 470
1747381908099 0.0002 480
1747381908103 0.0002 480
1747381911840 0.0946 490
1747381911840 0.0946 490
1747381915602 0.017 500
1747381915602 0.017 500
1747381919366 0.0296 510
1747381919366 0.0296 510
1747381924743 0.0003 520
1747381924743 0.0003 520
1747381928501 0.0632 530
1747381928501 0.0632 530
1747381932261 0.0056 540
1747381932261 0.0056 540
1747381936023 0.0008 550
1747381936023 0.0008 550
1747381939804 0.0003 560
1747381939804 0.0003 560
1747381943587 0.0079 570
1747381943587 0.0079 570
1747381949105 0.0003 580
1747381949105 0.0003 580
1747381954513 0.0078 590
1747381954513 0.0078 590
1747381958379 0.0002 600
1747381958379 0.0002 600
1747381962166 0.0098 610
1747381962166 0.0098 610
1747381967604 0.0439 620
1747381967604 0.0439 620
1747381973100 0.0122 630
1747381973103 0.0122 630
1747381977175 0.0002 640
1747381977175 0.0002 640
1747381982677 0.0008 650
1747381982677 0.0008 650
1747381986460 0.0001 660
1747381986460 0.0001 660
1747381990253 0.0001 670
1747381990253 0.0001 670
1747381994055 0.0001 680
1747381994055 0.0001 680
1747381997851 0.0261 690
1747381997851 0.0261 690
1747382001657 0.0335 700
1747382001657 0.0335 700
1747382005465 0.0354 710
1747382005465 0.0354 710
1747382009276 0.0454 720
1747382009276 0.0454 720
1747382013088 0.0002 730
1747382013088 0.0002 730
1747382018505 0.0192 740
1747382018505 0.0192 740
1747382022314 0.0006 750
1747382022314 0.0006 750
1747382027658 0.0001 760
1747382027658 0.0001 760
1747382031867 0.0001 770
1747382031867 0.0001 770
1747382037535 0.0002 780
1747382037535 0.0002 780
1747382041475 0.0363 790
1747382041475 0.0363 790
1747382045350 0.0597 800
1747382045350 0.0597 800
1747382050840 0.0011 810
1747382050840 0.0011 810
1747382054701 0.0968 820
1747382054701 0.0968 820
1747382060316 0.0002 830
1747382060316 0.0002 830
1747382064444 0.0653 840
1747382064445 0.0653 840
1747382068361 0.0233 850
1747382068362 0.0233 850
1747382072288 0.0382 860
1747382072288 0.0382 860
1747382077921 0.0001 870
1747382077921 0.0001 870
1747382094723 0.0022 880
1747382094724 0.0022 880
1747382098710 0.0383 890
1747382098707 0.0383 890
1747382102631 0.0002 900
1747382102631 0.0002 900
1747382109874 0.0394 910
1747382109874 0.0394 910
1747382115427 0.0231 920
1747382115427 0.0231 920
1747382119386 0.0002 930
1747382119386 0.0002 930
1747382123297 0.0001 940
1747382123297 0.0001 940
1747382128865 0.0091 950
1747382128865 0.0091 950
1747382132788 0.0001 960
1747382132788 0.0001 960
1747382138654 0.0001 970
1747382138654 0.0001 970
1747382142568 0.0163 980
1747382142568 0.0163 980
1747382146472 0.0004 990
1747382146488 0.0004 990
1747382150397 0.0203 1000
1747382150397 0.0203 1000
1747382154297 0.0001 1010
1747382154297 0.0001 1010
1747382158232 0.0013 1020
1747382158234 0.0013 1020
1747382162191 0.0051 1030
1747382162191 0.0051 1030
1747382166206 0.0108 1040
1747382166206 0.0108 1040
1747382170201 0.0001 1050
1747382170202 0.0001 1050
1747382177458 0.0001 1060
1747382177458 0.0001 1060
1747382183151 0.0001 1070
1747382183153 0.0001 1070
1747382188810 0.0001 1080
1747382188810 0.0001 1080
1747382194254 0.0001 1090
1747382194254 0.0001 1090
1747382198071 0.001 1100
1747382198071 0.001 1100
1747382201967 0.0001 1110
1747382201967 0.0001 1110
1747382205886 0.0001 1120
1747382205886 0.0001 1120
1747382209811 0.0 1130
1747382209811 0.0 1130
1747382215192 0.0001 1140
1747382215196 0.0001 1140
1747382219296 0.0001 1150
1747382219297 0.0001 1150
1747382224769 0.0209 1160
1747382224770 0.0209 1160
1747382228680 0.0001 1170
1747382228680 0.0001 1170
1747382232550 0.0277 1180
1747382232551 0.0277 1180
1747382236422 0.0 1190
1747382236423 0.0 1190
1747382241919 0.0 1200
1747382241920 0.0 1200
1747382245782 0.0054 1210
1747382245782 0.0054 1210
1747382252425 0.0 1220
1747382252429 0.0 1220
1747382256808 0.0001 1230
1747382256809 0.0001 1230
1747382260749 0.0 1240
1747382260750 0.0 1240
1747382264706 0.0 1250
1747382264706 0.0 1250
1747382270495 0.0001 1260
1747382270493 0.0001 1260
1747382274618 0.0 1270
1747382274620 0.0 1270
1747382278723 0.0 1280
1747382278725 0.0 1280
1747382283503 0.0001 1290
1747382283502 0.0001 1290
1747382287695 0.0035 1300
1747382287696 0.0035 1300
1747382292218 0.053 1310
1747382292216 0.053 1310
1747382313107 0.0 1320
1747382313109 0.0 1320
1747382317418 0.0 1330
1747382317420 0.0 1330
1747382323339 0.0002 1340
1747382323341 0.0002 1340
1747382327636 0.0 1350
1747382327637 0.0 1350
1747382332084 0.0 1360
1747382332086 0.0 1360
1747382336064 0.0 1370
1747382336066 0.0 1370
1747382340018 0.0004 1380
1747382340020 0.0004 1380
1747382343984 0.0 1390
1747382343986 0.0 1390
1747382348003 0.0001 1400
1747382348001 0.0001 1400
1747382351980 0.0 1410
1747382351982 0.0 1410
1747382355949 0.0 1420
1747382355949 0.0 1420
1747382359908 0.0 1430
1747382359909 0.0 1430
1747382363856 0.0 1440
1747382363857 0.0 1440
1747382367826 0.0 1450
1747382367828 0.0 1450
1747382371824 0.0 1460
1747382371824 0.0 1460
1747382375799 0.0 1470
1747382375800 0.0 1470
1747382379789 0.0 1480
1747382379790 0.0 1480
1747382383746 0.0 1490
1747382383746 0.0 1490
1747382389308 0.0 1500
1747382389309 0.0 1500
1747382393219 0.0 1510
1747382393220 0.0 1510
1747382397139 0.0 1520
1747382397139 0.0 1520
1747382401060 0.0 1530
1747382401060 0.0 1530
1747382404984 0.0 1540
1747382404984 0.0 1540
1747382408908 0.0 1550
1747382408909 0.0 1550
1747382412826 0.0 1560
1747382412827 0.0 1560
1747382416747 0.0 1570
1747382416748 0.0 1570
1747382420666 0.0001 1580
1747382420667 0.0001 1580
1747382424590 0.0 1590
1747382424591 0.0 1590
1747382428518 0.0 1600
1747382428519 0.0 1600
1747382432440 0.0342 1610
1747382432441 0.0342 1610
1747382438054 0.0258 1620
1747382438054 0.0258 1620
1747382441959 0.0 1630
1747382441960 0.0 1630
1747382445863 0.0 1640
1747382445864 0.0 1640
1747382449775 0.0 1650
1747382449776 0.0 1650
1747382455370 0.0 1660
1747382455371 0.0 1660
1747382459275 0.0579 1670
1747382459276 0.0579 1670
1747382463187 0.0001 1680
1747382463187 0.0001 1680
1747382467094 0.0 1690
1747382467095 0.0 1690
1747382471004 0.0001 1700
1747382471005 0.0001 1700
1747382474923 0.0001 1710
1747382474924 0.0001 1710
1747382480511 0.0 1720
1747382480509 0.0 1720
1747382484429 0.0438 1730
1747382484429 0.0438 1730
1747382488335 0.0167 1740
1747382488336 0.0167 1740
1747382492250 0.0001 1750
1747382492251 0.0001 1750
1747382511072 0.038 1760
1747382511072 0.038 1760
1747382514985 0.0 1770
1747382514985 0.0 1770
1747382518891 0.0 1780
1747382518891 0.0 1780
1747382522783 0.0 1790
1747382522783 0.0 1790
1747382526698 0.0 1800
1747382526698 0.0 1800
1747382530607 0.0 1810
1747382530607 0.0 1810
1747382534519 0.0 1820
1747382534519 0.0 1820
1747382538435 0.0 1830
1747382538435 0.0 1830
1747382542351 0.0 1840
1747382542351 0.0 1840
1747382546264 0.0 1850
1747382546265 0.0 1850
1747382550167 0.0 1860
1747382550167 0.0 1860
1747382554083 0.0 1870
1747382554083 0.0 1870
1747382557996 0.0 1880
1747382557996 0.0 1880
1747382561912 0.0 1890
1747382561912 0.0 1890
1747382565826 0.0 1900
1747382565826 0.0 1900
1747382569730 0.0 1910
1747382569730 0.0 1910
1747382573642 0.0 1920
1747382573642 0.0 1920
1747382577551 0.0 1930
1747382577551 0.0 1930
1747382581483 0.0 1940
1747382581483 0.0 1940
1747382585395 0.0 1950
1747382585395 0.0 1950
1747382589300 0.0 1960
1747382589300 0.0 1960
1747382593222 0.0 1970
1747382593222 0.0 1970
1747382597131 0.0 1980
1747382597131 0.0 1980
1747382601042 0.0 1990
1747382601042 0.0 1990
1747382604961 0.0 2000
1747382604961 0.0 2000
1747382610495 0.0 2010
1747382610495 0.0 2010
1747382614418 0.0 2020
1747382614418 0.0 2020
1747382618311 0.0001 2030
1747382618311 0.0001 2030
1747382622224 0.0 2040
1747382622224 0.0 2040
1747382626127 0.0 2050
1747382626127 0.0 2050
1747382630037 0.0 2060
1747382630037 0.0 2060
1747382633931 0.0293 2070
1747382633931 0.0293 2070
1747382639494 0.0 2080
1747382639494 0.0 2080
1747382643394 0.0 2090
1747382643394 0.0 2090
1747382647291 0.0 2100
1747382647291 0.0 2100
1747382651201 0.0 2110
1747382651201 0.0 2110
1747382655093 0.0 2120
1747382655093 0.0 2120
1747382658994 0.0 2130
1747382658994 0.0 2130
1747382662889 0.0 2140
1747382662889 0.0 2140
1747382666801 0.0 2150
1747382666801 0.0 2150
1747382670703 0.0 2160
1747382670703 0.0 2160
1747382674624 0.0 2170
1747382674624 0.0 2170
1747382678529 0.0 2180
1747382678529 0.0 2180
1747382682257 0.0 2190
1747382682257 0.0 2190
1747382699284 0.0 2200
1747382699284 0.0 2200
1747382703187 0.0 2210
1747382703187 0.0 2210
1747382707099 0.0 2220
1747382707099 0.0 2220
1747382711000 0.0 2230
1747382711016 0.0 2230
1747382714923 0.0 2240
1747382714926 0.0 2240
1747382720473 0.0 2250
1747382720473 0.0 2250
1747382724367 0.0 2260
1747382724367 0.0 2260
1747382728272 0.0 2270
1747382728272 0.0 2270
1747382732173 0.0 2280
1747382732173 0.0 2280
1747382736077 0.0 2290
1747382736077 0.0 2290
1747382739980 0.0 2300
1747382739982 0.0 2300
1747382745521 0.0 2310
1747382745521 0.0 2310
1747382751057 0.0 2320
1747382751057 0.0 2320
1747382754944 0.0 2330
1747382754944 0.0 2330
1747382758836 0.0 2340
1747382758836 0.0 2340
1747382764375 0.0 2350
1747382764375 0.0 2350
1747382768263 0.0 2360
1747382768263 0.0 2360
1747382772140 0.0 2370
1747382772140 0.0 2370
1747382776027 0.0 2380
1747382776027 0.0 2380
1747382779928 0.0 2390
1747382779928 0.0 2390
1747382783820 0.0 2400
1747382783820 0.0 2400
1747382787710 0.0 2410
1747382787710 0.0 2410
1747382791602 0.0 2420
1747382791602 0.0 2420
1747382795493 0.0 2430
1747382795493 0.0 2430
1747382799393 0.0 2440
1747382799393 0.0 2440
1747382803288 0.0 2450
1747382803288 0.0 2450
1747382807183 0.0 2460
1747382807183 0.0 2460
1747382811083 0.0 2470
1747382811083 0.0 2470
1747382814978 0.0 2480
1747382814978 0.0 2480
1747382818873 0.0 2490
1747382818873 0.0 2490
1747382822773 0.0 2500
1747382822773 0.0 2500
1747382826670 0.0 2510
1747382826670 0.0 2510
1747382830561 0.0 2520
1747382830561 0.0 2520
1747382834469 0.0 2530
1747382834469 0.0 2530
1747382838371 0.0 2540
1747382838371 0.0 2540
1747382842291 0.0 2550
1747382842291 0.0 2550
1747382846198 0.0 2560
1747382846198 0.0 2560
1747382850095 0.0 2570
1747382850095 0.0 2570
1747382854001 0.0 2580
1747382854001 0.0 2580
1747382857919 0.0 2590
1747382857919 0.0 2590
1747382863482 0.0 2600
1747382863482 0.0 2600
1747382867376 0.0 2610
1747382867376 0.0 2610
1747382871280 0.0 2620
1747382871280 0.0 2620
