1747397434680 0.0228310502283105 10
1747397434679 0.0228310502283105 10
1747397438396 0.045662100456621 20
1747397438397 0.045662100456621 20
1747397442159 0.0684931506849315 30
1747397442162 0.0684931506849315 30
1747397445907 0.091324200913242 40
1747397445909 0.091324200913242 40
1747397449665 0.1141552511415525 50
1747397449666 0.1141552511415525 50
1747397453440 0.136986301369863 60
1747397453441 0.136986301369863 60
1747397457242 0.1598173515981735 70
1747397457244 0.1598173515981735 70
1747397461060 0.182648401826484 80
1747397461061 0.182648401826484 80
1747397464917 0.2054794520547945 90
1747397464918 0.2054794520547945 90
1747397468781 0.228310502283105 100
1747397468783 0.228310502283105 100
1747397472654 0.2511415525114155 110
1747397472655 0.2511415525114155 110
1747397476620 0.273972602739726 120
1747397476622 0.273972602739726 120
1747397480654 0.2968036529680365 130
1747397480656 0.2968036529680365 130
1747397484807 0.319634703196347 140
1747397484809 0.319634703196347 140
1747397490513 0.3424657534246575 150
1747397490514 0.3424657534246575 150
1747397494350 0.365296803652968 160
1747397494351 0.365296803652968 160
1747397498216 0.3881278538812785 170
1747397498218 0.3881278538812785 170
1747397502132 0.410958904109589 180
1747397502131 0.410958904109589 180
1747397506104 0.4337899543378995 190
1747397506110 0.4337899543378995 190
1747397510175 0.45662100456621 200
1747397510170 0.45662100456621 200
1747397514236 0.4794520547945205 210
1747397514237 0.4794520547945205 210
1747397518165 0.502283105022831 220
1747397518166 0.502283105022831 220
1747397522047 0.5251141552511416 230
1747397522049 0.5251141552511416 230
1747397525898 0.547945205479452 240
1747397525900 0.547945205479452 240
1747397529841 0.5707762557077626 250
1747397529843 0.5707762557077626 250
1747397533772 0.593607305936073 260
1747397533774 0.593607305936073 260
1747397537657 0.6164383561643836 270
1747397537658 0.6164383561643836 270
1747397541690 0.639269406392694 280
1747397541691 0.639269406392694 280
1747397545714 0.6621004566210046 290
1747397545713 0.6621004566210046 290
1747397549629 0.684931506849315 300
1747397549630 0.684931506849315 300
1747397553583 0.7077625570776256 310
1747397553583 0.7077625570776256 310
1747397557812 0.730593607305936 320
1747397557814 0.730593607305936 320
1747397561895 0.7534246575342466 330
1747397561895 0.7534246575342466 330
1747397565832 0.776255707762557 340
1747397565834 0.776255707762557 340
1747397569766 0.7990867579908676 350
1747397569766 0.7990867579908676 350
1747397573687 0.821917808219178 360
1747397573687 0.821917808219178 360
1747397577695 0.8447488584474886 370
1747397577697 0.8447488584474886 370
1747397581672 0.867579908675799 380
1747397581672 0.867579908675799 380
1747397585560 0.8904109589041096 390
1747397585561 0.8904109589041096 390
1747397589473 0.91324200913242 400
1747397589472 0.91324200913242 400
1747397595141 0.9360730593607306 410
1747397595142 0.9360730593607306 410
1747397599127 0.958904109589041 420
1747397599128 0.958904109589041 420
1747397603005 0.9817351598173516 430
1747397603006 0.9817351598173516 430
1747397618094 1.0 438
1747397618094 1.0 438
1747397620410 1.004566210045662 440
1747397620411 1.004566210045662 440
1747397624418 1.0273972602739727 450
1747397624419 1.0273972602739727 450
1747397628412 1.0502283105022832 460
1747397628413 1.0502283105022832 460
1747397632409 1.0730593607305936 470
1747397632411 1.0730593607305936 470
1747397636404 1.095890410958904 480
1747397636405 1.095890410958904 480
1747397640435 1.1187214611872145 490
1747397640436 1.1187214611872145 490
1747397644454 1.1415525114155252 500
1747397644453 1.1415525114155252 500
1747397648466 1.1643835616438356 510
1747397648468 1.1643835616438356 510
1747397652499 1.187214611872146 520
1747397652501 1.187214611872146 520
1747397656538 1.2100456621004567 530
1747397656540 1.2100456621004567 530
1747397660528 1.2328767123287672 540
1747397660529 1.2328767123287672 540
1747397664545 1.2557077625570776 550
1747397664546 1.2557077625570776 550
1747397668565 1.278538812785388 560
1747397668566 1.278538812785388 560
1747397672626 1.3013698630136985 570
1747397672628 1.3013698630136985 570
1747397676689 1.3242009132420092 580
1747397676691 1.3242009132420092 580
1747397680711 1.3470319634703196 590
1747397680713 1.3470319634703196 590
1747397684775 1.36986301369863 600
1747397684773 1.36986301369863 600
1747397688817 1.3926940639269407 610
1747397688819 1.3926940639269407 610
1747397692898 1.4155251141552512 620
1747397692899 1.4155251141552512 620
1747397696949 1.4383561643835616 630
1747397696950 1.4383561643835616 630
1747397701033 1.461187214611872 640
1747397701034 1.461187214611872 640
1747397705063 1.4840182648401825 650
1747397705064 1.4840182648401825 650
1747397709125 1.5068493150684932 660
1747397709126 1.5068493150684932 660
1747397713165 1.5296803652968036 670
1747397713166 1.5296803652968036 670
1747397717200 1.5525114155251143 680
1747397717201 1.5525114155251143 680
1747397721278 1.5753424657534247 690
1747397721280 1.5753424657534247 690
1747397725347 1.5981735159817352 700
1747397725348 1.5981735159817352 700
1747397729427 1.6210045662100456 710
1747397729429 1.6210045662100456 710
1747397733497 1.643835616438356 720
1747397733498 1.643835616438356 720
1747397737597 1.6666666666666665 730
1747397737598 1.6666666666666665 730
1747397741643 1.6894977168949772 740
1747397741644 1.6894977168949772 740
1747397745645 1.7123287671232876 750
1747397745647 1.7123287671232876 750
1747397749661 1.7351598173515983 760
1747397749662 1.7351598173515983 760
1747397753596 1.7579908675799087 770
1747397753597 1.7579908675799087 770
1747397757746 1.7808219178082192 780
1747397757747 1.7808219178082192 780
1747397761730 1.8036529680365296 790
1747397761732 1.8036529680365296 790
1747397765717 1.82648401826484 800
1747397765718 1.82648401826484 800
1747397769715 1.8493150684931505 810
1747397769714 1.8493150684931505 810
1747397773727 1.8721461187214612 820
1747397773729 1.8721461187214612 820
1747397777671 1.8949771689497716 830
1747397777672 1.8949771689497716 830
1747397781649 1.9178082191780823 840
1747397781651 1.9178082191780823 840
1747397785669 1.9406392694063928 850
1747397785671 1.9406392694063928 850
1747397789671 1.9634703196347032 860
1747397789673 1.9634703196347032 860
1747397793661 1.9863013698630136 870
1747397793662 1.9863013698630136 870
1747397807939 2.0 876
1747397807941 2.0 876
1747397811059 2.009132420091324 880
1747397811060 2.009132420091324 880
1747397815164 2.0319634703196345 890
1747397815163 2.0319634703196345 890
1747397819248 2.0547945205479454 900
1747397819249 2.0547945205479454 900
1747397823324 2.077625570776256 910
1747397823325 2.077625570776256 910
1747397827388 2.1004566210045663 920
1747397827389 2.1004566210045663 920
1747397831420 2.1232876712328768 930
1747397831421 2.1232876712328768 930
1747397835474 2.146118721461187 940
1747397835476 2.146118721461187 940
1747397839486 2.1689497716894977 950
1747397839484 2.1689497716894977 950
1747397843496 2.191780821917808 960
1747397843497 2.191780821917808 960
1747397847544 2.2146118721461185 970
1747397847546 2.2146118721461185 970
1747397851513 2.237442922374429 980
1747397851515 2.237442922374429 980
1747397855522 2.26027397260274 990
1747397855521 2.26027397260274 990
1747397859568 2.2831050228310503 1000
1747397859568 2.2831050228310503 1000
1747397863669 2.3059360730593608 1010
1747397863670 2.3059360730593608 1010
1747397867759 2.328767123287671 1020
1747397867760 2.328767123287671 1020
1747397871839 2.3515981735159817 1030
1747397871841 2.3515981735159817 1030
1747397875912 2.374429223744292 1040
1747397875914 2.374429223744292 1040
1747397880050 2.3972602739726026 1050
1747397880052 2.3972602739726026 1050
1747397884177 2.4200913242009134 1060
1747397884175 2.4200913242009134 1060
1747397888231 2.442922374429224 1070
1747397888232 2.442922374429224 1070
1747397892316 2.4657534246575343 1080
1747397892318 2.4657534246575343 1080
1747397896386 2.4885844748858448 1090
1747397896388 2.4885844748858448 1090
1747397900485 2.5114155251141552 1100
1747397900486 2.5114155251141552 1100
1747397904561 2.5342465753424657 1110
1747397904562 2.5342465753424657 1110
1747397908641 2.557077625570776 1120
1747397908643 2.557077625570776 1120
1747397912723 2.5799086757990866 1130
1747397912724 2.5799086757990866 1130
1747397916786 2.602739726027397 1140
1747397916787 2.602739726027397 1140
1747397920902 2.625570776255708 1150
1747397920903 2.625570776255708 1150
1747397925006 2.6484018264840183 1160
1747397925007 2.6484018264840183 1160
1747397929098 2.671232876712329 1170
1747397929100 2.671232876712329 1170
1747397933289 2.6940639269406392 1180
1747397933290 2.6940639269406392 1180
1747397937375 2.7168949771689497 1190
1747397937376 2.7168949771689497 1190
1747397941453 2.73972602739726 1200
1747397941454 2.73972602739726 1200
1747397945540 2.762557077625571 1210
1747397945541 2.762557077625571 1210
1747397949618 2.7853881278538815 1220
1747397949620 2.7853881278538815 1220
1747397953711 2.808219178082192 1230
1747397953712 2.808219178082192 1230
1747397957791 2.8310502283105023 1240
1747397957792 2.8310502283105023 1240
1747397961846 2.853881278538813 1250
1747397961847 2.853881278538813 1250
1747397965944 2.8767123287671232 1260
1747397965945 2.8767123287671232 1260
1747397970036 2.8995433789954337 1270
1747397970038 2.8995433789954337 1270
1747397974148 2.922374429223744 1280
1747397974149 2.922374429223744 1280
1747397978267 2.9452054794520546 1290
1747397978269 2.9452054794520546 1290
1747397982352 2.968036529680365 1300
1747397982354 2.968036529680365 1300
1747397986480 2.990867579908676 1310
1747397986483 2.990867579908676 1310
1747398000286 3.0 1314
1747398000289 3.0 1314
1747398004334 3.0136986301369864 1320
1747398004335 3.0136986301369864 1320
1747398008459 3.036529680365297 1330
1747398008460 3.036529680365297 1330
1747398012596 3.0593607305936072 1340
1747398012597 3.0593607305936072 1340
1747398016665 3.0821917808219177 1350
1747398016667 3.0821917808219177 1350
1747398020738 3.105022831050228 1360
1747398020737 3.105022831050228 1360
1747398024797 3.127853881278539 1370
1747398024798 3.127853881278539 1370
1747398028904 3.1506849315068495 1380
1747398028906 3.1506849315068495 1380
1747398032993 3.17351598173516 1390
1747398032994 3.17351598173516 1390
1747398037088 3.1963470319634704 1400
1747398037090 3.1963470319634704 1400
1747398041224 3.219178082191781 1410
1747398041225 3.219178082191781 1410
1747398045368 3.2420091324200913 1420
1747398045370 3.2420091324200913 1420
1747398049498 3.2648401826484017 1430
1747398049500 3.2648401826484017 1430
1747398053574 3.287671232876712 1440
1747398053575 3.287671232876712 1440
1747398057663 3.3105022831050226 1450
1747398057665 3.3105022831050226 1450
1747398061769 3.3333333333333335 1460
1747398061771 3.3333333333333335 1460
1747398065890 3.356164383561644 1470
1747398065892 3.356164383561644 1470
1747398069981 3.3789954337899544 1480
1747398069983 3.3789954337899544 1480
1747398074067 3.401826484018265 1490
1747398074069 3.401826484018265 1490
1747398078151 3.4246575342465753 1500
1747398078152 3.4246575342465753 1500
1747398082241 3.4474885844748857 1510
1747398082242 3.4474885844748857 1510
1747398086337 3.470319634703196 1520
1747398086339 3.470319634703196 1520
1747398090461 3.493150684931507 1530
1747398090463 3.493150684931507 1530
1747398094584 3.5159817351598175 1540
1747398094586 3.5159817351598175 1540
1747398098702 3.538812785388128 1550
1747398098703 3.538812785388128 1550
1747398102826 3.5616438356164384 1560
1747398102827 3.5616438356164384 1560
1747398106904 3.584474885844749 1570
1747398106905 3.584474885844749 1570
1747398110973 3.6073059360730593 1580
1747398110975 3.6073059360730593 1580
1747398114982 3.6301369863013697 1590
1747398114983 3.6301369863013697 1590
1747398119048 3.65296803652968 1600
1747398119049 3.65296803652968 1600
1747398123099 3.6757990867579906 1610
1747398123101 3.6757990867579906 1610
1747398127204 3.6986301369863015 1620
1747398127205 3.6986301369863015 1620
1747398131277 3.721461187214612 1630
1747398131278 3.721461187214612 1630
1747398135301 3.7442922374429224 1640
1747398135303 3.7442922374429224 1640
1747398139295 3.767123287671233 1650
1747398139296 3.767123287671233 1650
1747398143308 3.7899543378995433 1660
1747398143310 3.7899543378995433 1660
1747398147258 3.8127853881278537 1670
1747398147260 3.8127853881278537 1670
1747398151235 3.8356164383561646 1680
1747398151237 3.8356164383561646 1680
1747398155197 3.858447488584475 1690
1747398155196 3.858447488584475 1690
1747398159168 3.8812785388127855 1700
1747398159169 3.8812785388127855 1700
1747398163115 3.904109589041096 1710
1747398163116 3.904109589041096 1710
1747398167060 3.9269406392694064 1720
1747398167061 3.9269406392694064 1720
1747398171019 3.949771689497717 1730
1747398171021 3.949771689497717 1730
1747398174983 3.9726027397260273 1740
1747398174982 3.9726027397260273 1740
1747398178966 3.9954337899543377 1750
1747398178979 3.9954337899543377 1750
1747398191564 4.0 1752
1747398191565 4.0 1752
1747398193035 4.0 1752
1747398193036 4.0 1752
