1747397434680 3.3556554317474365 10
1747397434679 3.3556554317474365 10
1747397438396 9.465304374694824 20
1747397438397 9.465304374694824 20
1747397442159 18.040481567382812 30
1747397442162 18.040481567382812 30
1747397445907 0.41189295053482056 40
1747397445909 0.41189295053482056 40
1747397449665 16.91657829284668 50
1747397449666 16.91657829284668 50
1747397453440 6.608591079711914 60
1747397453441 6.608591079711914 60
1747397457242 6.251899242401123 70
1747397457244 6.251899242401123 70
1747397461060 3.516005516052246 80
1747397461061 3.516005516052246 80
1747397464917 5.294707298278809 90
1747397464918 5.294707298278809 90
1747397468781 0.2996422052383423 100
1747397468783 0.2996422052383423 100
1747397472654 4.610938549041748 110
1747397472655 4.610938549041748 110
1747397476620 0.13469940423965454 120
1747397476622 0.13469940423965454 120
1747397480654 0.06515131145715714 130
1747397480656 0.06515131145715714 130
1747397484807 0.0407293438911438 140
1747397484809 0.0407293438911438 140
1747397490513 0.033076878637075424 150
1747397490514 0.033076878637075424 150
1747397494350 5.136383533477783 160
1747397494351 5.136383533477783 160
1747397498216 0.875846803188324 170
1747397498218 0.875846803188324 170
1747397502132 0.12283056974411011 180
1747397502131 0.12283056974411011 180
1747397506104 0.03812053054571152 190
1747397506110 0.03812053054571152 190
1747397510175 0.040066562592983246 200
1747397510170 0.040066562592983246 200
1747397514236 6.284036159515381 210
1747397514237 6.284036159515381 210
1747397518165 10.043713569641113 220
1747397518166 10.043713569641113 220
1747397522047 0.05912066623568535 230
1747397522049 0.05912066623568535 230
1747397525898 4.281177997589111 240
1747397525900 4.281177997589111 240
1747397529841 0.0632023960351944 250
1747397529843 0.0632023960351944 250
1747397533772 6.536501407623291 260
1747397533774 6.536501407623291 260
1747397537657 0.18272598087787628 270
1747397537658 0.18272598087787628 270
1747397541690 1.1412303447723389 280
1747397541691 1.1412303447723389 280
1747397545714 0.027999192476272583 290
1747397545713 0.027999192476272583 290
1747397549629 11.901508331298828 300
1747397549630 11.901508331298828 300
1747397553583 0.030244721099734306 310
1747397553583 0.030244721099734306 310
1747397557812 0.7749238014221191 320
1747397557814 0.7749238014221191 320
1747397561895 0.12077613919973373 330
1747397561895 0.12077613919973373 330
1747397565832 14.125715255737305 340
1747397565834 14.125715255737305 340
1747397569766 0.05187872424721718 350
1747397569766 0.05187872424721718 350
1747397573687 0.5545238852500916 360
1747397573687 0.5545238852500916 360
1747397577695 0.8616179823875427 370
1747397577697 0.8616179823875427 370
1747397581672 0.0240839421749115 380
1747397581672 0.0240839421749115 380
1747397585560 0.027670839801430702 390
1747397585561 0.027670839801430702 390
1747397589473 0.03914589807391167 400
1747397589472 0.03914589807391167 400
1747397595141 0.019903620705008507 410
1747397595142 0.019903620705008507 410
1747397599127 0.012537109665572643 420
1747397599128 0.012537109665572643 420
1747397603005 0.023923076689243317 430
1747397603006 0.023923076689243317 430
1747397620410 0.01263962872326374 440
1747397620411 0.01263962872326374 440
1747397624418 0.01505969651043415 450
1747397624419 0.01505969651043415 450
1747397628412 0.011302239261567593 460
1747397628413 0.011302239261567593 460
1747397632409 0.1611221432685852 470
1747397632411 0.1611221432685852 470
1747397636404 0.09327587485313416 480
1747397636405 0.09327587485313416 480
1747397640435 0.01050094049423933 490
1747397640436 0.01050094049423933 490
1747397644453 0.010352572426199913 500
1747397644454 0.010352572426199913 500
1747397648466 0.23719696700572968 510
1747397648468 0.23719696700572968 510
1747397652499 0.008736259303987026 520
1747397652501 0.008736259303987026 520
1747397656538 0.006761009804904461 530
1747397656540 0.006761009804904461 530
1747397660528 0.010747809894382954 540
1747397660529 0.010747809894382954 540
1747397664545 0.013240581378340721 550
1747397664546 0.013240581378340721 550
1747397668565 0.005095485132187605 560
1747397668566 0.005095485132187605 560
1747397672626 0.004553019069135189 570
1747397672628 0.004553019069135189 570
1747397676689 0.03407467529177666 580
1747397676691 0.03407467529177666 580
1747397680711 0.010689100250601768 590
1747397680713 0.010689100250601768 590
1747397684773 0.010509379208087921 600
1747397684775 0.010509379208087921 600
1747397688817 0.014454771764576435 610
1747397688819 0.014454771764576435 610
1747397692898 0.008089685812592506 620
1747397692899 0.008089685812592506 620
1747397696949 0.008188530802726746 630
1747397696950 0.008188530802726746 630
1747397701033 0.006813917309045792 640
1747397701034 0.006813917309045792 640
1747397705063 0.006792806554585695 650
1747397705064 0.006792806554585695 650
1747397709125 0.0074130273424088955 660
1747397709126 0.0074130273424088955 660
1747397713165 0.006113733630627394 670
1747397713166 0.006113733630627394 670
1747397717200 3.0099141597747803 680
1747397717201 3.0099141597747803 680
1747397721278 0.03759649395942688 690
1747397721280 0.03759649395942688 690
1747397725347 0.02492491714656353 700
1747397725348 0.02492491714656353 700
1747397729427 20.518301010131836 710
1747397729429 20.518301010131836 710
1747397733497 0.018625684082508087 720
1747397733498 0.018625684082508087 720
1747397737597 0.012960318475961685 730
1747397737598 0.012960318475961685 730
1747397741643 0.012190400622785091 740
1747397741644 0.012190400622785091 740
1747397745645 0.007608221378177404 750
1747397745647 0.007608221378177404 750
1747397749661 3.8184428215026855 760
1747397749662 3.8184428215026855 760
1747397753596 0.005622054450213909 770
1747397753597 0.005622054450213909 770
1747397757746 0.006623127032071352 780
1747397757747 0.006623127032071352 780
1747397761730 0.006075025070458651 790
1747397761732 0.006075025070458651 790
1747397765717 0.005956289358437061 800
1747397765718 0.005956289358437061 800
1747397769715 0.005678027402609587 810
1747397769714 0.005678027402609587 810
1747397773727 0.003227377310395241 820
1747397773729 0.003227377310395241 820
1747397777671 0.005129101686179638 830
1747397777672 0.005129101686179638 830
1747397781649 0.00475246412679553 840
1747397781651 0.00475246412679553 840
1747397785669 0.003652143059298396 850
1747397785671 0.003652143059298396 850
1747397789671 0.0026079898234456778 860
1747397789673 0.0026079898234456778 860
1747397793661 0.003550927620381117 870
1747397793662 0.003550927620381117 870
1747397811059 0.20515939593315125 880
1747397811060 0.20515939593315125 880
1747397815163 0.002339314902201295 890
1747397819248 0.00540144694969058 900
1747397819249 0.00540144694969058 900
1747397823324 0.0068361456505954266 910
1747397823325 0.0068361456505954266 910
1747397827388 0.0058678858913481236 920
1747397827389 0.0058678858913481236 920
1747397831420 0.0036885293666273355 930
1747397831421 0.0036885293666273355 930
1747397835474 0.003920285031199455 940
1747397835476 0.003920285031199455 940
1747397839486 0.0031172032468020916 950
1747397839484 0.0031172032468020916 950
1747397843496 0.021547988057136536 960
1747397843497 0.021547988057136536 960
1747397847544 0.009762953966856003 970
1747397847546 0.009762953966856003 970
1747397851513 0.0027420734986662865 980
1747397851515 0.0027420734986662865 980
1747397855522 0.0025967643596231937 990
1747397855521 0.0025967643596231937 990
1747397859568 0.007986254058778286 1000
1747397859568 0.007986254058778286 1000
1747397863669 0.020840564742684364 1010
1747397863670 0.020840564742684364 1010
1747397867759 40.124267578125 1020
1747397867760 40.124267578125 1020
1747397871839 0.004779492970556021 1030
1747397871841 0.004779492970556021 1030
1747397875912 0.008663526736199856 1040
1747397875914 0.008663526736199856 1040
1747397880050 0.0037657832726836205 1050
1747397880052 0.0037657832726836205 1050
1747397884177 0.003188482718542218 1060
1747397884175 0.003188482718542218 1060
1747397888231 0.003152861725538969 1070
1747397888232 0.003152861725538969 1070
1747397892316 0.002600256120786071 1080
1747397892318 0.002600256120786071 1080
1747397896386 0.0036153150722384453 1090
1747397896388 0.0036153150722384453 1090
1747397900485 0.002937012817710638 1100
1747397900486 0.002937012817710638 1100
1747397904561 0.0034817673731595278 1110
1747397904562 0.0034817673731595278 1110
1747397908641 0.003033172804862261 1120
1747397908643 0.003033172804862261 1120
1747397912723 0.0022339008282870054 1130
1747397912724 0.0022339008282870054 1130
1747397916786 0.014870948158204556 1140
1747397916787 0.014870948158204556 1140
1747397920902 0.0017772129504010081 1150
1747397920903 0.0017772129504010081 1150
1747397925006 0.0021343708503991365 1160
1747397925007 0.0021343708503991365 1160
1747397929098 0.002074482385069132 1170
1747397929100 0.002074482385069132 1170
1747397933289 0.29137977957725525 1180
1747397933290 0.29137977957725525 1180
1747397937375 0.0023637141566723585 1190
1747397937376 0.0023637141566723585 1190
1747397941453 5.686833381652832 1200
1747397941454 5.686833381652832 1200
1747397945540 0.005897859577089548 1210
1747397945541 0.005897859577089548 1210
1747397949618 0.004830171354115009 1220
1747397949620 0.004830171354115009 1220
1747397953711 0.001875378075055778 1230
1747397953712 0.001875378075055778 1230
1747397957791 0.0018526549683883786 1240
1747397957792 0.0018526549683883786 1240
1747397961846 0.001645209500566125 1250
1747397961847 0.001645209500566125 1250
1747397965944 0.004153370391577482 1260
1747397965945 0.004153370391577482 1260
1747397970036 28.60856819152832 1270
1747397970038 28.60856819152832 1270
1747397974148 0.0022223845589905977 1280
1747397974149 0.0022223845589905977 1280
1747397978267 0.003292744280770421 1290
1747397978269 0.003292744280770421 1290
1747397982352 0.002206257311627269 1300
1747397982354 0.002206257311627269 1300
1747397986480 0.009809081442654133 1310
1747397986483 0.009809081442654133 1310
1747398004334 0.004697281867265701 1320
1747398004335 0.004697281867265701 1320
1747398008459 0.004346759989857674 1330
1747398008460 0.004346759989857674 1330
1747398012596 0.004162096884101629 1340
1747398012597 0.004162096884101629 1340
1747398016665 0.008617188781499863 1350
1747398016667 0.008617188781499863 1350
1747398020738 0.11242187768220901 1360
1747398020737 0.11242187768220901 1360
1747398024797 0.0027259576600044966 1370
1747398024798 0.0027259576600044966 1370
1747398028904 0.0030653963331133127 1380
1747398028906 0.0030653963331133127 1380
1747398032993 18.673765182495117 1390
1747398032994 18.673765182495117 1390
1747398037088 0.003641777206212282 1400
1747398037090 0.003641777206212282 1400
1747398041224 0.004295185208320618 1410
1747398041225 0.004295185208320618 1410
1747398045368 0.004008732736110687 1420
1747398045370 0.004008732736110687 1420
1747398049498 0.0023265895433723927 1430
1747398049500 0.0023265895433723927 1430
1747398053574 0.033858828246593475 1440
1747398053575 0.033858828246593475 1440
1747398057663 0.00242202659137547 1450
1747398057665 0.00242202659137547 1450
1747398061769 0.0036641841288655996 1460
1747398061771 0.0036641841288655996 1460
1747398065890 0.002437242539599538 1470
1747398065892 0.002437242539599538 1470
1747398069981 4.560377597808838 1480
1747398069983 4.560377597808838 1480
1747398074067 24.48775291442871 1490
1747398074069 24.48775291442871 1490
1747398078151 0.002058635698631406 1500
1747398078152 0.002058635698631406 1500
1747398082241 0.0022506520617753267 1510
1747398082242 0.0022506520617753267 1510
1747398086337 17.174604415893555 1520
1747398086339 17.174604415893555 1520
1747398090461 0.7155609130859375 1530
1747398090463 0.7155609130859375 1530
1747398094584 0.0014279738534241915 1540
1747398094586 0.0014279738534241915 1540
1747398098702 0.014441194012761116 1550
1747398098703 0.014441194012761116 1550
1747398102826 0.001533445087261498 1560
1747398102827 0.001533445087261498 1560
1747398106904 0.0015122269978746772 1570
1747398106905 0.0015122269978746772 1570
1747398110973 0.0014411377487704158 1580
1747398110975 0.0014411377487704158 1580
1747398114982 0.001399930682964623 1590
1747398114983 0.001399930682964623 1590
1747398119048 0.0012019637506455183 1600
1747398119049 0.0012019637506455183 1600
1747398123099 1.3335747718811035 1610
1747398123101 1.3335747718811035 1610
1747398127204 0.0017303620697930455 1620
1747398127205 0.0017303620697930455 1620
1747398131277 0.0012180691119283438 1630
1747398131278 0.0012180691119283438 1630
1747398135301 0.0011329167755320668 1640
1747398135303 0.0011329167755320668 1640
1747398139295 0.0014671159442514181 1650
1747398139296 0.0014671159442514181 1650
1747398143308 0.001137872808612883 1660
1747398143310 0.001137872808612883 1660
1747398147258 0.0010181284742429852 1670
1747398147260 0.0010181284742429852 1670
1747398151235 0.0013431287370622158 1680
1747398151237 0.0013431287370622158 1680
1747398155197 0.0016441107727587223 1690
1747398155196 0.0016441107727587223 1690
1747398159168 0.001477731391787529 1700
1747398159169 0.001477731391787529 1700
1747398163115 0.0008637307910248637 1710
1747398163116 0.0008637307910248637 1710
1747398167060 0.0013816936407238245 1720
1747398167061 0.0013816936407238245 1720
1747398171019 0.0007542957318946719 1730
1747398171021 0.0007542957318946719 1730
1747398174982 0.0012219130294397473 1740
1747398174983 0.0012219130294397473 1740
1747398178966 0.0010667347814887762 1750
1747398178979 0.0010667347814887762 1750
