1747397434680 4.988584474885845e-05 10
1747397434679 4.988584474885845e-05 10
1747397438396 4.977168949771689e-05 20
1747397438397 4.977168949771689e-05 20
1747397442159 4.9657534246575346e-05 30
1747397442162 4.9657534246575346e-05 30
1747397445907 4.9543378995433794e-05 40
1747397445909 4.9543378995433794e-05 40
1747397449665 4.942922374429224e-05 50
1747397449666 4.942922374429224e-05 50
1747397453440 4.9315068493150684e-05 60
1747397453441 4.9315068493150684e-05 60
1747397457242 4.920091324200913e-05 70
1747397457244 4.920091324200913e-05 70
1747397461060 4.908675799086758e-05 80
1747397461061 4.908675799086758e-05 80
1747397464917 4.8972602739726034e-05 90
1747397464918 4.8972602739726034e-05 90
1747397468781 4.8858447488584476e-05 100
1747397468783 4.8858447488584476e-05 100
1747397472654 4.8744292237442924e-05 110
1747397472655 4.8744292237442924e-05 110
1747397476620 4.863013698630137e-05 120
1747397476622 4.863013698630137e-05 120
1747397480654 4.851598173515982e-05 130
1747397480656 4.851598173515982e-05 130
1747397484807 4.840182648401827e-05 140
1747397484809 4.840182648401827e-05 140
1747397490513 4.8287671232876716e-05 150
1747397490514 4.8287671232876716e-05 150
1747397494350 4.8173515981735164e-05 160
1747397494351 4.8173515981735164e-05 160
1747397498216 4.805936073059361e-05 170
1747397498218 4.805936073059361e-05 170
1747397502132 4.794520547945205e-05 180
1747397502131 4.794520547945205e-05 180
1747397506104 4.78310502283105e-05 190
1747397506110 4.78310502283105e-05 190
1747397510175 4.7716894977168955e-05 200
1747397510170 4.7716894977168955e-05 200
1747397514236 4.7602739726027403e-05 210
1747397514237 4.7602739726027403e-05 210
1747397518165 4.7488584474885845e-05 220
1747397518166 4.7488584474885845e-05 220
1747397522047 4.737442922374429e-05 230
1747397522049 4.737442922374429e-05 230
1747397525898 4.726027397260274e-05 240
1747397525900 4.726027397260274e-05 240
1747397529841 4.714611872146119e-05 250
1747397529843 4.714611872146119e-05 250
1747397533772 4.703196347031964e-05 260
1747397533774 4.703196347031964e-05 260
1747397537657 4.6917808219178085e-05 270
1747397537658 4.6917808219178085e-05 270
1747397541690 4.680365296803653e-05 280
1747397541691 4.680365296803653e-05 280
1747397545714 4.668949771689498e-05 290
1747397545713 4.668949771689498e-05 290
1747397549629 4.657534246575342e-05 300
1747397549630 4.657534246575342e-05 300
1747397553583 4.646118721461187e-05 310
1747397553583 4.646118721461187e-05 310
1747397557812 4.6347031963470325e-05 320
1747397557814 4.6347031963470325e-05 320
1747397561895 4.623287671232877e-05 330
1747397561895 4.623287671232877e-05 330
1747397565832 4.6118721461187214e-05 340
1747397565834 4.6118721461187214e-05 340
1747397569766 4.600456621004566e-05 350
1747397569766 4.600456621004566e-05 350
1747397573687 4.589041095890411e-05 360
1747397573687 4.589041095890411e-05 360
1747397577695 4.577625570776256e-05 370
1747397577697 4.577625570776256e-05 370
1747397581672 4.5662100456621006e-05 380
1747397581672 4.5662100456621006e-05 380
1747397585560 4.5547945205479454e-05 390
1747397585561 4.5547945205479454e-05 390
1747397589473 4.54337899543379e-05 400
1747397589472 4.54337899543379e-05 400
1747397595141 4.531963470319635e-05 410
1747397595142 4.531963470319635e-05 410
1747397599127 4.520547945205479e-05 420
1747397599128 4.520547945205479e-05 420
1747397603005 4.5091324200913246e-05 430
1747397603006 4.5091324200913246e-05 430
1747397620410 4.4977168949771694e-05 440
1747397620411 4.4977168949771694e-05 440
1747397624418 4.486301369863014e-05 450
1747397624419 4.486301369863014e-05 450
1747397628412 4.474885844748858e-05 460
1747397628413 4.474885844748858e-05 460
1747397632409 4.463470319634703e-05 470
1747397632411 4.463470319634703e-05 470
1747397636404 4.452054794520548e-05 480
1747397636405 4.452054794520548e-05 480
1747397640435 4.4406392694063934e-05 490
1747397640436 4.4406392694063934e-05 490
1747397644453 4.4292237442922375e-05 500
1747397644454 4.4292237442922375e-05 500
1747397648466 4.417808219178082e-05 510
1747397648468 4.417808219178082e-05 510
1747397652499 4.406392694063927e-05 520
1747397652501 4.406392694063927e-05 520
1747397656538 4.394977168949772e-05 530
1747397656540 4.394977168949772e-05 530
1747397660528 4.383561643835617e-05 540
1747397660529 4.383561643835617e-05 540
1747397664545 4.3721461187214615e-05 550
1747397664546 4.3721461187214615e-05 550
1747397668565 4.360730593607306e-05 560
1747397668566 4.360730593607306e-05 560
1747397672626 4.349315068493151e-05 570
1747397672628 4.349315068493151e-05 570
1747397676689 4.337899543378995e-05 580
1747397676691 4.337899543378995e-05 580
1747397680711 4.32648401826484e-05 590
1747397680713 4.32648401826484e-05 590
1747397684773 4.3150684931506855e-05 600
1747397684775 4.3150684931506855e-05 600
1747397688817 4.30365296803653e-05 610
1747397688819 4.30365296803653e-05 610
1747397692898 4.2922374429223744e-05 620
1747397692899 4.2922374429223744e-05 620
1747397696949 4.280821917808219e-05 630
1747397696950 4.280821917808219e-05 630
1747397701033 4.269406392694064e-05 640
1747397701034 4.269406392694064e-05 640
1747397705063 4.257990867579909e-05 650
1747397705064 4.257990867579909e-05 650
1747397709125 4.2465753424657536e-05 660
1747397709126 4.2465753424657536e-05 660
1747397713165 4.2351598173515984e-05 670
1747397713166 4.2351598173515984e-05 670
1747397717200 4.223744292237443e-05 680
1747397717201 4.223744292237443e-05 680
1747397721278 4.212328767123288e-05 690
1747397721280 4.212328767123288e-05 690
1747397725347 4.200913242009132e-05 700
1747397725348 4.200913242009132e-05 700
1747397729427 4.1894977168949776e-05 710
1747397729429 4.1894977168949776e-05 710
1747397733497 4.1780821917808224e-05 720
1747397733498 4.1780821917808224e-05 720
1747397737597 4.166666666666667e-05 730
1747397737598 4.166666666666667e-05 730
1747397741643 4.155251141552511e-05 740
1747397741644 4.155251141552511e-05 740
1747397745645 4.143835616438356e-05 750
1747397745647 4.143835616438356e-05 750
1747397749661 4.132420091324201e-05 760
1747397749662 4.132420091324201e-05 760
1747397753596 4.121004566210046e-05 770
1747397753597 4.121004566210046e-05 770
1747397757746 4.1095890410958905e-05 780
1747397757747 4.1095890410958905e-05 780
1747397761730 4.098173515981735e-05 790
1747397761732 4.098173515981735e-05 790
1747397765717 4.08675799086758e-05 800
1747397765718 4.08675799086758e-05 800
1747397769715 4.075342465753425e-05 810
1747397769714 4.075342465753425e-05 810
1747397773727 4.063926940639269e-05 820
1747397773729 4.063926940639269e-05 820
1747397777671 4.0525114155251145e-05 830
1747397777672 4.0525114155251145e-05 830
1747397781649 4.041095890410959e-05 840
1747397781651 4.041095890410959e-05 840
1747397785669 4.029680365296804e-05 850
1747397785671 4.029680365296804e-05 850
1747397789671 4.018264840182648e-05 860
1747397789673 4.018264840182648e-05 860
1747397793661 4.006849315068493e-05 870
1747397793662 4.006849315068493e-05 870
1747397811059 3.995433789954338e-05 880
1747397811060 3.995433789954338e-05 880
1747397815164 3.984018264840183e-05 890
1747397815163 3.984018264840183e-05 890
1747397819248 3.9726027397260274e-05 900
1747397819249 3.9726027397260274e-05 900
1747397823324 3.961187214611872e-05 910
1747397823325 3.961187214611872e-05 910
1747397827388 3.949771689497717e-05 920
1747397827389 3.949771689497717e-05 920
1747397831420 3.938356164383562e-05 930
1747397831421 3.938356164383562e-05 930
1747397835474 3.9269406392694066e-05 940
1747397835476 3.9269406392694066e-05 940
1747397839486 3.9155251141552514e-05 950
1747397839484 3.9155251141552514e-05 950
1747397843496 3.904109589041096e-05 960
1747397843497 3.904109589041096e-05 960
1747397847544 3.892694063926941e-05 970
1747397847546 3.892694063926941e-05 970
1747397851513 3.881278538812785e-05 980
1747397851515 3.881278538812785e-05 980
1747397855522 3.86986301369863e-05 990
1747397855521 3.86986301369863e-05 990
1747397859568 3.8584474885844754e-05 1000
1747397859568 3.8584474885844754e-05 1000
1747397863669 3.84703196347032e-05 1010
1747397863670 3.84703196347032e-05 1010
1747397867759 3.8356164383561644e-05 1020
1747397867760 3.8356164383561644e-05 1020
1747397871839 3.824200913242009e-05 1030
1747397871841 3.824200913242009e-05 1030
1747397875912 3.812785388127854e-05 1040
1747397875914 3.812785388127854e-05 1040
1747397880050 3.801369863013699e-05 1050
1747397880052 3.801369863013699e-05 1050
1747397884177 3.7899543378995436e-05 1060
1747397884175 3.7899543378995436e-05 1060
1747397888231 3.7785388127853884e-05 1070
1747397888232 3.7785388127853884e-05 1070
1747397892316 3.767123287671233e-05 1080
1747397892318 3.767123287671233e-05 1080
1747397896386 3.755707762557078e-05 1090
1747397896388 3.755707762557078e-05 1090
1747397900485 3.744292237442922e-05 1100
1747397900486 3.744292237442922e-05 1100
1747397904561 3.7328767123287675e-05 1110
1747397904562 3.7328767123287675e-05 1110
1747397908641 3.7214611872146123e-05 1120
1747397908643 3.7214611872146123e-05 1120
1747397912723 3.710045662100457e-05 1130
1747397912724 3.710045662100457e-05 1130
1747397916786 3.698630136986301e-05 1140
1747397916787 3.698630136986301e-05 1140
1747397920902 3.687214611872146e-05 1150
1747397920903 3.687214611872146e-05 1150
1747397925006 3.675799086757991e-05 1160
1747397925007 3.675799086757991e-05 1160
1747397929098 3.664383561643836e-05 1170
1747397929100 3.664383561643836e-05 1170
1747397933289 3.6529680365296805e-05 1180
1747397933290 3.6529680365296805e-05 1180
1747397937375 3.641552511415525e-05 1190
1747397937376 3.641552511415525e-05 1190
1747397941453 3.63013698630137e-05 1200
1747397941454 3.63013698630137e-05 1200
1747397945540 3.618721461187215e-05 1210
1747397945541 3.618721461187215e-05 1210
1747397949618 3.60730593607306e-05 1220
1747397949620 3.60730593607306e-05 1220
1747397953711 3.5958904109589045e-05 1230
1747397953712 3.5958904109589045e-05 1230
1747397957791 3.584474885844749e-05 1240
1747397957792 3.584474885844749e-05 1240
1747397961846 3.573059360730594e-05 1250
1747397961847 3.573059360730594e-05 1250
1747397965944 3.561643835616438e-05 1260
1747397965945 3.561643835616438e-05 1260
1747397970036 3.550228310502283e-05 1270
1747397970038 3.550228310502283e-05 1270
1747397974148 3.538812785388128e-05 1280
1747397974149 3.538812785388128e-05 1280
1747397978267 3.527397260273973e-05 1290
1747397978269 3.527397260273973e-05 1290
1747397982352 3.5159817351598174e-05 1300
1747397982354 3.5159817351598174e-05 1300
1747397986480 3.504566210045662e-05 1310
1747397986483 3.504566210045662e-05 1310
1747398004334 3.493150684931507e-05 1320
1747398004335 3.493150684931507e-05 1320
1747398008459 3.481735159817352e-05 1330
1747398008460 3.481735159817352e-05 1330
1747398012596 3.4703196347031966e-05 1340
1747398012597 3.4703196347031966e-05 1340
1747398016665 3.4589041095890414e-05 1350
1747398016667 3.4589041095890414e-05 1350
1747398020738 3.447488584474886e-05 1360
1747398020737 3.447488584474886e-05 1360
1747398024797 3.436073059360731e-05 1370
1747398024798 3.436073059360731e-05 1370
1747398028904 3.424657534246575e-05 1380
1747398028906 3.424657534246575e-05 1380
1747398032993 3.41324200913242e-05 1390
1747398032994 3.41324200913242e-05 1390
1747398037088 3.4018264840182654e-05 1400
1747398037090 3.4018264840182654e-05 1400
1747398041224 3.39041095890411e-05 1410
1747398041225 3.39041095890411e-05 1410
1747398045368 3.378995433789954e-05 1420
1747398045370 3.378995433789954e-05 1420
1747398049498 3.367579908675799e-05 1430
1747398049500 3.367579908675799e-05 1430
1747398053574 3.356164383561644e-05 1440
1747398053575 3.356164383561644e-05 1440
1747398057663 3.344748858447489e-05 1450
1747398057665 3.344748858447489e-05 1450
1747398061769 3.3333333333333335e-05 1460
1747398061771 3.3333333333333335e-05 1460
1747398065890 3.321917808219178e-05 1470
1747398065892 3.321917808219178e-05 1470
1747398069981 3.310502283105023e-05 1480
1747398069983 3.310502283105023e-05 1480
1747398074067 3.299086757990868e-05 1490
1747398074069 3.299086757990868e-05 1490
1747398078151 3.287671232876712e-05 1500
1747398078152 3.287671232876712e-05 1500
1747398082241 3.2762557077625575e-05 1510
1747398082242 3.2762557077625575e-05 1510
1747398086337 3.264840182648402e-05 1520
1747398086339 3.264840182648402e-05 1520
1747398090461 3.253424657534247e-05 1530
1747398090463 3.253424657534247e-05 1530
1747398094584 3.242009132420091e-05 1540
1747398094586 3.242009132420091e-05 1540
1747398098702 3.230593607305936e-05 1550
1747398098703 3.230593607305936e-05 1550
1747398102826 3.219178082191781e-05 1560
1747398102827 3.219178082191781e-05 1560
1747398106904 3.207762557077626e-05 1570
1747398106905 3.207762557077626e-05 1570
1747398110973 3.1963470319634704e-05 1580
1747398110975 3.1963470319634704e-05 1580
1747398114982 3.184931506849315e-05 1590
1747398114983 3.184931506849315e-05 1590
1747398119048 3.17351598173516e-05 1600
1747398119049 3.17351598173516e-05 1600
1747398123099 3.162100456621005e-05 1610
1747398123101 3.162100456621005e-05 1610
1747398127204 3.1506849315068496e-05 1620
1747398127205 3.1506849315068496e-05 1620
1747398131277 3.1392694063926944e-05 1630
1747398131278 3.1392694063926944e-05 1630
1747398135301 3.127853881278539e-05 1640
1747398135303 3.127853881278539e-05 1640
1747398139295 3.116438356164384e-05 1650
1747398139296 3.116438356164384e-05 1650
1747398143308 3.105022831050228e-05 1660
1747398143310 3.105022831050228e-05 1660
1747398147258 3.093607305936073e-05 1670
1747398147260 3.093607305936073e-05 1670
1747398151235 3.082191780821918e-05 1680
1747398151237 3.082191780821918e-05 1680
1747398155197 3.070776255707763e-05 1690
1747398155196 3.070776255707763e-05 1690
1747398159168 3.059360730593607e-05 1700
1747398159169 3.059360730593607e-05 1700
1747398163115 3.047945205479452e-05 1710
1747398163116 3.047945205479452e-05 1710
1747398167060 3.036529680365297e-05 1720
1747398167061 3.036529680365297e-05 1720
1747398171019 3.025114155251142e-05 1730
1747398171021 3.025114155251142e-05 1730
1747398174982 3.0136986301369862e-05 1740
1747398174983 3.0136986301369862e-05 1740
1747398178966 3.0022831050228313e-05 1750
1747398178979 3.0022831050228313e-05 1750
