1747397434680 0.5531 10
1747397434679 0.5531 10
1747397438396 0.2065 20
1747397438397 0.2065 20
1747397442159 0.1411 30
1747397442162 0.1411 30
1747397445907 0.2097 40
1747397445909 0.2097 40
1747397449665 0.2237 50
1747397449666 0.2237 50
1747397453440 0.0836 60
1747397453441 0.0836 60
1747397457242 0.0993 70
1747397457244 0.0993 70
1747397461060 0.0971 80
1747397461061 0.0971 80
1747397464917 0.1187 90
1747397464918 0.1187 90
1747397468781 0.0857 100
1747397468783 0.0857 100
1747397472654 0.1187 110
1747397472655 0.1187 110
1747397476620 0.0375 120
1747397476622 0.0375 120
1747397480654 0.0698 130
1747397480656 0.0698 130
1747397484807 0.0057 140
1747397484809 0.0057 140
1747397490513 0.0258 150
1747397490514 0.0258 150
1747397494350 0.1386 160
1747397494351 0.1386 160
1747397498216 0.0525 170
1747397498218 0.0525 170
1747397502131 0.0203 180
1747397502132 0.0203 180
1747397506104 0.0479 190
1747397506110 0.0479 190
1747397510175 0.1009 200
1747397510170 0.1009 200
1747397514236 0.0104 210
1747397514237 0.0104 210
1747397518165 0.0263 220
1747397518166 0.0263 220
1747397522047 0.0856 230
1747397522049 0.0856 230
1747397525898 0.0323 240
1747397525900 0.0323 240
1747397529841 0.0348 250
1747397529843 0.0348 250
1747397533772 0.0322 260
1747397533774 0.0322 260
1747397537657 0.0017 270
1747397537658 0.0017 270
1747397541690 0.082 280
1747397541691 0.082 280
1747397545714 0.013 290
1747397545713 0.013 290
1747397549629 0.0238 300
1747397549630 0.0238 300
1747397553583 0.0506 310
1747397553583 0.0506 310
1747397557812 0.1246 320
1747397557814 0.1246 320
1747397561895 0.0293 330
1747397561895 0.0293 330
1747397565832 0.0481 340
1747397565834 0.0481 340
1747397569766 0.0512 350
1747397569766 0.0512 350
1747397573687 0.0261 360
1747397573687 0.0261 360
1747397577695 0.0081 370
1747397577697 0.0081 370
1747397581672 0.0796 380
1747397581672 0.0796 380
1747397585560 0.0719 390
1747397585561 0.0719 390
1747397589473 0.0017 400
1747397589472 0.0017 400
1747397595141 0.0331 410
1747397595142 0.0331 410
1747397599127 0.0438 420
1747397599128 0.0438 420
1747397603005 0.0026 430
1747397603006 0.0026 430
1747397620410 0.0013 440
1747397620411 0.0013 440
1747397624418 0.002 450
1747397624419 0.002 450
1747397628412 0.1033 460
1747397628413 0.1033 460
1747397632409 0.001 470
1747397632411 0.001 470
1747397636404 0.042 480
1747397636405 0.042 480
1747397640435 0.0023 490
1747397640436 0.0023 490
1747397644453 0.0147 500
1747397644454 0.0147 500
1747397648466 0.0006 510
1747397648468 0.0006 510
1747397652499 0.0382 520
1747397652501 0.0382 520
1747397656538 0.0004 530
1747397656540 0.0004 530
1747397660528 0.034 540
1747397660529 0.034 540
1747397664545 0.0003 550
1747397664546 0.0003 550
1747397668566 0.034 560
1747397668565 0.034 560
1747397672626 0.0516 570
1747397672628 0.0516 570
1747397676689 0.0005 580
1747397676691 0.0005 580
1747397680711 0.0011 590
1747397680713 0.0011 590
1747397684773 0.0043 600
1747397684775 0.0043 600
1747397688817 0.0375 610
1747397688819 0.0375 610
1747397692898 0.0042 620
1747397692899 0.0042 620
1747397696949 0.0006 630
1747397696950 0.0006 630
1747397701033 0.001 640
1747397701034 0.001 640
1747397705063 0.0004 650
1747397705064 0.0004 650
1747397709125 0.0004 660
1747397709126 0.0004 660
1747397713165 0.0484 670
1747397713166 0.0484 670
1747397717200 0.0807 680
1747397717201 0.0807 680
1747397721278 0.0224 690
1747397721280 0.0224 690
1747397725347 0.0216 700
1747397725348 0.0216 700
1747397729427 0.0829 710
1747397729429 0.0829 710
1747397733497 0.0015 720
1747397733498 0.0015 720
1747397737597 0.002 730
1747397737598 0.002 730
1747397741643 0.0019 740
1747397741644 0.0019 740
1747397745645 0.0012 750
1747397745647 0.0012 750
1747397749661 0.0371 760
1747397749662 0.0371 760
1747397753596 0.0006 770
1747397753597 0.0006 770
1747397757746 0.0003 780
1747397757747 0.0003 780
1747397761730 0.0004 790
1747397761732 0.0004 790
1747397765717 0.0004 800
1747397765718 0.0004 800
1747397769715 0.0003 810
1747397769714 0.0003 810
1747397773727 0.018 820
1747397773729 0.018 820
1747397777671 0.0123 830
1747397777672 0.0123 830
1747397781649 0.0003 840
1747397781651 0.0003 840
1747397785669 0.0002 850
1747397785671 0.0002 850
1747397789671 0.0002 860
1747397789673 0.0002 860
1747397793661 0.0085 870
1747397793662 0.0085 870
1747397811059 0.0002 880
1747397811060 0.0002 880
1747397815163 0.0009 890
1747397815164 0.0009 890
1747397819248 0.0002 900
1747397819249 0.0002 900
1747397823324 0.0001 910
1747397823325 0.0001 910
1747397827388 0.0577 920
1747397827389 0.0577 920
1747397831420 0.0002 930
1747397831421 0.0002 930
1747397835474 0.0002 940
1747397835476 0.0002 940
1747397839484 0.0086 950
1747397839486 0.0086 950
1747397843496 0.0002 960
1747397843497 0.0002 960
1747397847544 0.0004 970
1747397847546 0.0004 970
1747397851513 0.0094 980
1747397851515 0.0094 980
1747397855522 0.048 990
1747397855521 0.048 990
1747397859568 0.0508 1000
1747397859568 0.0508 1000
1747397863669 0.0009 1010
1747397863670 0.0009 1010
1747397867759 0.0219 1020
1747397867760 0.0219 1020
1747397871839 0.0003 1030
1747397871841 0.0003 1030
1747397875912 0.0002 1040
1747397875914 0.0002 1040
1747397880050 0.0002 1050
1747397880052 0.0002 1050
1747397884177 0.0002 1060
1747397884175 0.0002 1060
1747397888231 0.0002 1070
1747397888232 0.0002 1070
1747397892316 0.0001 1080
1747397892318 0.0001 1080
1747397896386 0.0002 1090
1747397896388 0.0002 1090
1747397900485 0.0001 1100
1747397900486 0.0001 1100
1747397904561 0.0001 1110
1747397904562 0.0001 1110
1747397908641 0.0001 1120
1747397908643 0.0001 1120
1747397912723 0.0001 1130
1747397912724 0.0001 1130
1747397916786 0.0001 1140
1747397916787 0.0001 1140
1747397920902 0.0044 1150
1747397920903 0.0044 1150
1747397925006 0.0001 1160
1747397925007 0.0001 1160
1747397929098 0.0402 1170
1747397929100 0.0402 1170
1747397933289 0.0029 1180
1747397933290 0.0029 1180
1747397937375 0.0134 1190
1747397937376 0.0134 1190
1747397941453 0.0009 1200
1747397941454 0.0009 1200
1747397945540 0.0001 1210
1747397945541 0.0001 1210
1747397949618 0.0011 1220
1747397949620 0.0011 1220
1747397953711 0.0001 1230
1747397953712 0.0001 1230
1747397957791 0.0001 1240
1747397957792 0.0001 1240
1747397961846 0.0406 1250
1747397961847 0.0406 1250
1747397965944 0.0008 1260
1747397965945 0.0008 1260
1747397970036 0.0117 1270
1747397970038 0.0117 1270
1747397974148 0.0001 1280
1747397974149 0.0001 1280
1747397978267 0.0529 1290
1747397978269 0.0529 1290
1747397982352 0.0004 1300
1747397982354 0.0004 1300
1747397986480 0.0013 1310
1747397986483 0.0013 1310
1747398004334 0.0576 1320
1747398004335 0.0576 1320
1747398008459 0.0147 1330
1747398008460 0.0147 1330
1747398012596 0.0002 1340
1747398012597 0.0002 1340
1747398016665 0.0005 1350
1747398016667 0.0005 1350
1747398020738 0.0002 1360
1747398020737 0.0002 1360
1747398024797 0.0001 1370
1747398024798 0.0001 1370
1747398028904 0.0001 1380
1747398028906 0.0001 1380
1747398032993 0.0351 1390
1747398032994 0.0351 1390
1747398037088 0.0002 1400
1747398037090 0.0002 1400
1747398041224 0.0249 1410
1747398041225 0.0249 1410
1747398045368 0.0002 1420
1747398045370 0.0002 1420
1747398049498 0.0001 1430
1747398049500 0.0001 1430
1747398053574 0.0001 1440
1747398053575 0.0001 1440
1747398057663 0.0001 1450
1747398057665 0.0001 1450
1747398061769 0.0001 1460
1747398061771 0.0001 1460
1747398065890 0.0001 1470
1747398065892 0.0001 1470
1747398069981 0.0014 1480
1747398069983 0.0014 1480
1747398074067 0.0628 1490
1747398074069 0.0628 1490
1747398078151 0.0001 1500
1747398078152 0.0001 1500
1747398082241 0.0004 1510
1747398082242 0.0004 1510
1747398086337 0.0381 1520
1747398086339 0.0381 1520
1747398090461 0.0005 1530
1747398090463 0.0005 1530
1747398094584 0.0002 1540
1747398094586 0.0002 1540
1747398098702 0.0001 1550
1747398098703 0.0001 1550
1747398102826 0.0001 1560
1747398102827 0.0001 1560
1747398106904 0.0001 1570
1747398106905 0.0001 1570
1747398110973 0.0001 1580
1747398110975 0.0001 1580
1747398114982 0.0001 1590
1747398114983 0.0001 1590
1747398119048 0.0247 1600
1747398119049 0.0247 1600
1747398123099 0.0003 1610
1747398123101 0.0003 1610
1747398127204 0.0001 1620
1747398127205 0.0001 1620
1747398131277 0.0001 1630
1747398131278 0.0001 1630
1747398135301 0.0001 1640
1747398135303 0.0001 1640
1747398139295 0.0001 1650
1747398139296 0.0001 1650
1747398143308 0.0003 1660
1747398143310 0.0003 1660
1747398147258 0.011 1670
1747398147260 0.011 1670
1747398151235 0.0001 1680
1747398151237 0.0001 1680
1747398155197 0.0001 1690
1747398155196 0.0001 1690
1747398159168 0.0001 1700
1747398159169 0.0001 1700
1747398163115 0.0 1710
1747398163116 0.0 1710
1747398167060 0.0 1720
1747398167061 0.0 1720
1747398171019 0.0001 1730
1747398171021 0.0001 1730
1747398174982 0.0 1740
1747398174983 0.0 1740
1747398178966 0.0 1750
1747398178979 0.0 1750
