1747233753042 0.5555555555555556 10
1747233753041 0.5555555555555556 10
1747233758418 1.0 18
1747233758419 1.0 18
1747233760153 1.1111111111111112 20
1747233760154 1.1111111111111112 20
1747233764335 1.6666666666666665 30
1747233764336 1.6666666666666665 30
1747233767278 2.0 36
1747233767279 2.0 36
1747233770101 2.2222222222222223 40
1747233770102 2.2222222222222223 40
1747233777681 2.7777777777777777 50
1747233777681 2.7777777777777777 50
1747233779795 3.0 54
1747233779796 3.0 54
1747233783839 3.3333333333333335 60
1747233783839 3.3333333333333335 60
1747233788214 3.888888888888889 70
1747233788213 3.888888888888889 70
1747233789498 4.0 72
1747233789499 4.0 72
1747233790576 4.0 72
1747233790577 4.0 72
