1747233753042 1.5187344551086426 10
1747233753041 1.5187344551086426 10
1747233760153 3.009337902069092 20
1747233760154 3.009337902069092 20
1747233764335 4.184659481048584 30
1747233764336 4.184659481048584 30
1747233770101 15.960670471191406 40
1747233770102 15.960670471191406 40
1747233777681 0.32250919938087463 50
1747233777681 0.32250919938087463 50
1747233783839 0.07367346435785294 60
1747233783839 0.07367346435785294 60
1747233788213 0.05207875370979309 70
1747233788214 0.05207875370979309 70
