1747233753042 9.444444444444444e-05 10
1747233753041 9.444444444444444e-05 10
1747233760153 8.888888888888889e-05 20
1747233760154 8.888888888888889e-05 20
1747233764335 8.333333333333334e-05 30
1747233764336 8.333333333333334e-05 30
1747233770101 7.777777777777778e-05 40
1747233770102 7.777777777777778e-05 40
1747233777681 7.222222222222222e-05 50
1747233777681 7.222222222222222e-05 50
1747233783839 6.666666666666667e-05 60
1747233783839 6.666666666666667e-05 60
1747233788213 6.111111111111112e-05 70
1747233788214 6.111111111111112e-05 70
