1747351597823 1.0 5
1747351597824 1.0 5
1747351599931 2.0 10
1747351599930 2.0 10
1747351599999 2.0 10
1747351600000 2.0 10
1747351602312 3.0 15
1747351602314 3.0 15
1747351606193 4.0 20
1747351606194 4.0 20
1747351606259 4.0 20
1747351606259 4.0 20
1747351608664 5.0 25
1747351608665 5.0 25
1747351610873 6.0 30
1747351610874 6.0 30
1747351610937 6.0 30
1747351610936 6.0 30
1747351613128 7.0 35
1747351613129 7.0 35
1747351615228 8.0 40
1747351615227 8.0 40
1747351615295 8.0 40
1747351615296 8.0 40
1747351616676 8.0 40
1747351616675 8.0 40
