1747423454435 0.22727272727272727 10
1747423454435 0.22727272727272727 10
1747423458766 0.45454545454545453 20
1747423458767 0.45454545454545453 20
1747423463081 0.6818181818181818 30
1747423463081 0.6818181818181818 30
1747423469055 0.9090909090909091 40
1747423469055 0.9090909090909091 40
1747423471804 1.0 44
1747423471804 1.0 44
1747423476836 1.1363636363636362 50
1747423476837 1.1363636363636362 50
1747423481163 1.3636363636363638 60
1747423481163 1.3636363636363638 60
1747423485406 1.5909090909090908 70
1747423485407 1.5909090909090908 70
1747423489680 1.8181818181818183 80
1747423489680 1.8181818181818183 80
1747423494210 2.0 88
1747423494211 2.0 88
1747423497357 2.0454545454545454 90
1747423497358 2.0454545454545454 90
1747423501724 2.2727272727272725 100
1747423501725 2.2727272727272725 100
1747423506114 2.5 110
1747423506114 2.5 110
1747423512158 2.7272727272727275 120
1747423512159 2.7272727272727275 120
1747423516522 2.9545454545454546 130
1747423516523 2.9545454545454546 130
1747423518471 3.0 132
1747423518472 3.0 132
1747423524479 3.1818181818181817 140
1747423524480 3.1818181818181817 140
1747423528827 3.409090909090909 150
1747423528828 3.409090909090909 150
1747423533196 3.6363636363636362 160
1747423533196 3.6363636363636362 160
1747423537574 3.8636363636363638 170
1747423537575 3.8636363636363638 170
1747423541261 4.0 176
1747423541260 4.0 176
1747423543844 4.0 176
1747423543844 4.0 176
