1747423454435 5.954260349273682 10
1747423454435 5.954260349273682 10
1747423458766 14.768593788146973 20
1747423458767 14.768593788146973 20
1747423463081 16.083415985107422 30
1747423463081 16.083415985107422 30
1747423469055 5.107925891876221 40
1747423469055 5.107925891876221 40
1747423476836 2.974858045578003 50
1747423476837 2.974858045578003 50
1747423481163 4.186663627624512 60
1747423481163 4.186663627624512 60
1747423485406 10.14066219329834 70
1747423485407 10.14066219329834 70
1747423489680 3.9713664054870605 80
1747423489680 3.9713664054870605 80
1747423497357 22.452442169189453 90
1747423497358 22.452442169189453 90
1747423501724 2.073798656463623 100
1747423501725 2.073798656463623 100
1747423506114 9.497505187988281 110
1747423506114 9.497505187988281 110
1747423512158 1.6522921323776245 120
1747423512159 1.6522921323776245 120
1747423516522 0.6276789903640747 130
1747423516523 0.6276789903640747 130
1747423524479 2.4118876457214355 140
1747423524480 2.4118876457214355 140
1747423528827 0.046983491629362106 150
1747423528828 0.046983491629362106 150
1747423533196 11.789623260498047 160
1747423533196 11.789623260498047 160
1747423537574 3.5999722480773926 170
1747423537575 3.5999722480773926 170
