1747423454435 4.886363636363637e-05 10
1747423454435 4.886363636363637e-05 10
1747423458766 4.772727272727273e-05 20
1747423458767 4.772727272727273e-05 20
1747423463081 4.659090909090909e-05 30
1747423463081 4.659090909090909e-05 30
1747423469055 4.545454545454546e-05 40
1747423469055 4.545454545454546e-05 40
1747423476836 4.431818181818182e-05 50
1747423476837 4.431818181818182e-05 50
1747423481163 4.318181818181819e-05 60
1747423481163 4.318181818181819e-05 60
1747423485406 4.204545454545455e-05 70
1747423485407 4.204545454545455e-05 70
1747423489680 4.0909090909090915e-05 80
1747423489680 4.0909090909090915e-05 80
1747423497357 3.9772727272727275e-05 90
1747423497358 3.9772727272727275e-05 90
1747423501724 3.8636363636363636e-05 100
1747423501725 3.8636363636363636e-05 100
1747423506114 3.7500000000000003e-05 110
1747423506114 3.7500000000000003e-05 110
1747423512158 3.6363636363636364e-05 120
1747423512159 3.6363636363636364e-05 120
1747423516522 3.522727272727273e-05 130
1747423516523 3.522727272727273e-05 130
1747423524479 3.409090909090909e-05 140
1747423524480 3.409090909090909e-05 140
1747423528827 3.295454545454545e-05 150
1747423528828 3.295454545454545e-05 150
1747423533196 3.181818181818182e-05 160
1747423533196 3.181818181818182e-05 160
1747423537574 3.068181818181818e-05 170
1747423537575 3.068181818181818e-05 170
