1747423454435 1.0611 10
1747423454435 1.0611 10
1747423458766 0.6157 20
1747423458767 0.6157 20
1747423463081 0.4579 30
1747423463081 0.4579 30
1747423469055 0.5407 40
1747423469055 0.5407 40
1747423476836 0.2953 50
1747423476837 0.2953 50
1747423481163 0.2343 60
1747423481163 0.2343 60
1747423485406 0.1781 70
1747423485407 0.1781 70
1747423489680 0.2081 80
1747423489680 0.2081 80
1747423497357 0.2006 90
1747423497358 0.2006 90
1747423501724 0.1851 100
1747423501725 0.1851 100
1747423506114 0.1352 110
1747423506114 0.1352 110
1747423512158 0.113 120
1747423512159 0.113 120
1747423516522 0.3668 130
1747423516523 0.3668 130
1747423524479 0.0944 140
1747423524480 0.0944 140
1747423528827 0.0318 150
1747423528828 0.0318 150
1747423533196 0.3121 160
1747423533196 0.3121 160
1747423537574 0.0941 170
1747423537575 0.0941 170
