1747370988115 0.11235955056179775 10
1747370988115 0.11235955056179775 10
1747370992147 0.2247191011235955 20
1747370992155 0.2247191011235955 20
1747370997671 0.33707865168539325 30
1747370997671 0.33707865168539325 30
1747371003292 0.449438202247191 40
1747371003292 0.449438202247191 40
1747371007214 0.5617977528089888 50
1747371007214 0.5617977528089888 50
1747371011182 0.6741573033707865 60
1747371011183 0.6741573033707865 60
1747371015132 0.7865168539325843 70
1747371015132 0.7865168539325843 70
1747371019016 0.898876404494382 80
1747371019018 0.898876404494382 80
1747371025009 1.0 89
1747371025009 1.0 89
1747371026823 1.0112359550561798 90
1747371026822 1.0112359550561798 90
1747371030797 1.1235955056179776 100
1747371030797 1.1235955056179776 100
1747371036311 1.2359550561797752 110
1747371036311 1.2359550561797752 110
1747371041813 1.348314606741573 120
1747371041813 1.348314606741573 120
1747371047335 1.4606741573033708 130
1747371047335 1.4606741573033708 130
1747371051358 1.5730337078651684 140
1747371051359 1.5730337078651684 140
1747371055294 1.6853932584269664 150
1747371055295 1.6853932584269664 150
1747371059231 1.797752808988764 160
1747371059231 1.797752808988764 160
1747371063301 1.9101123595505618 170
1747371063302 1.9101123595505618 170
1747371070527 2.0 178
1747371070528 2.0 178
1747371073026 2.0224719101123596 180
1747371073026 2.0224719101123596 180
1747371077116 2.134831460674157 190
1747371077117 2.134831460674157 190
1747371082730 2.247191011235955 200
1747371082730 2.247191011235955 200
1747371086709 2.359550561797753 210
1747371086710 2.359550561797753 210
1747371092429 2.4719101123595504 220
1747371092430 2.4719101123595504 220
1747371096467 2.5842696629213484 230
1747371096469 2.5842696629213484 230
1747371100492 2.696629213483146 240
1747371100493 2.696629213483146 240
1747371104475 2.808988764044944 250
1747371104475 2.808988764044944 250
1747371108463 2.9213483146067416 260
1747371108464 2.9213483146067416 260
1747371113662 3.0 267
1747371113663 3.0 267
1747371116392 3.033707865168539 270
1747371116393 3.033707865168539 270
1747371120353 3.146067415730337 280
1747371120354 3.146067415730337 280
1747371124344 3.258426966292135 290
1747371124346 3.258426966292135 290
1747371128435 3.370786516853933 300
1747371128435 3.370786516853933 300
1747371132504 3.4831460674157304 310
1747371132505 3.4831460674157304 310
1747371136458 3.595505617977528 320
1747371136458 3.595505617977528 320
1747371140395 3.7078651685393256 330
1747371140396 3.7078651685393256 330
1747371146073 3.8202247191011236 340
1747371146074 3.8202247191011236 340
1747371150137 3.932584269662921 350
1747371150137 3.932584269662921 350
1747371154921 4.0 356
1747371154921 4.0 356
1747371156353 4.0 356
1747371156353 4.0 356
