1747370988115 7.832289695739746 10
1747370988115 7.832289695739746 10
1747370992147 3.0310139656066895 20
1747370992155 3.0310139656066895 20
1747370997671 6.9812703132629395 30
1747370997671 6.9812703132629395 30
1747371003292 13.03987979888916 40
1747371003292 13.03987979888916 40
1747371007214 6.408394813537598 50
1747371007214 6.408394813537598 50
1747371011182 8.964371681213379 60
1747371011183 8.964371681213379 60
1747371015132 17.540512084960938 70
1747371015132 17.540512084960938 70
1747371019016 3.182692527770996 80
1747371019018 3.182692527770996 80
1747371026822 3.9539973735809326 90
1747371026823 3.9539973735809326 90
1747371030797 1.9876371622085571 100
1747371030797 1.9876371622085571 100
1747371036311 19.917083740234375 110
1747371036311 19.917083740234375 110
1747371041813 7.628958702087402 120
1747371041813 7.628958702087402 120
1747371047335 5.148177623748779 130
1747371047335 5.148177623748779 130
1747371051358 7.963321685791016 140
1747371051359 7.963321685791016 140
1747371055294 2.9290571212768555 150
1747371055295 2.9290571212768555 150
1747371059231 7.640444755554199 160
1747371059231 7.640444755554199 160
1747371063301 16.84758186340332 170
1747371063302 16.84758186340332 170
1747371073026 0.7079029083251953 180
1747371073026 0.7079029083251953 180
1747371077116 0.8453716039657593 190
1747371077117 0.8453716039657593 190
1747371082730 11.925313949584961 200
1747371082730 11.925313949584961 200
1747371086709 0.12261991947889328 210
1747371086710 0.12261991947889328 210
1747371092429 6.254927158355713 220
1747371092430 6.254927158355713 220
1747371096467 45.2969856262207 230
1747371096469 45.2969856262207 230
1747371100492 33.4000129699707 240
1747371100493 33.4000129699707 240
1747371104475 25.07870864868164 250
1747371104475 25.07870864868164 250
1747371108463 24.032569885253906 260
1747371108464 24.032569885253906 260
1747371116392 0.12911824882030487 270
1747371116393 0.12911824882030487 270
1747371120353 15.45207405090332 280
1747371120354 15.45207405090332 280
1747371124344 0.14242245256900787 290
1747371124346 0.14242245256900787 290
1747371128435 0.03784751519560814 300
1747371128435 0.03784751519560814 300
1747371132504 0.7319520711898804 310
1747371132505 0.7319520711898804 310
1747371136458 0.04651686176657677 320
1747371136458 0.04651686176657677 320
1747371140395 0.021611535921692848 330
1747371140396 0.021611535921692848 330
1747371146073 0.01563584990799427 340
1747371146074 0.01563584990799427 340
1747371150137 0.014754476957023144 350
1747371150137 0.014754476957023144 350
