1747370988115 4.943820224719101e-05 10
1747370988115 4.943820224719101e-05 10
1747370992147 4.8876404494382024e-05 20
1747370992155 4.8876404494382024e-05 20
1747370997671 4.831460674157304e-05 30
1747370997671 4.831460674157304e-05 30
1747371003292 4.7752808988764046e-05 40
1747371003292 4.7752808988764046e-05 40
1747371007214 4.719101123595506e-05 50
1747371007214 4.719101123595506e-05 50
1747371011182 4.662921348314607e-05 60
1747371011183 4.662921348314607e-05 60
1747371015132 4.606741573033708e-05 70
1747371015132 4.606741573033708e-05 70
1747371019016 4.550561797752809e-05 80
1747371019018 4.550561797752809e-05 80
1747371026822 4.4943820224719104e-05 90
1747371026823 4.4943820224719104e-05 90
1747371030797 4.438202247191011e-05 100
1747371030797 4.438202247191011e-05 100
1747371036311 4.3820224719101126e-05 110
1747371036311 4.3820224719101126e-05 110
1747371041813 4.3258426966292134e-05 120
1747371041813 4.3258426966292134e-05 120
1747371047335 4.269662921348315e-05 130
1747371047335 4.269662921348315e-05 130
1747371051358 4.2134831460674156e-05 140
1747371051359 4.2134831460674156e-05 140
1747371055294 4.157303370786517e-05 150
1747371055295 4.157303370786517e-05 150
1747371059231 4.1011235955056184e-05 160
1747371059231 4.1011235955056184e-05 160
1747371063301 4.044943820224719e-05 170
1747371063302 4.044943820224719e-05 170
1747371073026 3.98876404494382e-05 180
1747371073026 3.98876404494382e-05 180
1747371077116 3.9325842696629214e-05 190
1747371077117 3.9325842696629214e-05 190
1747371082730 3.876404494382023e-05 200
1747371082730 3.876404494382023e-05 200
1747371086709 3.8202247191011236e-05 210
1747371086710 3.8202247191011236e-05 210
1747371092429 3.764044943820225e-05 220
1747371092430 3.764044943820225e-05 220
1747371096467 3.7078651685393264e-05 230
1747371096469 3.7078651685393264e-05 230
1747371100492 3.651685393258427e-05 240
1747371100493 3.651685393258427e-05 240
1747371104475 3.595505617977528e-05 250
1747371104475 3.595505617977528e-05 250
1747371108463 3.5393258426966294e-05 260
1747371108464 3.5393258426966294e-05 260
1747371116392 3.483146067415731e-05 270
1747371116393 3.483146067415731e-05 270
1747371120353 3.4269662921348316e-05 280
1747371120354 3.4269662921348316e-05 280
1747371124344 3.370786516853933e-05 290
1747371124346 3.370786516853933e-05 290
1747371128435 3.314606741573034e-05 300
1747371128435 3.314606741573034e-05 300
1747371132504 3.258426966292135e-05 310
1747371132505 3.258426966292135e-05 310
1747371136458 3.202247191011236e-05 320
1747371136458 3.202247191011236e-05 320
1747371140395 3.1460674157303374e-05 330
1747371140396 3.1460674157303374e-05 330
1747371146073 3.089887640449438e-05 340
1747371146074 3.089887640449438e-05 340
1747371150137 3.0337078651685396e-05 350
1747371150137 3.0337078651685396e-05 350
