1747370988115 0.6529 10
1747370988115 0.6529 10
1747370992147 0.5796 20
1747370992155 0.5796 20
1747370997671 0.4533 30
1747370997671 0.4533 30
1747371003292 0.4105 40
1747371003292 0.4105 40
1747371007214 0.3886 50
1747371007214 0.3886 50
1747371011183 0.3997 60
1747371011182 0.3997 60
1747371015132 0.6085 70
1747371015132 0.6085 70
1747371019016 0.5549 80
1747371019018 0.5549 80
1747371026822 0.3709 90
1747371026823 0.3709 90
1747371030797 0.243 100
1747371030797 0.243 100
1747371036311 0.2864 110
1747371036311 0.2864 110
1747371041813 0.2486 120
1747371041813 0.2486 120
1747371047335 0.2914 130
1747371047335 0.2914 130
1747371051358 0.3592 140
1747371051359 0.3592 140
1747371055294 0.1849 150
1747371055295 0.1849 150
1747371059231 0.1457 160
1747371059231 0.1457 160
1747371063301 0.1825 170
1747371063302 0.1825 170
1747371073026 0.2088 180
1747371073026 0.2088 180
1747371077116 0.0506 190
1747371077117 0.0506 190
1747371082730 0.0991 200
1747371082730 0.0991 200
1747371086709 0.0653 210
1747371086710 0.0653 210
1747371092429 0.0687 220
1747371092430 0.0687 220
1747371096467 0.0919 230
1747371096469 0.0919 230
1747371100492 0.1421 240
1747371100493 0.1421 240
1747371104475 0.0984 250
1747371104475 0.0984 250
1747371108463 0.093 260
1747371108464 0.093 260
1747371116392 0.0906 270
1747371116393 0.0906 270
1747371120353 0.1579 280
1747371120354 0.1579 280
1747371124344 0.0639 290
1747371124346 0.0639 290
1747371128435 0.0084 300
1747371128435 0.0084 300
1747371132504 0.016 310
1747371132505 0.016 310
1747371136458 0.0247 320
1747371136458 0.0247 320
1747371140395 0.0046 330
1747371140396 0.0046 330
1747371146073 0.001 340
1747371146074 0.001 340
1747371150137 0.0006 350
1747371150137 0.0006 350
