1746818278944 0.056179775280898875 10
1746818278960 0.056179775280898875 10
1746818289008 0.11235955056179775 20
1746818289009 0.11235955056179775 20
1746818302187 0.16853932584269662 30
1746818302199 0.16853932584269662 30
1746818310438 0.2247191011235955 40
1746818310437 0.2247191011235955 40
1746818322013 0.2808988764044944 50
1746818322031 0.2808988764044944 50
1746818330127 0.33707865168539325 60
1746818330128 0.33707865168539325 60
1746818338221 0.39325842696629215 70
1746818338222 0.39325842696629215 70
1746818346376 0.449438202247191 80
1746818346376 0.449438202247191 80
1746818354555 0.5056179775280899 90
1746818354555 0.5056179775280899 90
1746818362748 0.5617977528089888 100
1746818362749 0.5617977528089888 100
1746818370931 0.6179775280898876 110
1746818370932 0.6179775280898876 110
1746818379147 0.6741573033707865 120
1746818379148 0.6741573033707865 120
1746818387392 0.7303370786516854 130
1746818387392 0.7303370786516854 130
1746818395671 0.7865168539325843 140
1746818395672 0.7865168539325843 140
1746818405549 0.8426966292134831 150
1746818405550 0.8426966292134831 150
1746818413818 0.898876404494382 160
1746818413819 0.898876404494382 160
1746818422093 0.9550561797752809 170
1746818422094 0.9550561797752809 170
1746818584161 0.056179775280898875 10
1746818584161 0.056179775280898875 10
1746818592798 0.11235955056179775 20
1746818592798 0.11235955056179775 20
1746818601719 0.16853932584269662 30
1746818601719 0.16853932584269662 30
1746818610240 0.2247191011235955 40
1746818610241 0.2247191011235955 40
1746818618785 0.2808988764044944 50
1746818618786 0.2808988764044944 50
1746818627314 0.33707865168539325 60
1746818627315 0.33707865168539325 60
1746818635865 0.39325842696629215 70
1746818635865 0.39325842696629215 70
1746818644325 0.449438202247191 80
1746818644326 0.449438202247191 80
1746818652853 0.5056179775280899 90
1746818652854 0.5056179775280899 90
1746818661380 0.5617977528089888 100
1746818661379 0.5617977528089888 100
1746818669910 0.6179775280898876 110
1746818669911 0.6179775280898876 110
1746818678573 0.6741573033707865 120
1746818678574 0.6741573033707865 120
1746818687259 0.7303370786516854 130
1746818687260 0.7303370786516854 130
1746818697594 0.7865168539325843 140
1746818697594 0.7865168539325843 140
1746818706230 0.8426966292134831 150
1746818706231 0.8426966292134831 150
1746818714911 0.898876404494382 160
1746818714911 0.898876404494382 160
1746818723623 0.9550561797752809 170
1746818723623 0.9550561797752809 170
1746819664192 0.056179775280898875 10
1746819664192 0.056179775280898875 10
1746819673817 0.11235955056179775 20
1746819673821 0.11235955056179775 20
1746819683683 0.16853932584269662 30
1746819683684 0.16853932584269662 30
1746819695136 0.2247191011235955 40
1746819695137 0.2247191011235955 40
1746819703296 0.2808988764044944 50
1746819703297 0.2808988764044944 50
1746819714845 0.33707865168539325 60
1746819714847 0.33707865168539325 60
1746819726341 0.39325842696629215 70
1746819726341 0.39325842696629215 70
1746819736218 0.449438202247191 80
1746819736217 0.449438202247191 80
1746819745987 0.5056179775280899 90
1746819745988 0.5056179775280899 90
1746819754156 0.5617977528089888 100
1746819754157 0.5617977528089888 100
1746819762379 0.6179775280898876 110
1746819762380 0.6179775280898876 110
1746819770566 0.6741573033707865 120
1746819770567 0.6741573033707865 120
1746819778782 0.7303370786516854 130
1746819778783 0.7303370786516854 130
1746819790319 0.7865168539325843 140
1746819790321 0.7865168539325843 140
1746819800162 0.8426966292134831 150
1746819800162 0.8426966292134831 150
1746819810025 0.898876404494382 160
1746819810026 0.898876404494382 160
1746819818249 0.9550561797752809 170
1746819818250 0.9550561797752809 170
1746819869544 1.0 178
1746819869544 1.0 178
1746819872788 1.0112359550561798 180
1746819872786 1.0112359550561798 180
