1746818278944 11.532898902893066 10
1746818278960 11.532898902893066 10
1746818289008 2.83781361579895 20
1746818289009 2.83781361579895 20
1746818302187 4.782171249389648 30
1746818302199 4.782171249389648 30
1746818310438 2.5329701900482178 40
1746818310437 2.5329701900482178 40
1746818322013 1.675753116607666 50
1746818322031 1.675753116607666 50
1746818330127 4.561736106872559 60
1746818330128 4.561736106872559 60
1746818338221 6.754237174987793 70
1746818338222 6.754237174987793 70
1746818346376 2.1187782287597656 80
1746818346376 2.1187782287597656 80
1746818354555 1.8301080465316772 90
1746818354555 1.8301080465316772 90
1746818362748 8.802522659301758 100
1746818362749 8.802522659301758 100
1746818370931 5.185553550720215 110
1746818370932 5.185553550720215 110
1746818379147 3.277750253677368 120
1746818379148 3.277750253677368 120
1746818387392 2.582960844039917 130
1746818387392 2.582960844039917 130
1746818395671 7.650877952575684 140
1746818395672 7.650877952575684 140
1746818405549 2.210655927658081 150
1746818405550 2.210655927658081 150
1746818413818 1.9917547702789307 160
1746818413819 1.9917547702789307 160
1746818422093 2.3030242919921875 170
1746818422094 2.3030242919921875 170
1746818584161 11.532898902893066 10
1746818584161 11.532898902893066 10
1746818592798 2.83781361579895 20
1746818592798 2.83781361579895 20
1746818601719 4.782179355621338 30
1746818601719 4.782179355621338 30
1746818610240 2.532968759536743 40
1746818610241 2.532968759536743 40
1746818618785 1.6757526397705078 50
1746818618786 1.6757526397705078 50
1746818627314 4.561735153198242 60
1746818627315 4.561735153198242 60
1746818635865 6.754246234893799 70
1746818635865 6.754246234893799 70
1746818644325 2.118776798248291 80
1746818644326 2.118776798248291 80
1746818652853 1.8301060199737549 90
1746818652854 1.8301060199737549 90
1746818661380 8.802495956420898 100
1746818661379 8.802495956420898 100
1746818669910 5.185553550720215 110
1746818669911 5.185553550720215 110
1746818678573 3.277747869491577 120
1746818678574 3.277747869491577 120
1746818687259 2.582961320877075 130
1746818687260 2.582961320877075 130
1746818697594 7.650893211364746 140
1746818697594 7.650893211364746 140
1746818706230 2.2106547355651855 150
1746818706231 2.2106547355651855 150
1746818714911 1.9917571544647217 160
1746818714911 1.9917571544647217 160
1746818723623 2.303025960922241 170
1746818723623 2.303025960922241 170
1746819664192 11.532898902893066 10
1746819664192 11.532898902893066 10
1746819673817 2.83781361579895 20
1746819673821 2.83781361579895 20
1746819683683 4.782171249389648 30
1746819683684 4.782171249389648 30
1746819695136 2.5329701900482178 40
1746819695137 2.5329701900482178 40
1746819703296 1.675753116607666 50
1746819703297 1.675753116607666 50
1746819714845 4.561736106872559 60
1746819714847 4.561736106872559 60
1746819726341 6.754238128662109 70
1746819726341 6.754238128662109 70
1746819736218 2.1187784671783447 80
1746819745987 1.8301081657409668 90
1746819745988 1.8301081657409668 90
1746819754156 8.802526473999023 100
1746819754157 8.802526473999023 100
1746819762379 5.185554504394531 110
1746819762380 5.185554504394531 110
1746819770566 3.277750253677368 120
1746819770567 3.277750253677368 120
1746819778782 2.582960367202759 130
1746819778783 2.582960367202759 130
1746819790319 7.650876045227051 140
1746819790321 7.650876045227051 140
1746819800162 2.2106564044952393 150
1746819800162 2.2106564044952393 150
1746819810025 1.9917542934417725 160
1746819810026 1.9917542934417725 160
1746819818249 2.3030238151550293 170
1746819818250 2.3030238151550293 170
1746819872788 1.8981794118881226 180
1746819872786 1.8981794118881226 180
