1746818278944 4.971910112359551e-05 10
1746818278960 4.971910112359551e-05 10
1746818289008 4.943820224719101e-05 20
1746818289009 4.943820224719101e-05 20
1746818302187 4.915730337078652e-05 30
1746818302199 4.915730337078652e-05 30
1746818310438 4.8876404494382024e-05 40
1746818310437 4.8876404494382024e-05 40
1746818322013 4.859550561797753e-05 50
1746818322031 4.859550561797753e-05 50
1746818330127 4.831460674157304e-05 60
1746818330128 4.831460674157304e-05 60
1746818338221 4.803370786516854e-05 70
1746818338222 4.803370786516854e-05 70
1746818346376 4.7752808988764046e-05 80
1746818346376 4.7752808988764046e-05 80
1746818354555 4.747191011235955e-05 90
1746818354555 4.747191011235955e-05 90
1746818362748 4.719101123595506e-05 100
1746818362749 4.719101123595506e-05 100
1746818370931 4.691011235955056e-05 110
1746818370932 4.691011235955056e-05 110
1746818379147 4.662921348314607e-05 120
1746818379148 4.662921348314607e-05 120
1746818387392 4.6348314606741575e-05 130
1746818387392 4.6348314606741575e-05 130
1746818395671 4.606741573033708e-05 140
1746818395672 4.606741573033708e-05 140
1746818405549 4.578651685393259e-05 150
1746818405550 4.578651685393259e-05 150
1746818413818 4.550561797752809e-05 160
1746818413819 4.550561797752809e-05 160
1746818422093 4.52247191011236e-05 170
1746818422094 4.52247191011236e-05 170
1746818584161 4.971910112359551e-05 10
1746818584161 4.971910112359551e-05 10
1746818592798 4.943820224719101e-05 20
1746818592798 4.943820224719101e-05 20
1746818601719 4.915730337078652e-05 30
1746818601719 4.915730337078652e-05 30
1746818610240 4.8876404494382024e-05 40
1746818610241 4.8876404494382024e-05 40
1746818618785 4.859550561797753e-05 50
1746818618786 4.859550561797753e-05 50
1746818627314 4.831460674157304e-05 60
1746818627315 4.831460674157304e-05 60
1746818635865 4.803370786516854e-05 70
1746818635865 4.803370786516854e-05 70
1746818644325 4.7752808988764046e-05 80
1746818644326 4.7752808988764046e-05 80
1746818652853 4.747191011235955e-05 90
1746818652854 4.747191011235955e-05 90
1746818661380 4.719101123595506e-05 100
1746818661379 4.719101123595506e-05 100
1746818669910 4.691011235955056e-05 110
1746818669911 4.691011235955056e-05 110
1746818678573 4.662921348314607e-05 120
1746818678574 4.662921348314607e-05 120
1746818687259 4.6348314606741575e-05 130
1746818687260 4.6348314606741575e-05 130
1746818697594 4.606741573033708e-05 140
1746818697594 4.606741573033708e-05 140
1746818706230 4.578651685393259e-05 150
1746818706231 4.578651685393259e-05 150
1746818714911 4.550561797752809e-05 160
1746818714911 4.550561797752809e-05 160
1746818723623 4.52247191011236e-05 170
1746818723623 4.52247191011236e-05 170
1746819664192 4.971910112359551e-05 10
1746819664192 4.971910112359551e-05 10
1746819673817 4.943820224719101e-05 20
1746819673821 4.943820224719101e-05 20
1746819683683 4.915730337078652e-05 30
1746819683684 4.915730337078652e-05 30
1746819695136 4.8876404494382024e-05 40
1746819695137 4.8876404494382024e-05 40
1746819703296 4.859550561797753e-05 50
1746819703297 4.859550561797753e-05 50
1746819714845 4.831460674157304e-05 60
1746819714847 4.831460674157304e-05 60
1746819726341 4.803370786516854e-05 70
1746819726341 4.803370786516854e-05 70
1746819736218 4.7752808988764046e-05 80
1746819736217 4.7752808988764046e-05 80
1746819745987 4.747191011235955e-05 90
1746819745988 4.747191011235955e-05 90
1746819754156 4.719101123595506e-05 100
1746819754157 4.719101123595506e-05 100
1746819762379 4.691011235955056e-05 110
1746819762380 4.691011235955056e-05 110
1746819770566 4.662921348314607e-05 120
1746819770567 4.662921348314607e-05 120
1746819778782 4.6348314606741575e-05 130
1746819778783 4.6348314606741575e-05 130
1746819790319 4.606741573033708e-05 140
1746819790321 4.606741573033708e-05 140
1746819800162 4.578651685393259e-05 150
1746819800162 4.578651685393259e-05 150
1746819810025 4.550561797752809e-05 160
1746819810026 4.550561797752809e-05 160
1746819818249 4.52247191011236e-05 170
1746819818250 4.52247191011236e-05 170
1746819872788 4.4943820224719104e-05 180
1746819872786 4.4943820224719104e-05 180
