1747377864435 0.10638297872340426 10
1747377864436 0.10638297872340426 10
1747377868170 0.2127659574468085 20
1747377868170 0.2127659574468085 20
1747377875174 0.3191489361702128 30
1747377875174 0.3191489361702128 30
1747377878920 0.425531914893617 40
1747377878921 0.425531914893617 40
1747377882700 0.5319148936170213 50
1747377882700 0.5319148936170213 50
1747377888102 0.6382978723404256 60
1747377888103 0.6382978723404256 60
1747377891803 0.7446808510638298 70
1747377891803 0.7446808510638298 70
1747377895509 0.851063829787234 80
1747377895509 0.851063829787234 80
1747377899262 0.9574468085106383 90
1747377899263 0.9574468085106383 90
1747377903069 1.0 94
1747377903069 1.0 94
1747377906681 1.0638297872340425 100
1747377906696 1.0638297872340425 100
1747377912084 1.1702127659574468 110
1747377912084 1.1702127659574468 110
1747377919078 1.2765957446808511 120
1747377919078 1.2765957446808511 120
1747377922894 1.3829787234042552 130
1747377922895 1.3829787234042552 130
1747377928270 1.4893617021276595 140
1747377928271 1.4893617021276595 140
1747377933762 1.5957446808510638 150
1747377933763 1.5957446808510638 150
1747377937627 1.702127659574468 160
1747377937628 1.702127659574468 160
1747377941437 1.8085106382978724 170
1747377941436 1.8085106382978724 170
1747377946824 1.9148936170212765 180
1747377946829 1.9148936170212765 180
1747377952514 2.0 188
1747377952514 2.0 188
1747377954899 2.021276595744681 190
1747377954900 2.021276595744681 190
1747377958751 2.127659574468085 200
1747377958751 2.127659574468085 200
1747377964339 2.2340425531914896 210
1747377964341 2.2340425531914896 210
1747377968285 2.3404255319148937 220
1747377968286 2.3404255319148937 220
1747377972165 2.4468085106382977 230
1747377972166 2.4468085106382977 230
1747377977619 2.5531914893617023 240
1747377977620 2.5531914893617023 240
1747377981368 2.6595744680851063 250
1747377981368 2.6595744680851063 250
1747377985148 2.7659574468085104 260
1747377985148 2.7659574468085104 260
1747377989021 2.872340425531915 270
1747377989021 2.872340425531915 270
1747377992773 2.978723404255319 280
1747377992774 2.978723404255319 280
1747377995910 3.0 282
1747377995911 3.0 282
1747378002556 3.0851063829787235 290
1747378002557 3.0851063829787235 290
1747378007998 3.1914893617021276 300
1747378007999 3.1914893617021276 300
1747378011824 3.297872340425532 310
1747378011825 3.297872340425532 310
1747378015655 3.404255319148936 320
1747378015655 3.404255319148936 320
1747378019506 3.5106382978723403 330
1747378019505 3.5106382978723403 330
1747378024985 3.617021276595745 340
1747378024986 3.617021276595745 340
1747378030462 3.723404255319149 350
1747378030464 3.723404255319149 350
1747378035903 3.829787234042553 360
1747378035904 3.829787234042553 360
1747378039687 3.9361702127659575 370
1747378039688 3.9361702127659575 370
1747378044328 4.0 376
1747378044329 4.0 376
1747378045770 4.0 376
1747378045771 4.0 376
