1747377864435 9.404505729675293 10
1747377864436 9.404505729675293 10
1747377868170 3.9448864459991455 20
1747377868170 3.9448864459991455 20
1747377875174 9.321589469909668 30
1747377875174 9.321589469909668 30
1747377878920 13.779268264770508 40
1747377878921 13.779268264770508 40
1747377882700 30.05653190612793 50
1747377882700 30.05653190612793 50
1747377888102 0.5363576412200928 60
1747377888103 0.5363576412200928 60
1747377891803 38.68209457397461 70
1747377891803 38.68209457397461 70
1747377895509 0.4483257234096527 80
1747377895509 0.4483257234096527 80
1747377899262 36.95707321166992 90
1747377899263 36.95707321166992 90
1747377906681 2.052006959915161 100
1747377906696 2.052006959915161 100
1747377912084 0.04265204444527626 110
1747377912084 0.04265204444527626 110
1747377919078 0.015601449646055698 120
1747377919078 0.015601449646055698 120
1747377922894 0.012712630443274975 130
1747377922895 0.012712630443274975 130
1747377928270 0.01124380063265562 140
1747377928271 0.01124380063265562 140
1747377933762 0.1212875097990036 150
1747377933763 0.1212875097990036 150
1747377937627 0.01688193716108799 160
1747377937628 0.01688193716108799 160
1747377941437 0.08184760063886642 170
1747377941436 0.08184760063886642 170
1747377946824 0.019117670133709908 180
1747377946829 0.019117670133709908 180
1747377954899 0.10569706559181213 190
1747377954900 0.10569706559181213 190
1747377958751 0.011077793315052986 200
1747377958751 0.011077793315052986 200
1747377964339 0.01419851928949356 210
1747377964341 0.01419851928949356 210
1747377968285 0.01226150244474411 220
1747377968286 0.01226150244474411 220
1747377972165 0.017229968681931496 230
1747377972166 0.017229968681931496 230
1747377977619 0.008983011357486248 240
1747377977620 0.008983011357486248 240
1747377981368 0.10899003595113754 250
1747377981368 0.10899003595113754 250
1747377985148 0.11385750025510788 260
1747377985148 0.11385750025510788 260
1747377989021 0.0057539367116987705 270
1747377989021 0.0057539367116987705 270
1747377992773 0.004908178932964802 280
1747377992774 0.004908178932964802 280
1747378002556 0.00415635434910655 290
1747378002557 0.00415635434910655 290
1747378007998 0.0044590444304049015 300
1747378007999 0.0044590444304049015 300
1747378011824 0.004369745496660471 310
1747378011825 0.004369745496660471 310
1747378015655 0.0034525105729699135 320
1747378015655 0.0034525105729699135 320
1747378019506 0.003016077447682619 330
1747378019505 0.003016077447682619 330
1747378024985 0.009580476209521294 340
1747378024986 0.009580476209521294 340
1747378030462 0.007785969413816929 350
1747378030464 0.007785969413816929 350
1747378035903 0.005952554289251566 360
1747378035904 0.005952554289251566 360
1747378039687 0.004434776958078146 370
1747378039688 0.004434776958078146 370
