1747377864435 4.946808510638298e-05 10
1747377864436 4.946808510638298e-05 10
1747377868170 4.893617021276596e-05 20
1747377868170 4.893617021276596e-05 20
1747377875174 4.840425531914894e-05 30
1747377875174 4.840425531914894e-05 30
1747377878920 4.787234042553192e-05 40
1747377878921 4.787234042553192e-05 40
1747377882700 4.734042553191489e-05 50
1747377882700 4.734042553191489e-05 50
1747377888102 4.680851063829788e-05 60
1747377888103 4.680851063829788e-05 60
1747377891803 4.627659574468085e-05 70
1747377891803 4.627659574468085e-05 70
1747377895509 4.574468085106383e-05 80
1747377895509 4.574468085106383e-05 80
1747377899262 4.5212765957446815e-05 90
1747377899263 4.5212765957446815e-05 90
1747377906681 4.468085106382979e-05 100
1747377906696 4.468085106382979e-05 100
1747377912084 4.414893617021277e-05 110
1747377912084 4.414893617021277e-05 110
1747377919078 4.3617021276595746e-05 120
1747377919078 4.3617021276595746e-05 120
1747377922894 4.3085106382978725e-05 130
1747377922895 4.3085106382978725e-05 130
1747377928270 4.2553191489361704e-05 140
1747377928271 4.2553191489361704e-05 140
1747377933762 4.2021276595744684e-05 150
1747377933763 4.2021276595744684e-05 150
1747377937627 4.148936170212766e-05 160
1747377937628 4.148936170212766e-05 160
1747377941437 4.095744680851064e-05 170
1747377941436 4.095744680851064e-05 170
1747377946824 4.0425531914893614e-05 180
1747377946829 4.0425531914893614e-05 180
1747377954899 3.9893617021276594e-05 190
1747377954900 3.9893617021276594e-05 190
1747377958751 3.936170212765958e-05 200
1747377958751 3.936170212765958e-05 200
1747377964339 3.882978723404255e-05 210
1747377964341 3.882978723404255e-05 210
1747377968285 3.829787234042553e-05 220
1747377968286 3.829787234042553e-05 220
1747377972165 3.776595744680852e-05 230
1747377972166 3.776595744680852e-05 230
1747377977619 3.723404255319149e-05 240
1747377977620 3.723404255319149e-05 240
1747377981368 3.670212765957447e-05 250
1747377981368 3.670212765957447e-05 250
1747377985148 3.617021276595745e-05 260
1747377985148 3.617021276595745e-05 260
1747377989021 3.563829787234043e-05 270
1747377989021 3.563829787234043e-05 270
1747377992773 3.5106382978723407e-05 280
1747377992774 3.5106382978723407e-05 280
1747378002556 3.4574468085106386e-05 290
1747378002557 3.4574468085106386e-05 290
1747378007998 3.4042553191489365e-05 300
1747378007999 3.4042553191489365e-05 300
1747378011824 3.3510638297872344e-05 310
1747378011825 3.3510638297872344e-05 310
1747378015655 3.2978723404255317e-05 320
1747378015655 3.2978723404255317e-05 320
1747378019506 3.2446808510638296e-05 330
1747378019505 3.2446808510638296e-05 330
1747378024985 3.191489361702128e-05 340
1747378024986 3.191489361702128e-05 340
1747378030462 3.1382978723404254e-05 350
1747378030464 3.1382978723404254e-05 350
1747378035903 3.085106382978723e-05 360
1747378035904 3.085106382978723e-05 360
1747378039687 3.0319148936170216e-05 370
1747378039688 3.0319148936170216e-05 370
