1747377864435 0.5836 10
1747377864436 0.5836 10
1747377868170 0.2871 20
1747377868170 0.2871 20
1747377875174 0.1763 30
1747377875174 0.1763 30
1747377878920 0.1031 40
1747377878921 0.1031 40
1747377882700 0.084 50
1747377882700 0.084 50
1747377888102 0.0883 60
1747377888103 0.0883 60
1747377891803 0.0726 70
1747377891803 0.0726 70
1747377895509 0.0535 80
1747377895509 0.0535 80
1747377899262 0.0416 90
1747377899263 0.0416 90
1747377906681 0.0788 100
1747377906696 0.0788 100
1747377912084 0.0306 110
1747377912084 0.0306 110
1747377919078 0.001 120
1747377919078 0.001 120
1747377922894 0.0394 130
1747377922895 0.0394 130
1747377928270 0.0475 140
1747377928271 0.0475 140
1747377933762 0.046 150
1747377933763 0.046 150
1747377937627 0.0889 160
1747377937628 0.0889 160
1747377941437 0.0687 170
1747377941436 0.0687 170
1747377946824 0.0015 180
1747377946829 0.0015 180
1747377954899 0.0266 190
1747377954900 0.0266 190
1747377958751 0.0916 200
1747377958751 0.0916 200
1747377964339 0.0023 210
1747377964341 0.0023 210
1747377968285 0.0468 220
1747377968286 0.0468 220
1747377972165 0.0051 230
1747377972166 0.0051 230
1747377977619 0.0031 240
1747377977620 0.0031 240
1747377981368 0.0003 250
1747377981368 0.0003 250
1747377985148 0.0003 260
1747377985148 0.0003 260
1747377989021 0.0002 270
1747377989021 0.0002 270
1747377992773 0.0002 280
1747377992774 0.0002 280
1747378002556 0.0002 290
1747378002557 0.0002 290
1747378007998 0.0003 300
1747378007999 0.0003 300
1747378011824 0.0155 310
1747378011825 0.0155 310
1747378015655 0.0019 320
1747378015655 0.0019 320
1747378019506 0.0381 330
1747378019505 0.0381 330
1747378024985 0.0002 340
1747378024986 0.0002 340
1747378030462 0.0001 350
1747378030464 0.0001 350
1747378035903 0.0063 360
1747378035904 0.0063 360
1747378039687 0.0001 370
1747378039688 0.0001 370
