1747410473890 0.0228310502283105 10
1747410473891 0.0228310502283105 10
1747410477773 0.045662100456621 20
1747410477774 0.045662100456621 20
1747410481656 0.0684931506849315 30
1747410481656 0.0684931506849315 30
1747410485777 0.091324200913242 40
1747410485780 0.091324200913242 40
1747410491095 0.1141552511415525 50
1747410491095 0.1141552511415525 50
1747410498639 0.136986301369863 60
1747410498641 0.136986301369863 60
1747410502584 0.1598173515981735 70
1747410502584 0.1598173515981735 70
1747410509715 0.182648401826484 80
1747410509715 0.182648401826484 80
1747410513746 0.2054794520547945 90
1747410513746 0.2054794520547945 90
1747410517646 0.228310502283105 100
1747410517646 0.228310502283105 100
1747410521538 0.2511415525114155 110
1747410521539 0.2511415525114155 110
1747410527064 0.273972602739726 120
1747410527064 0.273972602739726 120
1747410532686 0.2968036529680365 130
1747410532688 0.2968036529680365 130
1747410536681 0.319634703196347 140
1747410536681 0.319634703196347 140
1747410540614 0.3424657534246575 150
1747410540614 0.3424657534246575 150
1747410546018 0.365296803652968 160
1747410546031 0.365296803652968 160
1747410551864 0.3881278538812785 170
1747410551864 0.3881278538812785 170
1747410555761 0.410958904109589 180
1747410555762 0.410958904109589 180
1747410559666 0.4337899543378995 190
1747410559667 0.4337899543378995 190
1747410563572 0.45662100456621 200
1747410563572 0.45662100456621 200
1747410567482 0.4794520547945205 210
1747410567483 0.4794520547945205 210
1747410573016 0.502283105022831 220
1747410573016 0.502283105022831 220
1747410576933 0.5251141552511416 230
1747410576933 0.5251141552511416 230
1747410582500 0.547945205479452 240
1747410582500 0.547945205479452 240
1747410588044 0.5707762557077626 250
1747410588045 0.5707762557077626 250
1747410591955 0.593607305936073 260
1747410591955 0.593607305936073 260
1747410595880 0.6164383561643836 270
1747410595880 0.6164383561643836 270
1747410599805 0.639269406392694 280
1747410599806 0.639269406392694 280
1747410603734 0.6621004566210046 290
1747410603734 0.6621004566210046 290
1747410607678 0.684931506849315 300
1747410607678 0.684931506849315 300
1747410611618 0.7077625570776256 310
1747410611618 0.7077625570776256 310
1747410615552 0.730593607305936 320
1747410615552 0.730593607305936 320
1747410619502 0.7534246575342466 330
1747410619503 0.7534246575342466 330
1747410623435 0.776255707762557 340
1747410623435 0.776255707762557 340
1747410627379 0.7990867579908676 350
1747410627380 0.7990867579908676 350
1747410632953 0.821917808219178 360
1747410632953 0.821917808219178 360
1747410636903 0.8447488584474886 370
1747410636904 0.8447488584474886 370
1747410640947 0.867579908675799 380
1747410640947 0.867579908675799 380
1747410644994 0.8904109589041096 390
1747410644995 0.8904109589041096 390
1747410649042 0.91324200913242 400
1747410649042 0.91324200913242 400
1747410653099 0.9360730593607306 410
1747410653100 0.9360730593607306 410
1747410657170 0.958904109589041 420
1747410657171 0.958904109589041 420
1747410661230 0.9817351598173516 430
1747410661231 0.9817351598173516 430
1747410676185 1.0 438
1747410676186 1.0 438
1747410678749 1.004566210045662 440
1747410678750 1.004566210045662 440
1747410682838 1.0273972602739727 450
1747410682839 1.0273972602739727 450
1747410686918 1.0502283105022832 460
1747410686918 1.0502283105022832 460
1747410692667 1.0730593607305936 470
1747410692668 1.0730593607305936 470
1747410696741 1.095890410958904 480
1747410696742 1.095890410958904 480
1747410700818 1.1187214611872145 490
1747410700819 1.1187214611872145 490
1747410704894 1.1415525114155252 500
1747410704895 1.1415525114155252 500
1747410708980 1.1643835616438356 510
1747410708980 1.1643835616438356 510
1747410713058 1.187214611872146 520
1747410713059 1.187214611872146 520
1747410718836 1.2100456621004567 530
1747410718837 1.2100456621004567 530
1747410722914 1.2328767123287672 540
1747410722914 1.2328767123287672 540
1747410726989 1.2557077625570776 550
1747410726989 1.2557077625570776 550
1747410731067 1.278538812785388 560
1747410731067 1.278538812785388 560
1747410735156 1.3013698630136985 570
1747410735157 1.3013698630136985 570
1747410739245 1.3242009132420092 580
1747410739246 1.3242009132420092 580
1747410743334 1.3470319634703196 590
1747410743334 1.3470319634703196 590
1747410747425 1.36986301369863 600
1747410747425 1.36986301369863 600
1747410751523 1.3926940639269407 610
1747410751523 1.3926940639269407 610
1747410755622 1.4155251141552512 620
1747410755623 1.4155251141552512 620
1747410759722 1.4383561643835616 630
1747410759721 1.4383561643835616 630
1747410763850 1.461187214611872 640
1747410763851 1.461187214611872 640
1747410768081 1.4840182648401825 650
1747410768082 1.4840182648401825 650
1747410772326 1.5068493150684932 660
1747410772328 1.5068493150684932 660
1747410776572 1.5296803652968036 670
1747410776573 1.5296803652968036 670
1747410782512 1.5525114155251143 680
1747410782513 1.5525114155251143 680
1747410786757 1.5753424657534247 690
1747410786757 1.5753424657534247 690
1747410790991 1.5981735159817352 700
1747410790992 1.5981735159817352 700
1747410795171 1.6210045662100456 710
1747410795172 1.6210045662100456 710
1747410799322 1.643835616438356 720
1747410799323 1.643835616438356 720
1747410803435 1.6666666666666665 730
1747410803435 1.6666666666666665 730
1747410807567 1.6894977168949772 740
1747410807568 1.6894977168949772 740
1747410811670 1.7123287671232876 750
1747410811670 1.7123287671232876 750
1747410815771 1.7351598173515983 760
1747410815772 1.7351598173515983 760
1747410819856 1.7579908675799087 770
1747410819857 1.7579908675799087 770
1747410823952 1.7808219178082192 780
1747410823953 1.7808219178082192 780
1747410828067 1.8036529680365296 790
1747410828067 1.8036529680365296 790
1747410832165 1.82648401826484 800
1747410832165 1.82648401826484 800
1747410836288 1.8493150684931505 810
1747410836289 1.8493150684931505 810
1747410840398 1.8721461187214612 820
1747410840399 1.8721461187214612 820
1747410846195 1.8949771689497716 830
1747410846195 1.8949771689497716 830
1747410850271 1.9178082191780823 840
1747410850272 1.9178082191780823 840
1747410854350 1.9406392694063928 850
1747410854351 1.9406392694063928 850
1747410858448 1.9634703196347032 860
1747410858449 1.9634703196347032 860
1747410862538 1.9863013698630136 870
1747410862539 1.9863013698630136 870
1747410876760 2.0 876
1747410876760 2.0 876
1747410880131 2.009132420091324 880
1747410880132 2.009132420091324 880
1747410884214 2.0319634703196345 890
1747410884214 2.0319634703196345 890
1747410888292 2.0547945205479454 900
1747410888293 2.0547945205479454 900
1747410892379 2.077625570776256 910
1747410892380 2.077625570776256 910
1747410896494 2.1004566210045663 920
1747410896495 2.1004566210045663 920
1747410900604 2.1232876712328768 930
1747410900604 2.1232876712328768 930
1747410904711 2.146118721461187 940
1747410904712 2.146118721461187 940
1747410908828 2.1689497716894977 950
1747410908829 2.1689497716894977 950
1747410912933 2.191780821917808 960
1747410912934 2.191780821917808 960
1747410917047 2.2146118721461185 970
1747410917048 2.2146118721461185 970
1747410922848 2.237442922374429 980
1747410922848 2.237442922374429 980
1747410927021 2.26027397260274 990
1747410927022 2.26027397260274 990
1747410931182 2.2831050228310503 1000
1747410931183 2.2831050228310503 1000
1747410935452 2.3059360730593608 1010
1747410935453 2.3059360730593608 1010
1747410939678 2.328767123287671 1020
1747410939679 2.328767123287671 1020
1747410943907 2.3515981735159817 1030
1747410943907 2.3515981735159817 1030
1747410949730 2.374429223744292 1040
1747410949731 2.374429223744292 1040
1747410953824 2.3972602739726026 1050
1747410953825 2.3972602739726026 1050
1747410957913 2.4200913242009134 1060
1747410957914 2.4200913242009134 1060
1747410962012 2.442922374429224 1070
1747410962012 2.442922374429224 1070
1747410966099 2.4657534246575343 1080
1747410966100 2.4657534246575343 1080
1747410971830 2.4885844748858448 1090
1747410971831 2.4885844748858448 1090
1747410975936 2.5114155251141552 1100
1747410975937 2.5114155251141552 1100
1747410980048 2.5342465753424657 1110
1747410980049 2.5342465753424657 1110
1747410984137 2.557077625570776 1120
1747410984138 2.557077625570776 1120
1747410988220 2.5799086757990866 1130
1747410988219 2.5799086757990866 1130
1747410992303 2.602739726027397 1140
1747410992304 2.602739726027397 1140
1747410996401 2.625570776255708 1150
1747410996401 2.625570776255708 1150
1747411000490 2.6484018264840183 1160
1747411000491 2.6484018264840183 1160
1747411004584 2.671232876712329 1170
1747411004585 2.671232876712329 1170
1747411008672 2.6940639269406392 1180
1747411008673 2.6940639269406392 1180
1747411012816 2.7168949771689497 1190
1747411012817 2.7168949771689497 1190
1747411016938 2.73972602739726 1200
1747411016939 2.73972602739726 1200
1747411021027 2.762557077625571 1210
1747411021028 2.762557077625571 1210
1747411026758 2.7853881278538815 1220
1747411026758 2.7853881278538815 1220
1747411030795 2.808219178082192 1230
1747411030796 2.808219178082192 1230
1747411034843 2.8310502283105023 1240
1747411034844 2.8310502283105023 1240
1747411038871 2.853881278538813 1250
1747411038872 2.853881278538813 1250
1747411042924 2.8767123287671232 1260
1747411042924 2.8767123287671232 1260
1747411046980 2.8995433789954337 1270
1747411046980 2.8995433789954337 1270
1747411051016 2.922374429223744 1280
1747411051017 2.922374429223744 1280
1747411055057 2.9452054794520546 1290
1747411055057 2.9452054794520546 1290
1747411059075 2.968036529680365 1300
1747411059075 2.968036529680365 1300
1747411063126 2.990867579908676 1310
1747411063126 2.990867579908676 1310
1747411078194 3.0 1314
1747411078207 3.0 1314
1747411082959 3.0136986301369864 1320
1747411082959 3.0136986301369864 1320
1747411088677 3.036529680365297 1330
1747411088677 3.036529680365297 1330
1747411094366 3.0593607305936072 1340
1747411094366 3.0593607305936072 1340
1747411098343 3.0821917808219177 1350
1747411098343 3.0821917808219177 1350
1747411102343 3.105022831050228 1360
1747411102343 3.105022831050228 1360
1747411106343 3.127853881278539 1370
1747411106343 3.127853881278539 1370
1747411110344 3.1506849315068495 1380
1747411110344 3.1506849315068495 1380
1747411114359 3.17351598173516 1390
1747411114360 3.17351598173516 1390
1747411118361 3.1963470319634704 1400
1747411118361 3.1963470319634704 1400
1747411122361 3.219178082191781 1410
1747411122361 3.219178082191781 1410
1747411129701 3.2420091324200913 1420
1747411129702 3.2420091324200913 1420
1747411133693 3.2648401826484017 1430
1747411133694 3.2648401826484017 1430
1747411137744 3.287671232876712 1440
1747411137744 3.287671232876712 1440
1747411141745 3.3105022831050226 1450
1747411141745 3.3105022831050226 1450
1747411145762 3.3333333333333335 1460
1747411145762 3.3333333333333335 1460
1747411149804 3.356164383561644 1470
1747411149806 3.356164383561644 1470
1747411153846 3.3789954337899544 1480
1747411153846 3.3789954337899544 1480
1747411157880 3.401826484018265 1490
1747411157880 3.401826484018265 1490
1747411161930 3.4246575342465753 1500
1747411161930 3.4246575342465753 1500
1747411165997 3.4474885844748857 1510
1747411165997 3.4474885844748857 1510
1747411171797 3.470319634703196 1520
1747411171798 3.470319634703196 1520
1747411175905 3.493150684931507 1530
1747411175906 3.493150684931507 1530
1747411180023 3.5159817351598175 1540
1747411180024 3.5159817351598175 1540
1747411184138 3.538812785388128 1550
1747411184139 3.538812785388128 1550
1747411188251 3.5616438356164384 1560
1747411188252 3.5616438356164384 1560
1747411192365 3.584474885844749 1570
1747411192366 3.584474885844749 1570
1747411196478 3.6073059360730593 1580
1747411196478 3.6073059360730593 1580
1747411200593 3.6301369863013697 1590
1747411200594 3.6301369863013697 1590
1747411204705 3.65296803652968 1600
1747411204706 3.65296803652968 1600
1747411210493 3.6757990867579906 1610
1747411210494 3.6757990867579906 1610
1747411214611 3.6986301369863015 1620
1747411214612 3.6986301369863015 1620
1747411218728 3.721461187214612 1630
1747411218728 3.721461187214612 1630
1747411222807 3.7442922374429224 1640
1747411222808 3.7442922374429224 1640
1747411226939 3.767123287671233 1650
1747411226940 3.767123287671233 1650
1747411231049 3.7899543378995433 1660
1747411231050 3.7899543378995433 1660
1747411236851 3.8127853881278537 1670
1747411236852 3.8127853881278537 1670
1747411240907 3.8356164383561646 1680
1747411240907 3.8356164383561646 1680
1747411244952 3.858447488584475 1690
1747411244952 3.858447488584475 1690
1747411249001 3.8812785388127855 1700
1747411249016 3.8812785388127855 1700
1747411253057 3.904109589041096 1710
1747411253059 3.904109589041096 1710
1747411257083 3.9269406392694064 1720
1747411257083 3.9269406392694064 1720
1747411261117 3.949771689497717 1730
1747411261118 3.949771689497717 1730
1747411265137 3.9726027397260273 1740
1747411265138 3.9726027397260273 1740
1747411269173 3.9954337899543377 1750
1747411269174 3.9954337899543377 1750
1747411281676 4.0 1752
1747411281677 4.0 1752
1747411286619 4.018264840182648 1760
1747411286619 4.018264840182648 1760
1747411290637 4.041095890410959 1770
1747411290637 4.041095890410959 1770
1747411294670 4.063926940639269 1780
1747411294670 4.063926940639269 1780
1747411298702 4.0867579908675795 1790
1747411298702 4.0867579908675795 1790
1747411302737 4.109589041095891 1800
1747411302737 4.109589041095891 1800
1747411308419 4.132420091324201 1810
1747411308419 4.132420091324201 1810
1747411314103 4.155251141552512 1820
1747411314103 4.155251141552512 1820
1747411318189 4.178082191780822 1830
1747411318190 4.178082191780822 1830
1747411322194 4.200913242009133 1840
1747411322194 4.200913242009133 1840
1747411326204 4.223744292237443 1850
1747411326204 4.223744292237443 1850
1747411330259 4.2465753424657535 1860
1747411330259 4.2465753424657535 1860
1747411334365 4.269406392694064 1870
1747411334366 4.269406392694064 1870
1747411338457 4.292237442922374 1880
1747411338458 4.292237442922374 1880
1747411342545 4.315068493150685 1890
1747411342545 4.315068493150685 1890
1747411346647 4.337899543378995 1900
1747411346648 4.337899543378995 1900
1747411350739 4.360730593607306 1910
1747411350740 4.360730593607306 1910
1747411354829 4.383561643835616 1920
1747411354829 4.383561643835616 1920
1747411358918 4.406392694063927 1930
1747411358918 4.406392694063927 1930
1747411363009 4.429223744292237 1940
1747411363010 4.429223744292237 1940
1747411367094 4.4520547945205475 1950
1747411367095 4.4520547945205475 1950
1747411371187 4.474885844748858 1960
1747411371188 4.474885844748858 1960
1747411375291 4.497716894977169 1970
1747411375292 4.497716894977169 1970
1747411379368 4.52054794520548 1980
1747411379368 4.52054794520548 1980
1747411383422 4.54337899543379 1990
1747411383423 4.54337899543379 1990
1747411387453 4.566210045662101 2000
1747411387454 4.566210045662101 2000
1747411391488 4.589041095890411 2010
1747411391489 4.589041095890411 2010
1747411395521 4.6118721461187215 2020
1747411395521 4.6118721461187215 2020
1747411399551 4.634703196347032 2030
1747411399552 4.634703196347032 2030
1747411403583 4.657534246575342 2040
1747411403584 4.657534246575342 2040
1747411407614 4.680365296803653 2050
1747411407615 4.680365296803653 2050
1747411411644 4.703196347031963 2060
1747411411645 4.703196347031963 2060
1747411415673 4.726027397260274 2070
1747411415673 4.726027397260274 2070
1747411419701 4.748858447488584 2080
1747411419702 4.748858447488584 2080
1747411423740 4.771689497716895 2090
1747411423741 4.771689497716895 2090
1747411427784 4.794520547945205 2100
1747411427785 4.794520547945205 2100
1747411431822 4.817351598173516 2110
1747411431823 4.817351598173516 2110
1747411435860 4.840182648401827 2120
1747411435861 4.840182648401827 2120
1747411439907 4.863013698630137 2130
1747411439908 4.863013698630137 2130
1747411443949 4.885844748858448 2140
1747411443950 4.885844748858448 2140
1747411447988 4.908675799086758 2150
1747411447988 4.908675799086758 2150
1747411452024 4.931506849315069 2160
1747411452025 4.931506849315069 2160
1747411457721 4.954337899543379 2170
1747411457722 4.954337899543379 2170
1747411461742 4.9771689497716896 2180
1747411461743 4.9771689497716896 2180
1747411465587 5.0 2190
1747411465588 5.0 2190
1747411477321 5.0 2190
1747411477322 5.0 2190
1747411479038 5.0 2190
1747411479039 5.0 2190
