1747410473890 13.27563190460205 10
1747410473891 13.27563190460205 10
1747410477773 4.33922815322876 20
1747410477774 4.33922815322876 20
1747410481656 2.2000157833099365 30
1747410481656 2.2000157833099365 30
1747410485777 48.19661331176758 40
1747410485780 48.19661331176758 40
1747410491095 1.4630714654922485 50
1747410491095 1.4630714654922485 50
1747410498639 3.5746817588806152 60
1747410498641 3.5746817588806152 60
1747410502584 103.15191650390625 70
1747410502584 103.15191650390625 70
1747410509715 32.803131103515625 80
1747410509715 32.803131103515625 80
1747410513746 22.907194137573242 90
1747410513746 22.907194137573242 90
1747410517646 56.844844818115234 100
1747410517646 56.844844818115234 100
1747410521538 0.20130598545074463 110
1747410521539 0.20130598545074463 110
1747410527064 6.970006465911865 120
1747410527064 6.970006465911865 120
1747410532686 3.173008918762207 130
1747410532688 3.173008918762207 130
1747410536681 0.1731894612312317 140
1747410536681 0.1731894612312317 140
1747410540614 0.07381603121757507 150
1747410540614 0.07381603121757507 150
1747410546018 2.984686851501465 160
1747410546031 2.984686851501465 160
1747410551864 0.14278137683868408 170
1747410551864 0.14278137683868408 170
1747410555761 0.20555691421031952 180
1747410555762 0.20555691421031952 180
1747410559666 0.2369815707206726 190
1747410559667 0.2369815707206726 190
1747410563572 0.26187846064567566 200
1747410563572 0.26187846064567566 200
1747410567482 1.491320013999939 210
1747410567483 1.491320013999939 210
1747410573016 0.12634192407131195 220
1747410573016 0.12634192407131195 220
1747410576933 1.7418988943099976 230
1747410576933 1.7418988943099976 230
1747410582500 3.4329638481140137 240
1747410582500 3.4329638481140137 240
1747410588044 0.7677344083786011 250
1747410588045 0.7677344083786011 250
1747410591955 0.09117089211940765 260
1747410591955 0.09117089211940765 260
1747410595880 0.17746345698833466 270
1747410595880 0.17746345698833466 270
1747410599805 1.6048704385757446 280
1747410599806 1.6048704385757446 280
1747410603734 0.03609330579638481 290
1747410603734 0.03609330579638481 290
1747410607678 0.5282346606254578 300
1747410607678 0.5282346606254578 300
1747410611618 2.897545337677002 310
1747410611618 2.897545337677002 310
1747410615552 0.130197674036026 320
1747410615552 0.130197674036026 320
1747410619502 34.71883773803711 330
1747410619503 34.71883773803711 330
1747410623435 0.29025235772132874 340
1747410623435 0.29025235772132874 340
1747410627379 4.194502353668213 350
1747410627380 4.194502353668213 350
1747410632953 1.968427300453186 360
1747410632953 1.968427300453186 360
1747410636903 2.2176058292388916 370
1747410636904 2.2176058292388916 370
1747410640947 0.13711559772491455 380
1747410640947 0.13711559772491455 380
1747410644994 0.22664187848567963 390
1747410644995 0.22664187848567963 390
1747410649042 15.352132797241211 400
1747410649042 15.352132797241211 400
1747410653099 0.24004638195037842 410
1747410653100 0.24004638195037842 410
1747410657170 0.15143954753875732 420
1747410657171 0.15143954753875732 420
1747410661230 0.03865695372223854 430
1747410661231 0.03865695372223854 430
1747410678749 0.11768651753664017 440
1747410678750 0.11768651753664017 440
1747410682838 0.05733050778508186 450
1747410682839 0.05733050778508186 450
1747410686918 2.921473503112793 460
1747410686918 2.921473503112793 460
1747410692667 0.06578943133354187 470
1747410692668 0.06578943133354187 470
1747410696741 0.05279996991157532 480
1747410696742 0.05279996991157532 480
1747410700818 0.16134102642536163 490
1747410700819 0.16134102642536163 490
1747410704894 0.22530274093151093 500
1747410704895 0.22530274093151093 500
1747410708980 0.0687870904803276 510
1747410708980 0.0687870904803276 510
1747410713058 0.1379322111606598 520
1747410713059 0.1379322111606598 520
1747410718836 0.04084737226366997 530
1747410718837 0.04084737226366997 530
1747410722914 4.023651123046875 540
1747410722914 4.023651123046875 540
1747410726989 0.05319639667868614 550
1747410726989 0.05319639667868614 550
1747410731067 0.06023920327425003 560
1747410731067 0.06023920327425003 560
1747410735156 16.36456298828125 570
1747410735157 16.36456298828125 570
1747410739245 0.07624432444572449 580
1747410739246 0.07624432444572449 580
1747410743334 0.04738524556159973 590
1747410743334 0.04738524556159973 590
1747410747425 0.05118861794471741 600
1747410747425 0.05118861794471741 600
1747410751523 4.6495585441589355 610
1747410751523 4.6495585441589355 610
1747410755622 2.451378583908081 620
1747410755623 2.451378583908081 620
1747410759722 0.1346929669380188 630
1747410759721 0.1346929669380188 630
1747410763850 0.12788178026676178 640
1747410763851 0.12788178026676178 640
1747410768081 3.3710756301879883 650
1747410768082 3.3710756301879883 650
1747410772328 0.14012496173381805 660
1747410772326 0.14012496173381805 660
1747410776572 1.1822386980056763 670
1747410776573 1.1822386980056763 670
1747410782512 6.3319292068481445 680
1747410782513 6.3319292068481445 680
1747410786757 0.02668738178908825 690
1747410786757 0.02668738178908825 690
1747410790991 5.798557281494141 700
1747410790992 5.798557281494141 700
1747410795171 0.03158632665872574 710
1747410795172 0.03158632665872574 710
1747410799322 0.05417482927441597 720
1747410799323 0.05417482927441597 720
1747410803435 0.061772942543029785 730
1747410803435 0.061772942543029785 730
1747410807567 0.09243156760931015 740
1747410807568 0.09243156760931015 740
1747410811670 0.13895049691200256 750
1747410811670 0.13895049691200256 750
1747410815771 1.3498564958572388 760
1747410815772 1.3498564958572388 760
1747410819856 1.1196763515472412 770
1747410819857 1.1196763515472412 770
1747410823952 3.066409111022949 780
1747410823953 3.066409111022949 780
1747410828067 0.07064422965049744 790
1747410828067 0.07064422965049744 790
1747410832165 0.059765249490737915 800
1747410832165 0.059765249490737915 800
1747410836288 1.7628716230392456 810
1747410836289 1.7628716230392456 810
1747410840398 0.048739589750766754 820
1747410840399 0.048739589750766754 820
1747410846195 0.1001325398683548 830
1747410846195 0.1001325398683548 830
1747410850271 0.04690110683441162 840
1747410850272 0.04690110683441162 840
1747410854350 0.033525366336107254 850
1747410854351 0.033525366336107254 850
1747410858448 0.674682080745697 860
1747410858449 0.674682080745697 860
1747410862538 1.652440071105957 870
1747410862539 1.652440071105957 870
1747410880131 0.028075668960809708 880
1747410880132 0.028075668960809708 880
1747410884214 0.03812461346387863 890
1747410884214 0.03812461346387863 890
1747410888292 0.02007169835269451 900
1747410888293 0.02007169835269451 900
1747410892379 0.028426092118024826 910
1747410892380 0.028426092118024826 910
1747410896494 0.03904012590646744 920
1747410896495 0.03904012590646744 920
1747410900604 0.19721755385398865 930
1747410900604 0.19721755385398865 930
1747410904711 0.821285605430603 940
1747410904712 0.821285605430603 940
1747410908828 0.15583941340446472 950
1747410908829 0.15583941340446472 950
1747410912933 1.2192957401275635 960
1747410912934 1.2192957401275635 960
1747410917047 2.6639437675476074 970
1747410917048 2.6639437675476074 970
1747410922848 0.09044159948825836 980
1747410922848 0.09044159948825836 980
1747410927021 0.030033502727746964 990
1747410927022 0.030033502727746964 990
1747410931182 0.03850352019071579 1000
1747410931183 0.03850352019071579 1000
1747410935452 0.052397049963474274 1010
1747410935453 0.052397049963474274 1010
1747410939678 0.04767206311225891 1020
1747410939679 0.04767206311225891 1020
1747410943907 0.06640343368053436 1030
1747410943907 0.06640343368053436 1030
1747410949730 0.061586104333400726 1040
1747410949731 0.061586104333400726 1040
1747410953824 0.06282123178243637 1050
1747410953825 0.06282123178243637 1050
1747410957913 0.061058029532432556 1060
1747410957914 0.061058029532432556 1060
1747410962012 0.08647328615188599 1070
1747410962012 0.08647328615188599 1070
1747410966099 1.5632710456848145 1080
1747410966100 1.5632710456848145 1080
1747410971830 23.309410095214844 1090
1747410971831 23.309410095214844 1090
1747410975936 79.43131256103516 1100
1747410975937 79.43131256103516 1100
1747410980048 0.21180590987205505 1110
1747410980049 0.21180590987205505 1110
1747410984137 0.42847850918769836 1120
1747410984138 0.42847850918769836 1120
1747410988220 0.2311941683292389 1130
1747410988219 0.2311941683292389 1130
1747410992303 0.07099348306655884 1140
1747410992304 0.07099348306655884 1140
1747410996401 0.08583416789770126 1150
1747410996401 0.08583416789770126 1150
1747411000490 0.10716655105352402 1160
1747411000491 0.10716655105352402 1160
1747411004584 0.15263795852661133 1170
1747411004585 0.15263795852661133 1170
1747411008672 0.08730318397283554 1180
1747411008673 0.08730318397283554 1180
1747411012816 0.18512104451656342 1190
1747411012817 0.18512104451656342 1190
1747411016938 0.04438475891947746 1200
1747411016939 0.04438475891947746 1200
1747411021027 0.06399538367986679 1210
1747411021028 0.06399538367986679 1210
1747411026758 0.02541772834956646 1220
1747411026758 0.02541772834956646 1220
1747411030795 0.04949163272976875 1230
1747411030796 0.04949163272976875 1230
1747411034843 0.048335690051317215 1240
1747411034844 0.048335690051317215 1240
1747411038871 0.04672851040959358 1250
1747411038872 0.04672851040959358 1250
1747411042924 0.03387923166155815 1260
1747411042924 0.03387923166155815 1260
1747411046980 0.03151676803827286 1270
1747411046980 0.03151676803827286 1270
1747411051016 0.039344172924757004 1280
1747411051017 0.039344172924757004 1280
1747411055057 0.05517059192061424 1290
1747411055057 0.05517059192061424 1290
1747411059075 0.2069365680217743 1300
1747411059075 0.2069365680217743 1300
1747411063126 0.0783466026186943 1310
1747411063126 0.0783466026186943 1310
1747411082959 0.05338481441140175 1320
1747411082959 0.05338481441140175 1320
1747411088677 1.8323159217834473 1330
1747411088677 1.8323159217834473 1330
1747411094366 0.17053896188735962 1340
1747411094366 0.17053896188735962 1340
1747411098343 1.051063895225525 1350
1747411098343 1.051063895225525 1350
1747411102343 0.13027310371398926 1360
1747411102343 0.13027310371398926 1360
1747411106343 0.07487683743238449 1370
1747411106343 0.07487683743238449 1370
1747411110344 0.11015912145376205 1380
1747411110344 0.11015912145376205 1380
1747411114359 0.05287335813045502 1390
1747411114360 0.05287335813045502 1390
1747411118361 0.04215271398425102 1400
1747411118361 0.04215271398425102 1400
1747411122361 0.04760279133915901 1410
1747411122361 0.04760279133915901 1410
1747411129701 0.03977889195084572 1420
1747411129702 0.03977889195084572 1420
1747411133693 0.020189154893159866 1430
1747411133694 0.020189154893159866 1430
1747411137744 0.03577744588255882 1440
1747411137744 0.03577744588255882 1440
1747411141745 0.04618167504668236 1450
1747411141745 0.04618167504668236 1450
1747411145762 0.04557057097554207 1460
1747411145762 0.04557057097554207 1460
1747411149804 0.03254574164748192 1470
1747411149806 0.03254574164748192 1470
1747411153846 1.6169105768203735 1480
1747411153846 1.6169105768203735 1480
1747411157880 0.2688572108745575 1490
1747411157880 0.2688572108745575 1490
1747411161930 0.08132365345954895 1500
1747411161930 0.08132365345954895 1500
1747411165997 0.06889347732067108 1510
1747411165997 0.06889347732067108 1510
1747411171797 0.036131031811237335 1520
1747411171798 0.036131031811237335 1520
1747411175905 0.02731259912252426 1530
1747411175906 0.02731259912252426 1530
1747411180023 0.025031335651874542 1540
1747411180024 0.025031335651874542 1540
1747411184138 0.033673740923404694 1550
1747411184139 0.033673740923404694 1550
1747411188251 0.06306485831737518 1560
1747411188252 0.06306485831737518 1560
1747411192365 0.08931611478328705 1570
1747411192366 0.08931611478328705 1570
1747411196478 0.546868085861206 1580
1747411196478 0.546868085861206 1580
1747411200593 9.804718971252441 1590
1747411200594 9.804718971252441 1590
1747411204705 1.5083273649215698 1600
1747411204706 1.5083273649215698 1600
1747411210493 0.05913802236318588 1610
1747411210494 0.05913802236318588 1610
1747411214611 0.21362467110157013 1620
1747411214612 0.21362467110157013 1620
1747411218728 0.09921154379844666 1630
1747411218728 0.09921154379844666 1630
1747411222807 0.10998480021953583 1640
1747411222808 0.10998480021953583 1640
1747411226939 0.06722506135702133 1650
1747411226940 0.06722506135702133 1650
1747411231049 0.05665946006774902 1660
1747411231050 0.05665946006774902 1660
1747411236851 0.04873426631093025 1670
1747411236852 0.04873426631093025 1670
1747411240907 255.9320831298828 1680
1747411240907 255.9320831298828 1680
1747411244952 0.021948818117380142 1690
1747411244952 0.021948818117380142 1690
1747411249001 0.045652516186237335 1700
1747411249016 0.045652516186237335 1700
1747411253057 1.587903618812561 1710
1747411253059 1.587903618812561 1710
1747411257083 0.06529945880174637 1720
1747411257083 0.06529945880174637 1720
1747411261117 0.6141334176063538 1730
1747411261118 0.6141334176063538 1730
1747411265137 0.04472627118229866 1740
1747411265138 0.04472627118229866 1740
1747411269173 2.0016047954559326 1750
1747411269174 2.0016047954559326 1750
1747411286619 0.23983429372310638 1760
1747411286619 0.23983429372310638 1760
1747411290637 0.02997754141688347 1770
1747411290637 0.02997754141688347 1770
1747411294670 0.11684934049844742 1780
1747411294670 0.11684934049844742 1780
1747411298702 0.04412183538079262 1790
1747411298702 0.04412183538079262 1790
1747411302737 0.14358392357826233 1800
1747411302737 0.14358392357826233 1800
1747411308419 0.053257446736097336 1810
1747411308419 0.053257446736097336 1810
1747411314103 0.047620683908462524 1820
1747411314103 0.047620683908462524 1820
1747411318189 0.030711809173226357 1830
1747411318190 0.030711809173226357 1830
1747411322194 0.032346710562705994 1840
1747411322194 0.032346710562705994 1840
1747411326204 0.0958484560251236 1850
1747411326204 0.0958484560251236 1850
1747411330259 0.13236336410045624 1860
1747411330259 0.13236336410045624 1860
1747411334365 0.07788266986608505 1870
1747411334366 0.07788266986608505 1870
1747411338457 0.07697317749261856 1880
1747411338458 0.07697317749261856 1880
1747411342545 0.06006011739373207 1890
1747411342545 0.06006011739373207 1890
1747411346647 0.046673960983753204 1900
1747411346648 0.046673960983753204 1900
1747411350739 0.039218101650476456 1910
1747411350740 0.039218101650476456 1910
1747411354829 0.050452206283807755 1920
1747411354829 0.050452206283807755 1920
1747411358918 3.873283863067627 1930
1747411358918 3.873283863067627 1930
1747411363009 0.027937687933444977 1940
1747411363010 0.027937687933444977 1940
1747411367094 0.03862611576914787 1950
1747411367095 0.03862611576914787 1950
1747411371187 0.03858023136854172 1960
1747411371188 0.03858023136854172 1960
1747411375291 0.04266135394573212 1970
1747411375292 0.04266135394573212 1970
1747411379368 2.073061227798462 1980
1747411379368 2.073061227798462 1980
1747411383422 0.1357971727848053 1990
1747411383423 0.1357971727848053 1990
1747411387453 0.06691788136959076 2000
1747411387454 0.06691788136959076 2000
1747411391488 0.05789504200220108 2010
1747411391489 0.05789504200220108 2010
1747411395521 0.04552570730447769 2020
1747411395521 0.04552570730447769 2020
1747411399551 1.4958915710449219 2030
1747411399552 1.4958915710449219 2030
1747411403583 1.8498859405517578 2040
1747411403584 1.8498859405517578 2040
1747411407614 0.6210159659385681 2050
1747411407615 0.6210159659385681 2050
1747411411644 1.0831127166748047 2060
1747411411645 1.0831127166748047 2060
1747411415673 3.3605659008026123 2070
1747411415673 3.3605659008026123 2070
1747411419701 132.12734985351562 2080
1747411419702 132.12734985351562 2080
1747411423740 3.562406301498413 2090
1747411423741 3.562406301498413 2090
1747411427784 0.09818153828382492 2100
1747411427785 0.09818153828382492 2100
1747411431822 1.5439285039901733 2110
1747411431823 1.5439285039901733 2110
1747411435860 0.27574893832206726 2120
1747411435861 0.27574893832206726 2120
1747411439907 0.2083166539669037 2130
1747411439908 0.2083166539669037 2130
1747411443949 0.06410634517669678 2140
1747411443950 0.06410634517669678 2140
1747411447988 0.04223695769906044 2150
1747411447988 0.04223695769906044 2150
1747411452024 0.03741960600018501 2160
1747411452025 0.03741960600018501 2160
1747411457721 0.042842309921979904 2170
1747411457722 0.042842309921979904 2170
1747411461742 0.08879770338535309 2180
1747411461743 0.08879770338535309 2180
1747411465587 0.09049390256404877 2190
1747411465588 0.09049390256404877 2190
