1747410473890 4.988584474885845e-05 10
1747410473891 4.988584474885845e-05 10
1747410477773 4.977168949771689e-05 20
1747410477774 4.977168949771689e-05 20
1747410481656 4.9657534246575346e-05 30
1747410481656 4.9657534246575346e-05 30
1747410485777 4.9543378995433794e-05 40
1747410485780 4.9543378995433794e-05 40
1747410491095 4.942922374429224e-05 50
1747410491095 4.942922374429224e-05 50
1747410498639 4.9315068493150684e-05 60
1747410498641 4.9315068493150684e-05 60
1747410502584 4.920091324200913e-05 70
1747410502584 4.920091324200913e-05 70
1747410509715 4.908675799086758e-05 80
1747410509715 4.908675799086758e-05 80
1747410513746 4.8972602739726034e-05 90
1747410513746 4.8972602739726034e-05 90
1747410517646 4.8858447488584476e-05 100
1747410517646 4.8858447488584476e-05 100
1747410521538 4.8744292237442924e-05 110
1747410521539 4.8744292237442924e-05 110
1747410527064 4.863013698630137e-05 120
1747410527064 4.863013698630137e-05 120
1747410532686 4.851598173515982e-05 130
1747410532688 4.851598173515982e-05 130
1747410536681 4.840182648401827e-05 140
1747410536681 4.840182648401827e-05 140
1747410540614 4.8287671232876716e-05 150
1747410540614 4.8287671232876716e-05 150
1747410546018 4.8173515981735164e-05 160
1747410546031 4.8173515981735164e-05 160
1747410551864 4.805936073059361e-05 170
1747410551864 4.805936073059361e-05 170
1747410555761 4.794520547945205e-05 180
1747410555762 4.794520547945205e-05 180
1747410559666 4.78310502283105e-05 190
1747410559667 4.78310502283105e-05 190
1747410563572 4.7716894977168955e-05 200
1747410563572 4.7716894977168955e-05 200
1747410567482 4.7602739726027403e-05 210
1747410567483 4.7602739726027403e-05 210
1747410573016 4.7488584474885845e-05 220
1747410573016 4.7488584474885845e-05 220
1747410576933 4.737442922374429e-05 230
1747410576933 4.737442922374429e-05 230
1747410582500 4.726027397260274e-05 240
1747410582500 4.726027397260274e-05 240
1747410588044 4.714611872146119e-05 250
1747410588045 4.714611872146119e-05 250
1747410591955 4.703196347031964e-05 260
1747410591955 4.703196347031964e-05 260
1747410595880 4.6917808219178085e-05 270
1747410595880 4.6917808219178085e-05 270
1747410599805 4.680365296803653e-05 280
1747410599806 4.680365296803653e-05 280
1747410603734 4.668949771689498e-05 290
1747410603734 4.668949771689498e-05 290
1747410607678 4.657534246575342e-05 300
1747410607678 4.657534246575342e-05 300
1747410611618 4.646118721461187e-05 310
1747410611618 4.646118721461187e-05 310
1747410615552 4.6347031963470325e-05 320
1747410615552 4.6347031963470325e-05 320
1747410619502 4.623287671232877e-05 330
1747410619503 4.623287671232877e-05 330
1747410623435 4.6118721461187214e-05 340
1747410623435 4.6118721461187214e-05 340
1747410627379 4.600456621004566e-05 350
1747410627380 4.600456621004566e-05 350
1747410632953 4.589041095890411e-05 360
1747410632953 4.589041095890411e-05 360
1747410636903 4.577625570776256e-05 370
1747410636904 4.577625570776256e-05 370
1747410640947 4.5662100456621006e-05 380
1747410640947 4.5662100456621006e-05 380
1747410644994 4.5547945205479454e-05 390
1747410644995 4.5547945205479454e-05 390
1747410649042 4.54337899543379e-05 400
1747410649042 4.54337899543379e-05 400
1747410653099 4.531963470319635e-05 410
1747410653100 4.531963470319635e-05 410
1747410657170 4.520547945205479e-05 420
1747410657171 4.520547945205479e-05 420
1747410661230 4.5091324200913246e-05 430
1747410661231 4.5091324200913246e-05 430
1747410678749 4.4977168949771694e-05 440
1747410678750 4.4977168949771694e-05 440
1747410682838 4.486301369863014e-05 450
1747410682839 4.486301369863014e-05 450
1747410686918 4.474885844748858e-05 460
1747410686918 4.474885844748858e-05 460
1747410692667 4.463470319634703e-05 470
1747410692668 4.463470319634703e-05 470
1747410696741 4.452054794520548e-05 480
1747410696742 4.452054794520548e-05 480
1747410700818 4.4406392694063934e-05 490
1747410700819 4.4406392694063934e-05 490
1747410704894 4.4292237442922375e-05 500
1747410704895 4.4292237442922375e-05 500
1747410708980 4.417808219178082e-05 510
1747410708980 4.417808219178082e-05 510
1747410713058 4.406392694063927e-05 520
1747410713059 4.406392694063927e-05 520
1747410718836 4.394977168949772e-05 530
1747410718837 4.394977168949772e-05 530
1747410722914 4.383561643835617e-05 540
1747410722914 4.383561643835617e-05 540
1747410726989 4.3721461187214615e-05 550
1747410726989 4.3721461187214615e-05 550
1747410731067 4.360730593607306e-05 560
1747410731067 4.360730593607306e-05 560
1747410735156 4.349315068493151e-05 570
1747410735157 4.349315068493151e-05 570
1747410739245 4.337899543378995e-05 580
1747410739246 4.337899543378995e-05 580
1747410743334 4.32648401826484e-05 590
1747410743334 4.32648401826484e-05 590
1747410747425 4.3150684931506855e-05 600
1747410747425 4.3150684931506855e-05 600
1747410751523 4.30365296803653e-05 610
1747410751523 4.30365296803653e-05 610
1747410755622 4.2922374429223744e-05 620
1747410755623 4.2922374429223744e-05 620
1747410759722 4.280821917808219e-05 630
1747410759721 4.280821917808219e-05 630
1747410763850 4.269406392694064e-05 640
1747410763851 4.269406392694064e-05 640
1747410768081 4.257990867579909e-05 650
1747410768082 4.257990867579909e-05 650
1747410772326 4.2465753424657536e-05 660
1747410772328 4.2465753424657536e-05 660
1747410776572 4.2351598173515984e-05 670
1747410776573 4.2351598173515984e-05 670
1747410782512 4.223744292237443e-05 680
1747410782513 4.223744292237443e-05 680
1747410786757 4.212328767123288e-05 690
1747410786757 4.212328767123288e-05 690
1747410790991 4.200913242009132e-05 700
1747410790992 4.200913242009132e-05 700
1747410795171 4.1894977168949776e-05 710
1747410795172 4.1894977168949776e-05 710
1747410799322 4.1780821917808224e-05 720
1747410799323 4.1780821917808224e-05 720
1747410803435 4.166666666666667e-05 730
1747410803435 4.166666666666667e-05 730
1747410807567 4.155251141552511e-05 740
1747410807568 4.155251141552511e-05 740
1747410811670 4.143835616438356e-05 750
1747410811670 4.143835616438356e-05 750
1747410815771 4.132420091324201e-05 760
1747410815772 4.132420091324201e-05 760
1747410819856 4.121004566210046e-05 770
1747410819857 4.121004566210046e-05 770
1747410823952 4.1095890410958905e-05 780
1747410823953 4.1095890410958905e-05 780
1747410828067 4.098173515981735e-05 790
1747410828067 4.098173515981735e-05 790
1747410832165 4.08675799086758e-05 800
1747410832165 4.08675799086758e-05 800
1747410836288 4.075342465753425e-05 810
1747410836289 4.075342465753425e-05 810
1747410840398 4.063926940639269e-05 820
1747410840399 4.063926940639269e-05 820
1747410846195 4.0525114155251145e-05 830
1747410846195 4.0525114155251145e-05 830
1747410850271 4.041095890410959e-05 840
1747410850272 4.041095890410959e-05 840
1747410854350 4.029680365296804e-05 850
1747410854351 4.029680365296804e-05 850
1747410858448 4.018264840182648e-05 860
1747410858449 4.018264840182648e-05 860
1747410862538 4.006849315068493e-05 870
1747410862539 4.006849315068493e-05 870
1747410880131 3.995433789954338e-05 880
1747410880132 3.995433789954338e-05 880
1747410884214 3.984018264840183e-05 890
1747410884214 3.984018264840183e-05 890
1747410888292 3.9726027397260274e-05 900
1747410888293 3.9726027397260274e-05 900
1747410892379 3.961187214611872e-05 910
1747410892380 3.961187214611872e-05 910
1747410896494 3.949771689497717e-05 920
1747410896495 3.949771689497717e-05 920
1747410900604 3.938356164383562e-05 930
1747410900604 3.938356164383562e-05 930
1747410904711 3.9269406392694066e-05 940
1747410904712 3.9269406392694066e-05 940
1747410908828 3.9155251141552514e-05 950
1747410908829 3.9155251141552514e-05 950
1747410912933 3.904109589041096e-05 960
1747410912934 3.904109589041096e-05 960
1747410917047 3.892694063926941e-05 970
1747410917048 3.892694063926941e-05 970
1747410922848 3.881278538812785e-05 980
1747410922848 3.881278538812785e-05 980
1747410927021 3.86986301369863e-05 990
1747410927022 3.86986301369863e-05 990
1747410931182 3.8584474885844754e-05 1000
1747410931183 3.8584474885844754e-05 1000
1747410935452 3.84703196347032e-05 1010
1747410935453 3.84703196347032e-05 1010
1747410939678 3.8356164383561644e-05 1020
1747410939679 3.8356164383561644e-05 1020
1747410943907 3.824200913242009e-05 1030
1747410943907 3.824200913242009e-05 1030
1747410949730 3.812785388127854e-05 1040
1747410949731 3.812785388127854e-05 1040
1747410953824 3.801369863013699e-05 1050
1747410953825 3.801369863013699e-05 1050
1747410957913 3.7899543378995436e-05 1060
1747410957914 3.7899543378995436e-05 1060
1747410962012 3.7785388127853884e-05 1070
1747410962012 3.7785388127853884e-05 1070
1747410966099 3.767123287671233e-05 1080
1747410966100 3.767123287671233e-05 1080
1747410971830 3.755707762557078e-05 1090
1747410971831 3.755707762557078e-05 1090
1747410975936 3.744292237442922e-05 1100
1747410975937 3.744292237442922e-05 1100
1747410980048 3.7328767123287675e-05 1110
1747410980049 3.7328767123287675e-05 1110
1747410984137 3.7214611872146123e-05 1120
1747410984138 3.7214611872146123e-05 1120
1747410988220 3.710045662100457e-05 1130
1747410988219 3.710045662100457e-05 1130
1747410992303 3.698630136986301e-05 1140
1747410992304 3.698630136986301e-05 1140
1747410996401 3.687214611872146e-05 1150
1747410996401 3.687214611872146e-05 1150
1747411000490 3.675799086757991e-05 1160
1747411000491 3.675799086757991e-05 1160
1747411004584 3.664383561643836e-05 1170
1747411004585 3.664383561643836e-05 1170
1747411008672 3.6529680365296805e-05 1180
1747411008673 3.6529680365296805e-05 1180
1747411012816 3.641552511415525e-05 1190
1747411012817 3.641552511415525e-05 1190
1747411016938 3.63013698630137e-05 1200
1747411016939 3.63013698630137e-05 1200
1747411021027 3.618721461187215e-05 1210
1747411021028 3.618721461187215e-05 1210
1747411026758 3.60730593607306e-05 1220
1747411026758 3.60730593607306e-05 1220
1747411030795 3.5958904109589045e-05 1230
1747411030796 3.5958904109589045e-05 1230
1747411034843 3.584474885844749e-05 1240
1747411034844 3.584474885844749e-05 1240
1747411038871 3.573059360730594e-05 1250
1747411038872 3.573059360730594e-05 1250
1747411042924 3.561643835616438e-05 1260
1747411042924 3.561643835616438e-05 1260
1747411046980 3.550228310502283e-05 1270
1747411046980 3.550228310502283e-05 1270
1747411051016 3.538812785388128e-05 1280
1747411051017 3.538812785388128e-05 1280
1747411055057 3.527397260273973e-05 1290
1747411055057 3.527397260273973e-05 1290
1747411059075 3.5159817351598174e-05 1300
1747411059075 3.5159817351598174e-05 1300
1747411063126 3.504566210045662e-05 1310
1747411063126 3.504566210045662e-05 1310
1747411082959 3.493150684931507e-05 1320
1747411082959 3.493150684931507e-05 1320
1747411088677 3.481735159817352e-05 1330
1747411088677 3.481735159817352e-05 1330
1747411094366 3.4703196347031966e-05 1340
1747411094366 3.4703196347031966e-05 1340
1747411098343 3.4589041095890414e-05 1350
1747411098343 3.4589041095890414e-05 1350
1747411102343 3.447488584474886e-05 1360
1747411102343 3.447488584474886e-05 1360
1747411106343 3.436073059360731e-05 1370
1747411106343 3.436073059360731e-05 1370
1747411110344 3.424657534246575e-05 1380
1747411110344 3.424657534246575e-05 1380
1747411114359 3.41324200913242e-05 1390
1747411114360 3.41324200913242e-05 1390
1747411118361 3.4018264840182654e-05 1400
1747411118361 3.4018264840182654e-05 1400
1747411122361 3.39041095890411e-05 1410
1747411122361 3.39041095890411e-05 1410
1747411129701 3.378995433789954e-05 1420
1747411129702 3.378995433789954e-05 1420
1747411133693 3.367579908675799e-05 1430
1747411133694 3.367579908675799e-05 1430
1747411137744 3.356164383561644e-05 1440
1747411137744 3.356164383561644e-05 1440
1747411141745 3.344748858447489e-05 1450
1747411141745 3.344748858447489e-05 1450
1747411145762 3.3333333333333335e-05 1460
1747411145762 3.3333333333333335e-05 1460
1747411149804 3.321917808219178e-05 1470
1747411149806 3.321917808219178e-05 1470
1747411153846 3.310502283105023e-05 1480
1747411153846 3.310502283105023e-05 1480
1747411157880 3.299086757990868e-05 1490
1747411157880 3.299086757990868e-05 1490
1747411161930 3.287671232876712e-05 1500
1747411161930 3.287671232876712e-05 1500
1747411165997 3.2762557077625575e-05 1510
1747411165997 3.2762557077625575e-05 1510
1747411171797 3.264840182648402e-05 1520
1747411171798 3.264840182648402e-05 1520
1747411175905 3.253424657534247e-05 1530
1747411175906 3.253424657534247e-05 1530
1747411180023 3.242009132420091e-05 1540
1747411180024 3.242009132420091e-05 1540
1747411184138 3.230593607305936e-05 1550
1747411184139 3.230593607305936e-05 1550
1747411188251 3.219178082191781e-05 1560
1747411188252 3.219178082191781e-05 1560
1747411192365 3.207762557077626e-05 1570
1747411192366 3.207762557077626e-05 1570
1747411196478 3.1963470319634704e-05 1580
1747411196478 3.1963470319634704e-05 1580
1747411200593 3.184931506849315e-05 1590
1747411200594 3.184931506849315e-05 1590
1747411204705 3.17351598173516e-05 1600
1747411204706 3.17351598173516e-05 1600
1747411210493 3.162100456621005e-05 1610
1747411210494 3.162100456621005e-05 1610
1747411214611 3.1506849315068496e-05 1620
1747411214612 3.1506849315068496e-05 1620
1747411218728 3.1392694063926944e-05 1630
1747411218728 3.1392694063926944e-05 1630
1747411222807 3.127853881278539e-05 1640
1747411222808 3.127853881278539e-05 1640
1747411226939 3.116438356164384e-05 1650
1747411226940 3.116438356164384e-05 1650
1747411231049 3.105022831050228e-05 1660
1747411231050 3.105022831050228e-05 1660
1747411236851 3.093607305936073e-05 1670
1747411236852 3.093607305936073e-05 1670
1747411240907 3.082191780821918e-05 1680
1747411240907 3.082191780821918e-05 1680
1747411244952 3.070776255707763e-05 1690
1747411244952 3.070776255707763e-05 1690
1747411249001 3.059360730593607e-05 1700
1747411249016 3.059360730593607e-05 1700
1747411253057 3.047945205479452e-05 1710
1747411253059 3.047945205479452e-05 1710
1747411257083 3.036529680365297e-05 1720
1747411257083 3.036529680365297e-05 1720
1747411261117 3.025114155251142e-05 1730
1747411261118 3.025114155251142e-05 1730
1747411265137 3.0136986301369862e-05 1740
1747411265138 3.0136986301369862e-05 1740
1747411269173 3.0022831050228313e-05 1750
1747411269174 3.0022831050228313e-05 1750
1747411286619 2.990867579908676e-05 1760
1747411286619 2.990867579908676e-05 1760
1747411290637 2.979452054794521e-05 1770
1747411290637 2.979452054794521e-05 1770
1747411294670 2.9680365296803654e-05 1780
1747411294670 2.9680365296803654e-05 1780
1747411298702 2.9566210045662102e-05 1790
1747411298702 2.9566210045662102e-05 1790
1747411302737 2.945205479452055e-05 1800
1747411302737 2.945205479452055e-05 1800
1747411308419 2.9337899543378998e-05 1810
1747411308419 2.9337899543378998e-05 1810
1747411314103 2.9223744292237442e-05 1820
1747411314103 2.9223744292237442e-05 1820
1747411318189 2.910958904109589e-05 1830
1747411318190 2.910958904109589e-05 1830
1747411322194 2.8995433789954342e-05 1840
1747411322194 2.8995433789954342e-05 1840
1747411326204 2.888127853881279e-05 1850
1747411326204 2.888127853881279e-05 1850
1747411330259 2.8767123287671234e-05 1860
1747411330259 2.8767123287671234e-05 1860
1747411334365 2.8652968036529682e-05 1870
1747411334366 2.8652968036529682e-05 1870
1747411338457 2.853881278538813e-05 1880
1747411338458 2.853881278538813e-05 1880
1747411342545 2.842465753424658e-05 1890
1747411342545 2.842465753424658e-05 1890
1747411346647 2.8310502283105023e-05 1900
1747411346648 2.8310502283105023e-05 1900
1747411350739 2.819634703196347e-05 1910
1747411350740 2.819634703196347e-05 1910
1747411354829 2.808219178082192e-05 1920
1747411354829 2.808219178082192e-05 1920
1747411358918 2.796803652968037e-05 1930
1747411358918 2.796803652968037e-05 1930
1747411363009 2.785388127853881e-05 1940
1747411363010 2.785388127853881e-05 1940
1747411367094 2.7739726027397263e-05 1950
1747411367095 2.7739726027397263e-05 1950
1747411371187 2.762557077625571e-05 1960
1747411371188 2.762557077625571e-05 1960
1747411375291 2.751141552511416e-05 1970
1747411375292 2.751141552511416e-05 1970
1747411379368 2.7397260273972603e-05 1980
1747411379368 2.7397260273972603e-05 1980
1747411383422 2.728310502283105e-05 1990
1747411383423 2.728310502283105e-05 1990
1747411387453 2.71689497716895e-05 2000
1747411387454 2.71689497716895e-05 2000
1747411391488 2.7054794520547947e-05 2010
1747411391489 2.7054794520547947e-05 2010
1747411395521 2.6940639269406392e-05 2020
1747411395521 2.6940639269406392e-05 2020
1747411399551 2.682648401826484e-05 2030
1747411399552 2.682648401826484e-05 2030
1747411403583 2.671232876712329e-05 2040
1747411403584 2.671232876712329e-05 2040
1747411407614 2.659817351598174e-05 2050
1747411407615 2.659817351598174e-05 2050
1747411411644 2.6484018264840184e-05 2060
1747411411645 2.6484018264840184e-05 2060
1747411415673 2.6369863013698632e-05 2070
1747411415673 2.6369863013698632e-05 2070
1747411419701 2.625570776255708e-05 2080
1747411419702 2.625570776255708e-05 2080
1747411423740 2.6141552511415528e-05 2090
1747411423741 2.6141552511415528e-05 2090
1747411427784 2.6027397260273973e-05 2100
1747411427785 2.6027397260273973e-05 2100
1747411431822 2.591324200913242e-05 2110
1747411431823 2.591324200913242e-05 2110
1747411435860 2.579908675799087e-05 2120
1747411435861 2.579908675799087e-05 2120
1747411439907 2.568493150684932e-05 2130
1747411439908 2.568493150684932e-05 2130
1747411443949 2.557077625570776e-05 2140
1747411443950 2.557077625570776e-05 2140
1747411447988 2.5456621004566213e-05 2150
1747411447988 2.5456621004566213e-05 2150
1747411452024 2.534246575342466e-05 2160
1747411452025 2.534246575342466e-05 2160
1747411457721 2.522831050228311e-05 2170
1747411457722 2.522831050228311e-05 2170
1747411461742 2.5114155251141553e-05 2180
1747411461743 2.5114155251141553e-05 2180
1747411465587 2.5e-05 2190
1747411465588 2.5e-05 2190
