1747410473890 0.5722 10
1747410473891 0.5722 10
1747410477773 0.4117 20
1747410477774 0.4117 20
1747410481656 0.3071 30
1747410481656 0.3071 30
1747410485777 0.1183 40
1747410485780 0.1183 40
1747410491095 0.2705 50
1747410491095 0.2705 50
1747410498639 0.345 60
1747410498641 0.345 60
1747410502584 0.2185 70
1747410502584 0.2185 70
1747410509715 0.2299 80
1747410509715 0.2299 80
1747410513746 0.1522 90
1747410513746 0.1522 90
1747410517646 0.0407 100
1747410517646 0.0407 100
1747410521538 0.1186 110
1747410521539 0.1186 110
1747410527064 0.1846 120
1747410527064 0.1846 120
1747410532686 0.2868 130
1747410532688 0.2868 130
1747410536681 0.0673 140
1747410536681 0.0673 140
1747410540614 0.1118 150
1747410540614 0.1118 150
1747410546018 0.1944 160
1747410546031 0.1944 160
1747410551864 0.0688 170
1747410551864 0.0688 170
1747410555761 0.1677 180
1747410555762 0.1677 180
1747410559666 0.1915 190
1747410559667 0.1915 190
1747410563572 0.1522 200
1747410563572 0.1522 200
1747410567482 0.0932 210
1747410567483 0.0932 210
1747410573016 0.0798 220
1747410573016 0.0798 220
1747410576933 0.2891 230
1747410576933 0.2891 230
1747410582500 0.4955 240
1747410582500 0.4955 240
1747410588044 0.2491 250
1747410588045 0.2491 250
1747410591955 0.1555 260
1747410591955 0.1555 260
1747410595880 0.0749 270
1747410595880 0.0749 270
1747410599805 0.2155 280
1747410599806 0.2155 280
1747410603734 0.0335 290
1747410603734 0.0335 290
1747410607678 0.1629 300
1747410607678 0.1629 300
1747410611618 0.16 310
1747410611618 0.16 310
1747410615552 0.0295 320
1747410615552 0.0295 320
1747410619502 0.251 330
1747410619503 0.251 330
1747410623435 0.1143 340
1747410623435 0.1143 340
1747410627379 0.3116 350
1747410627380 0.3116 350
1747410632953 0.3578 360
1747410632953 0.3578 360
1747410636903 0.0964 370
1747410636904 0.0964 370
1747410640947 0.0749 380
1747410640947 0.0749 380
1747410644994 0.09 390
1747410644995 0.09 390
1747410649042 0.1348 400
1747410649042 0.1348 400
1747410653099 0.0767 410
1747410653100 0.0767 410
1747410657170 0.0532 420
1747410657171 0.0532 420
1747410661230 0.1275 430
1747410661231 0.1275 430
1747410678749 0.0884 440
1747410678750 0.0884 440
1747410682838 0.0701 450
1747410682839 0.0701 450
1747410686918 0.069 460
1747410686918 0.069 460
1747410692667 0.0135 470
1747410692668 0.0135 470
1747410696741 0.1164 480
1747410696742 0.1164 480
1747410700818 0.0401 490
1747410700819 0.0401 490
1747410704894 0.1124 500
1747410704895 0.1124 500
1747410708980 0.097 510
1747410708980 0.097 510
1747410713058 0.0077 520
1747410713059 0.0077 520
1747410718836 0.1192 530
1747410718837 0.1192 530
1747410722914 0.2085 540
1747410722914 0.2085 540
1747410726989 0.0255 550
1747410726989 0.0255 550
1747410731067 0.0581 560
1747410731067 0.0581 560
1747410735156 0.0997 570
1747410735157 0.0997 570
1747410739245 0.071 580
1747410739246 0.071 580
1747410743334 0.0346 590
1747410747425 0.0351 600
1747410747425 0.0351 600
1747410751523 0.1287 610
1747410751523 0.1287 610
1747410755622 0.0863 620
1747410755623 0.0863 620
1747410759722 0.0797 630
1747410759721 0.0797 630
1747410763850 0.0726 640
1747410763851 0.0726 640
1747410768081 0.1116 650
1747410768082 0.1116 650
1747410772326 0.0343 660
1747410772328 0.0343 660
1747410776572 0.1239 670
1747410776573 0.1239 670
1747410782512 0.0824 680
1747410782513 0.0824 680
1747410786757 0.025 690
1747410786757 0.025 690
1747410790991 0.0123 700
1747410790992 0.0123 700
1747410795171 0.0897 710
1747410795172 0.0897 710
1747410799322 0.1356 720
1747410799323 0.1356 720
1747410803435 0.0747 730
1747410803435 0.0747 730
1747410807567 0.1182 740
1747410807568 0.1182 740
1747410811670 0.0765 750
1747410811670 0.0765 750
1747410815771 0.1308 760
1747410815772 0.1308 760
1747410819856 0.1073 770
1747410819857 0.1073 770
1747410823952 0.1157 780
1747410823953 0.1157 780
1747410828067 0.1215 790
1747410828067 0.1215 790
1747410832165 0.0083 800
1747410832165 0.0083 800
1747410836288 0.0412 810
1747410836289 0.0412 810
1747410840398 0.0344 820
1747410840399 0.0344 820
1747410846195 0.0461 830
1747410846195 0.0461 830
1747410850271 0.0312 840
1747410850272 0.0312 840
1747410854350 0.0019 850
1747410854351 0.0019 850
1747410858448 0.025 860
1747410858449 0.025 860
1747410862538 0.0588 870
1747410862539 0.0588 870
1747410880131 0.0049 880
1747410880132 0.0049 880
1747410884214 0.0063 890
1747410884214 0.0063 890
1747410888292 0.0035 900
1747410888293 0.0035 900
1747410892379 0.0536 910
1747410892380 0.0536 910
1747410896494 0.0852 920
1747410896495 0.0852 920
1747410900604 0.094 930
1747410900604 0.094 930
1747410904711 0.1229 940
1747410904712 0.1229 940
1747410908828 0.1209 950
1747410908829 0.1209 950
1747410912933 0.1025 960
1747410912934 0.1025 960
1747410917047 0.1418 970
1747410917048 0.1418 970
1747410922848 0.0116 980
1747410922848 0.0116 980
1747410927021 0.0415 990
1747410927022 0.0415 990
1747410931182 0.0435 1000
1747410931183 0.0435 1000
1747410935452 0.0855 1010
1747410935453 0.0855 1010
1747410939678 0.0604 1020
1747410939679 0.0604 1020
1747410943907 0.0653 1030
1747410943907 0.0653 1030
1747410949730 0.0431 1040
1747410949731 0.0431 1040
1747410953824 0.0432 1050
1747410953825 0.0432 1050
1747410957913 0.0395 1060
1747410957914 0.0395 1060
1747410962012 0.027 1070
1747410962012 0.027 1070
1747410966099 0.0801 1080
1747410966100 0.0801 1080
1747410971830 0.0757 1090
1747410971831 0.0757 1090
1747410975936 0.0436 1100
1747410975937 0.0436 1100
1747410980048 0.0717 1110
1747410980049 0.0717 1110
1747410984137 0.037 1120
1747410984138 0.037 1120
1747410988220 0.0843 1130
1747410988219 0.0843 1130
1747410992303 0.0391 1140
1747410992304 0.0391 1140
1747410996401 0.0776 1150
1747410996401 0.0776 1150
1747411000490 0.0687 1160
1747411000491 0.0687 1160
1747411004584 0.0685 1170
1747411004585 0.0685 1170
1747411008672 0.0052 1180
1747411008673 0.0052 1180
1747411012816 0.091 1190
1747411012817 0.091 1190
1747411016938 0.0027 1200
1747411016939 0.0027 1200
1747411021027 0.0017 1210
1747411021028 0.0017 1210
1747411026758 0.0442 1220
1747411026758 0.0442 1220
1747411030795 0.0465 1230
1747411030796 0.0465 1230
1747411034843 0.0457 1240
1747411034844 0.0457 1240
1747411038871 0.0048 1250
1747411038872 0.0048 1250
1747411042924 0.0019 1260
1747411042924 0.0019 1260
1747411046980 0.0799 1270
1747411046980 0.0799 1270
1747411051016 0.0405 1280
1747411051017 0.0405 1280
1747411055057 0.1478 1290
1747411055057 0.1478 1290
1747411059075 0.0651 1300
1747411059075 0.0651 1300
1747411063126 0.0059 1310
1747411063126 0.0059 1310
1747411082959 0.0121 1320
1747411082959 0.0121 1320
1747411088677 0.0825 1330
1747411088677 0.0825 1330
1747411094366 0.1145 1340
1747411094366 0.1145 1340
1747411098343 0.0393 1350
1747411098343 0.0393 1350
1747411102343 0.0799 1360
1747411102343 0.0799 1360
1747411106343 0.0162 1370
1747411106343 0.0162 1370
1747411110344 0.0427 1380
1747411110344 0.0427 1380
1747411114359 0.0054 1390
1747411114360 0.0054 1390
1747411118361 0.0559 1400
1747411118361 0.0559 1400
1747411122361 0.0581 1410
1747411122361 0.0581 1410
1747411129701 0.0019 1420
1747411129702 0.0019 1420
1747411133693 0.0015 1430
1747411133694 0.0015 1430
1747411137744 0.0489 1440
1747411137744 0.0489 1440
1747411141745 0.0393 1450
1747411141745 0.0393 1450
1747411145762 0.0022 1460
1747411145762 0.0022 1460
1747411149804 0.0021 1470
1747411149806 0.0021 1470
1747411153846 0.1904 1480
1747411153846 0.1904 1480
1747411157880 0.0245 1490
1747411157880 0.0245 1490
1747411161930 0.0541 1500
1747411161930 0.0541 1500
1747411165997 0.0214 1510
1747411165997 0.0214 1510
1747411171797 0.0022 1520
1747411171798 0.0022 1520
1747411175905 0.0166 1530
1747411175906 0.0166 1530
1747411180023 0.0168 1540
1747411180024 0.0168 1540
1747411184138 0.1596 1550
1747411184139 0.1596 1550
1747411188251 0.0192 1560
1747411188252 0.0192 1560
1747411192365 0.0749 1570
1747411192366 0.0749 1570
1747411196478 0.0235 1580
1747411196478 0.0235 1580
1747411200593 0.0655 1590
1747411200594 0.0655 1590
1747411204705 0.0464 1600
1747411204706 0.0464 1600
1747411210493 0.0471 1610
1747411210494 0.0471 1610
1747411214611 0.0581 1620
1747411214612 0.0581 1620
1747411218728 0.0726 1630
1747411218728 0.0726 1630
1747411222807 0.0105 1640
1747411222808 0.0105 1640
1747411226939 0.006 1650
1747411226940 0.006 1650
1747411231049 0.038 1660
1747411231050 0.038 1660
1747411236851 0.0058 1670
1747411236852 0.0058 1670
1747411240907 0.0088 1680
1747411240907 0.0088 1680
1747411244952 0.0513 1690
1747411244952 0.0513 1690
1747411249001 0.0371 1700
1747411249016 0.0371 1700
1747411253057 0.037 1710
1747411253059 0.037 1710
1747411257083 0.0453 1720
1747411257083 0.0453 1720
1747411261117 0.0904 1730
1747411261118 0.0904 1730
1747411265137 0.0055 1740
1747411265138 0.0055 1740
1747411269173 0.0489 1750
1747411269174 0.0489 1750
1747411286619 0.0536 1760
1747411286619 0.0536 1760
1747411290637 0.0679 1770
1747411290637 0.0679 1770
1747411294670 0.093 1780
1747411294670 0.093 1780
1747411298702 0.0126 1790
1747411298702 0.0126 1790
1747411302737 0.0803 1800
1747411302737 0.0803 1800
1747411308419 0.0206 1810
1747411308419 0.0206 1810
1747411314103 0.0035 1820
1747411314103 0.0035 1820
1747411318189 0.0163 1830
1747411318190 0.0163 1830
1747411322194 0.1648 1840
1747411322194 0.1648 1840
1747411326204 0.0689 1850
1747411326204 0.0689 1850
1747411330259 0.0627 1860
1747411330259 0.0627 1860
1747411334365 0.0148 1870
1747411334366 0.0148 1870
1747411338457 0.05 1880
1747411338458 0.05 1880
1747411342545 0.0092 1890
1747411342545 0.0092 1890
1747411346647 0.0134 1900
1747411346648 0.0134 1900
1747411350739 0.1197 1910
1747411350740 0.1197 1910
1747411354829 0.0046 1920
1747411354829 0.0046 1920
1747411358918 0.0587 1930
1747411358918 0.0587 1930
1747411363009 0.0118 1940
1747411363010 0.0118 1940
1747411367094 0.1109 1950
1747411367095 0.1109 1950
1747411371187 0.0538 1960
1747411371188 0.0538 1960
1747411375291 0.0781 1970
1747411375292 0.0781 1970
1747411379368 0.0753 1980
1747411379368 0.0753 1980
1747411383422 0.0047 1990
1747411383423 0.0047 1990
1747411387453 0.0036 2000
1747411387454 0.0036 2000
1747411391488 0.0375 2010
1747411391489 0.0375 2010
1747411395521 0.014 2020
1747411395521 0.014 2020
1747411399551 0.4171 2030
1747411399552 0.4171 2030
1747411403583 0.4466 2040
1747411403584 0.4466 2040
1747411407614 0.3825 2050
1747411407615 0.3825 2050
1747411411644 0.1638 2060
1747411411645 0.1638 2060
1747411415673 0.1126 2070
1747411415673 0.1126 2070
1747411419701 0.2216 2080
1747411419702 0.2216 2080
1747411423740 0.066 2090
1747411423741 0.066 2090
1747411427784 0.0067 2100
1747411427785 0.0067 2100
1747411431822 0.0742 2110
1747411431823 0.0742 2110
1747411435860 0.1617 2120
1747411435861 0.1617 2120
1747411439907 0.0382 2130
1747411439908 0.0382 2130
1747411443949 0.033 2140
1747411443950 0.033 2140
1747411447988 0.0026 2150
1747411447988 0.0026 2150
1747411452024 0.0421 2160
1747411452025 0.0421 2160
1747411457721 0.0021 2170
1747411457722 0.0021 2170
1747411461742 0.1125 2180
1747411461743 0.1125 2180
1747411465587 0.004 2190
1747411465588 0.004 2190
