1747386763879 0.22727272727272727 10
1747386763879 0.22727272727272727 10
1747386769275 0.45454545454545453 20
1747386769275 0.45454545454545453 20
1747386776255 0.6818181818181818 30
1747386776255 0.6818181818181818 30
1747386781662 0.9090909090909091 40
1747386781662 0.9090909090909091 40
1747386784129 1.0 44
1747386784129 1.0 44
1747386788708 1.1363636363636362 50
1747386788708 1.1363636363636362 50
1747386795155 1.3636363636363638 60
1747386795155 1.3636363636363638 60
1747386800590 1.5909090909090908 70
1747386800590 1.5909090909090908 70
1747386804407 1.8181818181818183 80
1747386804407 1.8181818181818183 80
1747386808453 2.0 88
1747386808453 2.0 88
1747386810553 2.0454545454545454 90
1747386810555 2.0454545454545454 90
1747386816060 2.2727272727272725 100
1747386816060 2.2727272727272725 100
1747386819953 2.5 110
1747386819953 2.5 110
1747386823888 2.7272727272727275 120
1747386823890 2.7272727272727275 120
1747386827761 2.9545454545454546 130
1747386827761 2.9545454545454546 130
1747386829509 3.0 132
1747386829509 3.0 132
1747386834175 3.1818181818181817 140
1747386834175 3.1818181818181817 140
1747386838063 3.409090909090909 150
1747386838064 3.409090909090909 150
1747386842088 3.6363636363636362 160
1747386842089 3.6363636363636362 160
1747386846099 3.8636363636363638 170
1747386846099 3.8636363636363638 170
1747386849523 4.0 176
1747386849523 4.0 176
1747386852826 4.090909090909091 180
1747386852826 4.090909090909091 180
1747386858347 4.318181818181818 190
1747386858347 4.318181818181818 190
1747386862190 4.545454545454545 200
1747386862190 4.545454545454545 200
1747386866050 4.7727272727272725 210
1747386866050 4.7727272727272725 210
1747386869741 5.0 220
1747386869741 5.0 220
1747386870903 5.0 220
1747386870903 5.0 220
1747386877762 5.2272727272727275 230
1747386877762 5.2272727272727275 230
1747386881712 5.454545454545454 240
1747386881712 5.454545454545454 240
1747386885648 5.681818181818182 250
1747386885648 5.681818181818182 250
1747386889540 5.909090909090909 260
1747386889542 5.909090909090909 260
1747386892096 6.0 264
1747386892096 6.0 264
1747386893500 6.0 264
1747386893500 6.0 264
