1747386763879 9.761833190917969 10
1747386763879 9.761833190917969 10
1747386769275 7.748566627502441 20
1747386769275 7.748566627502441 20
1747386776255 9.720396041870117 30
1747386776255 9.720396041870117 30
1747386781662 7.367847442626953 40
1747386781662 7.367847442626953 40
1747386788708 4.607223033905029 50
1747386788708 4.607223033905029 50
1747386795155 3.2807724475860596 60
1747386795155 3.2807724475860596 60
1747386800590 15.436241149902344 70
1747386800590 15.436241149902344 70
1747386804407 12.566107749938965 80
1747386804407 12.566107749938965 80
1747386810553 10.322309494018555 90
1747386810555 10.322309494018555 90
1747386816060 16.50625991821289 100
1747386816060 16.50625991821289 100
1747386819953 0.8579729199409485 110
1747386819953 0.8579729199409485 110
1747386823888 4.6950273513793945 120
1747386823890 4.6950273513793945 120
1747386827761 10.454413414001465 130
1747386827761 10.454413414001465 130
1747386834175 17.882526397705078 140
1747386834175 17.882526397705078 140
1747386838063 1.0147552490234375 150
1747386838064 1.0147552490234375 150
1747386842088 0.4723101854324341 160
1747386842089 0.4723101854324341 160
1747386846099 16.35503387451172 170
1747386846099 16.35503387451172 170
1747386852826 0.3605632483959198 180
1747386852826 0.3605632483959198 180
1747386858347 2.720964193344116 190
1747386858347 2.720964193344116 190
1747386862190 34.72237014770508 200
1747386862190 34.72237014770508 200
1747386866050 0.427085280418396 210
1747386866050 0.427085280418396 210
1747386869741 0.19274142384529114 220
1747386869741 0.19274142384529114 220
1747386877762 0.3032572865486145 230
1747386877762 0.3032572865486145 230
1747386881712 0.9240608215332031 240
1747386881712 0.9240608215332031 240
1747386885648 0.15554098784923553 250
1747386885648 0.15554098784923553 250
1747386889540 0.13348910212516785 260
1747386889542 0.13348910212516785 260
