1747386763879 4.886363636363637e-05 10
1747386763879 4.886363636363637e-05 10
1747386769275 4.772727272727273e-05 20
1747386769275 4.772727272727273e-05 20
1747386776255 4.659090909090909e-05 30
1747386776255 4.659090909090909e-05 30
1747386781662 4.545454545454546e-05 40
1747386781662 4.545454545454546e-05 40
1747386788708 4.431818181818182e-05 50
1747386788708 4.431818181818182e-05 50
1747386795155 4.318181818181819e-05 60
1747386795155 4.318181818181819e-05 60
1747386800590 4.204545454545455e-05 70
1747386800590 4.204545454545455e-05 70
1747386804407 4.0909090909090915e-05 80
1747386804407 4.0909090909090915e-05 80
1747386810553 3.9772727272727275e-05 90
1747386810555 3.9772727272727275e-05 90
1747386816060 3.8636363636363636e-05 100
1747386816060 3.8636363636363636e-05 100
1747386819953 3.7500000000000003e-05 110
1747386819953 3.7500000000000003e-05 110
1747386823888 3.6363636363636364e-05 120
1747386823890 3.6363636363636364e-05 120
1747386827761 3.522727272727273e-05 130
1747386827761 3.522727272727273e-05 130
1747386834175 3.409090909090909e-05 140
1747386834175 3.409090909090909e-05 140
1747386838063 3.295454545454545e-05 150
1747386838064 3.295454545454545e-05 150
1747386842088 3.181818181818182e-05 160
1747386842089 3.181818181818182e-05 160
1747386846099 3.068181818181818e-05 170
1747386846099 3.068181818181818e-05 170
1747386852826 2.954545454545455e-05 180
1747386852826 2.954545454545455e-05 180
1747386858347 2.8409090909090912e-05 190
1747386858347 2.8409090909090912e-05 190
1747386862190 2.7272727272727273e-05 200
1747386862190 2.7272727272727273e-05 200
1747386866050 2.6136363636363637e-05 210
1747386866050 2.6136363636363637e-05 210
1747386869741 2.5e-05 220
1747386869741 2.5e-05 220
1747386877762 2.3863636363636365e-05 230
1747386877762 2.3863636363636365e-05 230
1747386881712 2.272727272727273e-05 240
1747386881712 2.272727272727273e-05 240
1747386885648 2.1590909090909093e-05 250
1747386885648 2.1590909090909093e-05 250
1747386889540 2.0454545454545457e-05 260
1747386889542 2.0454545454545457e-05 260
