1747386763879 0.648 10
1747386763879 0.648 10
1747386769275 0.3895 20
1747386769275 0.3895 20
1747386776255 0.2937 30
1747386776255 0.2937 30
1747386781662 0.3914 40
1747386781662 0.3914 40
1747386788708 0.2743 50
1747386788708 0.2743 50
1747386795155 0.4595 60
1747386795155 0.4595 60
1747386800590 0.2275 70
1747386800590 0.2275 70
1747386804407 0.3681 80
1747386804407 0.3681 80
1747386810553 0.328 90
1747386810555 0.328 90
1747386816060 0.2842 100
1747386816060 0.2842 100
1747386819953 0.254 110
1747386819953 0.254 110
1747386823888 0.2131 120
1747386823890 0.2131 120
1747386827761 0.2624 130
1747386827761 0.2624 130
1747386834175 0.1417 140
1747386834175 0.1417 140
1747386838063 0.1799 150
1747386838064 0.1799 150
1747386842088 0.2012 160
1747386842089 0.2012 160
1747386846099 0.21 170
1747386846099 0.21 170
1747386852826 0.1187 180
1747386852826 0.1187 180
1747386858347 0.1083 190
1747386858347 0.1083 190
1747386862190 0.2183 200
1747386862190 0.2183 200
1747386866050 0.0951 210
1747386866050 0.0951 210
1747386869741 0.0769 220
1747386869741 0.0769 220
1747386877762 0.042 230
1747386877762 0.042 230
1747386881712 0.0232 240
1747386881712 0.0232 240
1747386885648 0.0822 250
1747386885648 0.0822 250
1747386889540 0.0595 260
1747386889542 0.0595 260
