1747422123169 0.0228310502283105 10
1747422123169 0.0228310502283105 10
1747422128011 0.045662100456621 20
1747422128011 0.045662100456621 20
1747422132943 0.0684931506849315 30
1747422132943 0.0684931506849315 30
1747422137563 0.091324200913242 40
1747422137564 0.091324200913242 40
1747422141911 0.1141552511415525 50
1747422141911 0.1141552511415525 50
1747422146416 0.136986301369863 60
1747422146429 0.136986301369863 60
1747422150977 0.1598173515981735 70
1747422150977 0.1598173515981735 70
1747422155625 0.182648401826484 80
1747422155625 0.182648401826484 80
1747422163715 0.2054794520547945 90
1747422163716 0.2054794520547945 90
1747422170248 0.228310502283105 100
1747422170262 0.228310502283105 100
1747422174692 0.2511415525114155 110
1747422174694 0.2511415525114155 110
1747422178942 0.273972602739726 120
1747422178943 0.273972602739726 120
1747422183146 0.2968036529680365 130
1747422183146 0.2968036529680365 130
1747422187363 0.319634703196347 140
1747422187363 0.319634703196347 140
1747422191580 0.3424657534246575 150
1747422191580 0.3424657534246575 150
1747422195814 0.365296803652968 160
1747422195814 0.365296803652968 160
1747422200054 0.3881278538812785 170
1747422200055 0.3881278538812785 170
1747422204306 0.410958904109589 180
1747422204307 0.410958904109589 180
1747422208531 0.4337899543378995 190
1747422208531 0.4337899543378995 190
1747422212790 0.45662100456621 200
1747422212791 0.45662100456621 200
1747422217015 0.4794520547945205 210
1747422217015 0.4794520547945205 210
1747422221246 0.502283105022831 220
1747422221247 0.502283105022831 220
1747422225499 0.5251141552511416 230
1747422225499 0.5251141552511416 230
1747422229799 0.547945205479452 240
1747422229799 0.547945205479452 240
1747422234111 0.5707762557077626 250
1747422234112 0.5707762557077626 250
1747422238366 0.593607305936073 260
1747422238367 0.593607305936073 260
1747422244233 0.6164383561643836 270
1747422244233 0.6164383561643836 270
1747422248649 0.639269406392694 280
1747422248651 0.639269406392694 280
1747422254843 0.6621004566210046 290
1747422254844 0.6621004566210046 290
1747422259269 0.684931506849315 300
1747422259270 0.684931506849315 300
1747422263701 0.7077625570776256 310
1747422263701 0.7077625570776256 310
1747422268183 0.730593607305936 320
1747422268198 0.730593607305936 320
1747422272721 0.7534246575342466 330
1747422272722 0.7534246575342466 330
1747422277067 0.776255707762557 340
1747422277068 0.776255707762557 340
1747422281504 0.7990867579908676 350
1747422281505 0.7990867579908676 350
1747422285805 0.821917808219178 360
1747422285806 0.821917808219178 360
1747422290270 0.8447488584474886 370
1747422290271 0.8447488584474886 370
1747422294643 0.867579908675799 380
1747422294644 0.867579908675799 380
1747422299096 0.8904109589041096 390
1747422299097 0.8904109589041096 390
1747422303535 0.91324200913242 400
1747422303536 0.91324200913242 400
1747422307957 0.9360730593607306 410
1747422307958 0.9360730593607306 410
1747422312391 0.958904109589041 420
1747422312392 0.958904109589041 420
1747422316786 0.9817351598173516 430
1747422316786 0.9817351598173516 430
1747422332430 1.0 438
1747422332431 1.0 438
1747422335948 1.004566210045662 440
1747422335949 1.004566210045662 440
1747422340371 1.0273972602739727 450
1747422340371 1.0273972602739727 450
1747422344817 1.0502283105022832 460
1747422344818 1.0502283105022832 460
1747422349273 1.0730593607305936 470
1747422349274 1.0730593607305936 470
1747422353680 1.095890410958904 480
1747422353680 1.095890410958904 480
1747422358060 1.1187214611872145 490
1747422358061 1.1187214611872145 490
1747422362422 1.1415525114155252 500
1747422362422 1.1415525114155252 500
1747422367057 1.1643835616438356 510
1747422367057 1.1643835616438356 510
1747422371573 1.187214611872146 520
1747422371573 1.187214611872146 520
1747422375924 1.2100456621004567 530
1747422375924 1.2100456621004567 530
1747422380325 1.2328767123287672 540
1747422380325 1.2328767123287672 540
1747422384685 1.2557077625570776 550
1747422384685 1.2557077625570776 550
1747422389105 1.278538812785388 560
1747422389106 1.278538812785388 560
1747422393524 1.3013698630136985 570
1747422393524 1.3013698630136985 570
1747422397927 1.3242009132420092 580
1747422397928 1.3242009132420092 580
1747422402330 1.3470319634703196 590
1747422402330 1.3470319634703196 590
1747422406691 1.36986301369863 600
1747422406691 1.36986301369863 600
1747422411052 1.3926940639269407 610
1747422411053 1.3926940639269407 610
1747422415502 1.4155251141552512 620
1747422415503 1.4155251141552512 620
1747422419925 1.4383561643835616 630
1747422419926 1.4383561643835616 630
1747422424374 1.461187214611872 640
1747422424375 1.461187214611872 640
1747422428761 1.4840182648401825 650
1747422428761 1.4840182648401825 650
1747422433181 1.5068493150684932 660
1747422433182 1.5068493150684932 660
1747422437614 1.5296803652968036 670
1747422437614 1.5296803652968036 670
1747422442002 1.5525114155251143 680
1747422442002 1.5525114155251143 680
1747422446325 1.5753424657534247 690
1747422446331 1.5753424657534247 690
1747422450674 1.5981735159817352 700
1747422450676 1.5981735159817352 700
1747422455010 1.6210045662100456 710
1747422455010 1.6210045662100456 710
1747422459361 1.643835616438356 720
1747422459361 1.643835616438356 720
1747422463761 1.6666666666666665 730
1747422463761 1.6666666666666665 730
1747422468161 1.6894977168949772 740
1747422468161 1.6894977168949772 740
1747422472595 1.7123287671232876 750
1747422472595 1.7123287671232876 750
1747422477103 1.7351598173515983 760
1747422477103 1.7351598173515983 760
1747422481544 1.7579908675799087 770
1747422481544 1.7579908675799087 770
1747422485961 1.7808219178082192 780
1747422485962 1.7808219178082192 780
1747422490344 1.8036529680365296 790
1747422490344 1.8036529680365296 790
1747422494776 1.82648401826484 800
1747422494778 1.82648401826484 800
1747422499196 1.8493150684931505 810
1747422499196 1.8493150684931505 810
1747422503584 1.8721461187214612 820
1747422503585 1.8721461187214612 820
1747422508010 1.8949771689497716 830
1747422508011 1.8949771689497716 830
1747422512426 1.9178082191780823 840
1747422512425 1.9178082191780823 840
1747422516884 1.9406392694063928 850
1747422516886 1.9406392694063928 850
1747422521349 1.9634703196347032 860
1747422521350 1.9634703196347032 860
1747422525908 1.9863013698630136 870
1747422525909 1.9863013698630136 870
1747422540587 2.0 876
1747422540588 2.0 876
1747422544758 2.009132420091324 880
1747422544759 2.009132420091324 880
1747422549099 2.0319634703196345 890
1747422549099 2.0319634703196345 890
1747422553479 2.0547945205479454 900
1747422553479 2.0547945205479454 900
1747422557853 2.077625570776256 910
1747422557854 2.077625570776256 910
1747422562299 2.1004566210045663 920
1747422562299 2.1004566210045663 920
1747422566794 2.1232876712328768 930
1747422566795 2.1232876712328768 930
1747422571261 2.146118721461187 940
1747422571263 2.146118721461187 940
1747422575802 2.1689497716894977 950
1747422575803 2.1689497716894977 950
1747422580367 2.191780821917808 960
1747422580368 2.191780821917808 960
1747422584935 2.2146118721461185 970
1747422584935 2.2146118721461185 970
1747422589342 2.237442922374429 980
1747422589343 2.237442922374429 980
1747422593827 2.26027397260274 990
1747422593828 2.26027397260274 990
1747422598279 2.2831050228310503 1000
1747422598280 2.2831050228310503 1000
1747422602776 2.3059360730593608 1010
1747422602777 2.3059360730593608 1010
1747422607246 2.328767123287671 1020
1747422607247 2.328767123287671 1020
1747422611700 2.3515981735159817 1030
1747422611701 2.3515981735159817 1030
1747422616151 2.374429223744292 1040
1747422616152 2.374429223744292 1040
1747422620620 2.3972602739726026 1050
1747422620621 2.3972602739726026 1050
1747422625087 2.4200913242009134 1060
1747422625088 2.4200913242009134 1060
1747422629572 2.442922374429224 1070
1747422629573 2.442922374429224 1070
1747422634047 2.4657534246575343 1080
1747422634048 2.4657534246575343 1080
1747422638527 2.4885844748858448 1090
1747422638528 2.4885844748858448 1090
1747422643026 2.5114155251141552 1100
1747422643027 2.5114155251141552 1100
1747422647496 2.5342465753424657 1110
1747422647497 2.5342465753424657 1110
1747422651979 2.557077625570776 1120
1747422651978 2.557077625570776 1120
1747422656432 2.5799086757990866 1130
1747422656433 2.5799086757990866 1130
1747422660890 2.602739726027397 1140
1747422660891 2.602739726027397 1140
1747422665414 2.625570776255708 1150
1747422665415 2.625570776255708 1150
1747422669888 2.6484018264840183 1160
1747422669889 2.6484018264840183 1160
1747422674364 2.671232876712329 1170
1747422674365 2.671232876712329 1170
1747422678829 2.6940639269406392 1180
1747422678829 2.6940639269406392 1180
1747422683308 2.7168949771689497 1190
1747422683309 2.7168949771689497 1190
1747422687810 2.73972602739726 1200
1747422687811 2.73972602739726 1200
1747422692336 2.762557077625571 1210
1747422692337 2.762557077625571 1210
1747422696808 2.7853881278538815 1220
1747422696809 2.7853881278538815 1220
1747422701237 2.808219178082192 1230
1747422701238 2.808219178082192 1230
1747422705670 2.8310502283105023 1240
1747422705671 2.8310502283105023 1240
1747422710096 2.853881278538813 1250
1747422710096 2.853881278538813 1250
1747422714554 2.8767123287671232 1260
1747422714555 2.8767123287671232 1260
1747422719015 2.8995433789954337 1270
1747422719015 2.8995433789954337 1270
1747422723477 2.922374429223744 1280
1747422723477 2.922374429223744 1280
1747422727930 2.9452054794520546 1290
1747422727931 2.9452054794520546 1290
1747422732460 2.968036529680365 1300
1747422732461 2.968036529680365 1300
1747422739322 2.990867579908676 1310
1747422739323 2.990867579908676 1310
1747422753992 3.0 1314
1747422753993 3.0 1314
1747422759218 3.0136986301369864 1320
1747422759219 3.0136986301369864 1320
1747422763683 3.036529680365297 1330
1747422763683 3.036529680365297 1330
1747422768164 3.0593607305936072 1340
1747422768164 3.0593607305936072 1340
1747422772660 3.0821917808219177 1350
1747422772661 3.0821917808219177 1350
1747422777289 3.105022831050228 1360
1747422777290 3.105022831050228 1360
1747422781890 3.127853881278539 1370
1747422781892 3.127853881278539 1370
1747422786670 3.1506849315068495 1380
1747422786671 3.1506849315068495 1380
1747422791024 3.17351598173516 1390
1747422791025 3.17351598173516 1390
1747422795532 3.1963470319634704 1400
1747422795532 3.1963470319634704 1400
1747422800032 3.219178082191781 1410
1747422800033 3.219178082191781 1410
1747422804512 3.2420091324200913 1420
1747422804512 3.2420091324200913 1420
1747422808895 3.2648401826484017 1430
1747422808895 3.2648401826484017 1430
1747422813403 3.287671232876712 1440
1747422813404 3.287671232876712 1440
1747422817939 3.3105022831050226 1450
1747422817940 3.3105022831050226 1450
1747422822411 3.3333333333333335 1460
1747422822412 3.3333333333333335 1460
1747422826906 3.356164383561644 1470
1747422826907 3.356164383561644 1470
1747422831437 3.3789954337899544 1480
1747422831437 3.3789954337899544 1480
1747422835923 3.401826484018265 1490
1747422835923 3.401826484018265 1490
1747422840459 3.4246575342465753 1500
1747422840458 3.4246575342465753 1500
1747422845060 3.4474885844748857 1510
1747422845060 3.4474885844748857 1510
1747422849582 3.470319634703196 1520
1747422849583 3.470319634703196 1520
1747422854291 3.493150684931507 1530
1747422854291 3.493150684931507 1530
1747422858773 3.5159817351598175 1540
1747422858774 3.5159817351598175 1540
1747422863231 3.538812785388128 1550
1747422863232 3.538812785388128 1550
1747422867700 3.5616438356164384 1560
1747422867701 3.5616438356164384 1560
1747422872190 3.584474885844749 1570
1747422872191 3.584474885844749 1570
1747422876710 3.6073059360730593 1580
1747422876711 3.6073059360730593 1580
1747422881198 3.6301369863013697 1590
1747422881199 3.6301369863013697 1590
1747422885657 3.65296803652968 1600
1747422885658 3.65296803652968 1600
1747422890134 3.6757990867579906 1610
1747422890134 3.6757990867579906 1610
1747422894600 3.6986301369863015 1620
1747422894601 3.6986301369863015 1620
1747422899280 3.721461187214612 1630
1747422899281 3.721461187214612 1630
1747422903739 3.7442922374429224 1640
1747422903739 3.7442922374429224 1640
1747422908183 3.767123287671233 1650
1747422908184 3.767123287671233 1650
1747422912689 3.7899543378995433 1660
1747422912690 3.7899543378995433 1660
1747422917310 3.8127853881278537 1670
1747422917311 3.8127853881278537 1670
1747422921760 3.8356164383561646 1680
1747422921761 3.8356164383561646 1680
1747422926480 3.858447488584475 1690
1747422926481 3.858447488584475 1690
1747422931048 3.8812785388127855 1700
1747422931047 3.8812785388127855 1700
1747422935647 3.904109589041096 1710
1747422935648 3.904109589041096 1710
1747422940365 3.9269406392694064 1720
1747422940367 3.9269406392694064 1720
1747422944907 3.949771689497717 1730
1747422944908 3.949771689497717 1730
1747422949418 3.9726027397260273 1740
1747422949417 3.9726027397260273 1740
1747422953874 3.9954337899543377 1750
1747422953875 3.9954337899543377 1750
1747422967360 4.0 1752
1747422967360 4.0 1752
1747422973454 4.018264840182648 1760
1747422973454 4.018264840182648 1760
1747422979554 4.041095890410959 1770
1747422979554 4.041095890410959 1770
1747422984003 4.063926940639269 1780
1747422984003 4.063926940639269 1780
1747422988402 4.0867579908675795 1790
1747422988403 4.0867579908675795 1790
1747422992820 4.109589041095891 1800
1747422992821 4.109589041095891 1800
1747422997321 4.132420091324201 1810
1747422997321 4.132420091324201 1810
1747423001754 4.155251141552512 1820
1747423001755 4.155251141552512 1820
1747423006285 4.178082191780822 1830
1747423006286 4.178082191780822 1830
1747423010762 4.200913242009133 1840
1747423010763 4.200913242009133 1840
1747423015240 4.223744292237443 1850
1747423015241 4.223744292237443 1850
1747423019884 4.2465753424657535 1860
1747423019883 4.2465753424657535 1860
1747423024362 4.269406392694064 1870
1747423024363 4.269406392694064 1870
1747423028853 4.292237442922374 1880
1747423028854 4.292237442922374 1880
1747423033338 4.315068493150685 1890
1747423033339 4.315068493150685 1890
1747423037813 4.337899543378995 1900
1747423037814 4.337899543378995 1900
1747423042325 4.360730593607306 1910
1747423042326 4.360730593607306 1910
1747423046832 4.383561643835616 1920
1747423046833 4.383561643835616 1920
1747423051297 4.406392694063927 1930
1747423051298 4.406392694063927 1930
1747423055797 4.429223744292237 1940
1747423055798 4.429223744292237 1940
1747423060267 4.4520547945205475 1950
1747423060268 4.4520547945205475 1950
1747423064732 4.474885844748858 1960
1747423064733 4.474885844748858 1960
1747423069234 4.497716894977169 1970
1747423069235 4.497716894977169 1970
1747423073725 4.52054794520548 1980
1747423073726 4.52054794520548 1980
1747423078236 4.54337899543379 1990
1747423078237 4.54337899543379 1990
1747423082723 4.566210045662101 2000
1747423082724 4.566210045662101 2000
1747423087318 4.589041095890411 2010
1747423087319 4.589041095890411 2010
1747423091899 4.6118721461187215 2020
1747423091900 4.6118721461187215 2020
1747423096570 4.634703196347032 2030
1747423096571 4.634703196347032 2030
1747423101020 4.657534246575342 2040
1747423101021 4.657534246575342 2040
1747423105443 4.680365296803653 2050
1747423105444 4.680365296803653 2050
1747423109924 4.703196347031963 2060
1747423109925 4.703196347031963 2060
1747423114395 4.726027397260274 2070
1747423114396 4.726027397260274 2070
1747423118885 4.748858447488584 2080
1747423118885 4.748858447488584 2080
1747423123374 4.771689497716895 2090
1747423123375 4.771689497716895 2090
1747423127844 4.794520547945205 2100
1747423127845 4.794520547945205 2100
1747423132336 4.817351598173516 2110
1747423132337 4.817351598173516 2110
1747423136968 4.840182648401827 2120
1747423136970 4.840182648401827 2120
1747423141564 4.863013698630137 2130
1747423141565 4.863013698630137 2130
1747423146070 4.885844748858448 2140
1747423146072 4.885844748858448 2140
1747423150706 4.908675799086758 2150
1747423150707 4.908675799086758 2150
1747423155223 4.931506849315069 2160
1747423155224 4.931506849315069 2160
1747423159738 4.954337899543379 2170
1747423159739 4.954337899543379 2170
1747423164240 4.9771689497716896 2180
1747423164241 4.9771689497716896 2180
1747423168541 5.0 2190
1747423168542 5.0 2190
1747423181329 5.0 2190
1747423181331 5.0 2190
1747423184023 5.0 2190
1747423184023 5.0 2190
