1747422123169 13.751385688781738 10
1747422123169 13.751385688781738 10
1747422128011 40.59430694580078 20
1747422128011 40.59430694580078 20
1747422132943 3.7678866386413574 30
1747422132943 3.7678866386413574 30
1747422137563 11.360179901123047 40
1747422137564 11.360179901123047 40
1747422141911 14.215428352355957 50
1747422141911 14.215428352355957 50
1747422146416 5.756601810455322 60
1747422146429 5.756601810455322 60
1747422150977 6.677860736846924 70
1747422150977 6.677860736846924 70
1747422155625 42.774898529052734 80
1747422155625 42.774898529052734 80
1747422163715 6.985645771026611 90
1747422163716 6.985645771026611 90
1747422170248 6.273503303527832 100
1747422170262 6.273503303527832 100
1747422174692 13.304584503173828 110
1747422174694 13.304584503173828 110
1747422178942 4.411069869995117 120
1747422178943 4.411069869995117 120
1747422183146 6.332909107208252 130
1747422183146 6.332909107208252 130
1747422187363 8.370798110961914 140
1747422187363 8.370798110961914 140
1747422191580 10.291717529296875 150
1747422191580 10.291717529296875 150
1747422195814 1.9829826354980469 160
1747422195814 1.9829826354980469 160
1747422200054 24.54928970336914 170
1747422200055 24.54928970336914 170
1747422204306 0.4481807351112366 180
1747422204307 0.4481807351112366 180
1747422208531 3.2059097290039062 190
1747422208531 3.2059097290039062 190
1747422212790 1.3807787895202637 200
1747422212791 1.3807787895202637 200
1747422217015 51.563232421875 210
1747422217015 51.563232421875 210
1747422221246 8.584868431091309 220
1747422221247 8.584868431091309 220
1747422225499 7.271432876586914 230
1747422225499 7.271432876586914 230
1747422229799 0.7900916934013367 240
1747422229799 0.7900916934013367 240
1747422234111 11.622182846069336 250
1747422234112 11.622182846069336 250
1747422238366 1.5622979402542114 260
1747422238367 1.5622979402542114 260
1747422244233 8.932897567749023 270
1747422244233 8.932897567749023 270
1747422248649 8.637269020080566 280
1747422248651 8.637269020080566 280
1747422254843 7.107119083404541 290
1747422254844 7.107119083404541 290
1747422259269 0.8881044983863831 300
1747422259270 0.8881044983863831 300
1747422263701 0.21957482397556305 310
1747422263701 0.21957482397556305 310
1747422268183 0.39252743124961853 320
1747422268198 0.39252743124961853 320
1747422272721 0.6183375716209412 330
1747422272722 0.6183375716209412 330
1747422277067 6.698015213012695 340
1747422277068 6.698015213012695 340
1747422281504 21.09710121154785 350
1747422281505 21.09710121154785 350
1747422285805 17.35451316833496 360
1747422290270 17.81507110595703 370
1747422290271 17.81507110595703 370
1747422294643 47.857025146484375 380
1747422294644 47.857025146484375 380
1747422299096 0.20150068402290344 390
1747422299097 0.20150068402290344 390
1747422303535 1.8037737607955933 400
1747422303536 1.8037737607955933 400
1747422307957 0.1280275136232376 410
1747422307958 0.1280275136232376 410
1747422312391 40.088462829589844 420
1747422312392 40.088462829589844 420
1747422316786 19.932695388793945 430
1747422316786 19.932695388793945 430
1747422335948 2.4992051124572754 440
1747422335949 2.4992051124572754 440
1747422340371 8.571334838867188 450
1747422340371 8.571334838867188 450
1747422344817 13.18617057800293 460
1747422344818 13.18617057800293 460
1747422349273 0.11340272426605225 470
1747422349274 0.11340272426605225 470
1747422353680 0.012887062504887581 480
1747422353680 0.012887062504887581 480
1747422358060 0.005375174339860678 490
1747422358061 0.005375174339860678 490
1747422362422 12.790641784667969 500
1747422362422 12.790641784667969 500
1747422367057 0.017303993925452232 510
1747422367057 0.017303993925452232 510
1747422371573 0.17585371434688568 520
1747422371573 0.17585371434688568 520
1747422375924 0.23129664361476898 530
1747422375924 0.23129664361476898 530
1747422380325 7.048861980438232 540
1747422380325 7.048861980438232 540
1747422384685 0.02065720409154892 550
1747422384685 0.02065720409154892 550
1747422389105 0.07313365489244461 560
1747422389106 0.07313365489244461 560
1747422393524 17.54950714111328 570
1747422393524 17.54950714111328 570
1747422397927 0.05609609931707382 580
1747422397928 0.05609609931707382 580
1747422402330 13.948003768920898 590
1747422402330 13.948003768920898 590
1747422406691 23.666353225708008 600
1747422406691 23.666353225708008 600
1747422411052 0.10629881918430328 610
1747422411053 0.10629881918430328 610
1747422415502 0.029067493975162506 620
1747422415503 0.029067493975162506 620
1747422419925 0.10590558499097824 630
1747422419926 0.10590558499097824 630
1747422424374 0.05380016937851906 640
1747422424375 0.05380016937851906 640
1747422428761 11.311139106750488 650
1747422428761 11.311139106750488 650
1747422433181 0.8911572694778442 660
1747422433182 0.8911572694778442 660
1747422437614 0.07277430593967438 670
1747422437614 0.07277430593967438 670
1747422442002 0.16751010715961456 680
1747422442002 0.16751010715961456 680
1747422446325 10.33383846282959 690
1747422446331 10.33383846282959 690
1747422450674 0.11451222747564316 700
1747422450676 0.11451222747564316 700
1747422455010 0.11062504351139069 710
1747422455010 0.11062504351139069 710
1747422459361 0.14322392642498016 720
1747422459361 0.14322392642498016 720
1747422463761 2.9832019805908203 730
1747422463761 2.9832019805908203 730
1747422468161 0.9380786418914795 740
1747422468161 0.9380786418914795 740
1747422472595 0.11213786900043488 750
1747422472595 0.11213786900043488 750
1747422477103 0.843837559223175 760
1747422477103 0.843837559223175 760
1747422481544 0.16001124680042267 770
1747422481544 0.16001124680042267 770
1747422485961 0.12515294551849365 780
1747422485962 0.12515294551849365 780
1747422490344 1.0260437726974487 790
1747422490344 1.0260437726974487 790
1747422494776 0.10433445125818253 800
1747422494778 0.10433445125818253 800
1747422499196 10.52245807647705 810
1747422499196 10.52245807647705 810
1747422503584 0.1681579053401947 820
1747422503585 0.1681579053401947 820
1747422508010 13.972455024719238 830
1747422508011 13.972455024719238 830
1747422512426 0.5496212840080261 840
1747422512425 0.5496212840080261 840
1747422516884 1.655719518661499 850
1747422516886 1.655719518661499 850
1747422521349 0.046867065131664276 860
1747422521350 0.046867065131664276 860
1747422525908 0.19233135879039764 870
1747422525909 0.19233135879039764 870
1747422544758 0.8397019505500793 880
1747422544759 0.8397019505500793 880
1747422549099 1.6465469598770142 890
1747422549099 1.6465469598770142 890
1747422553479 3.0894439220428467 900
1747422553479 3.0894439220428467 900
1747422557853 0.02540956251323223 910
1747422557854 0.02540956251323223 910
1747422562299 0.015330460853874683 920
1747422562299 0.015330460853874683 920
1747422566794 0.02000577002763748 930
1747422566795 0.02000577002763748 930
1747422571261 9.768209457397461 940
1747422571263 9.768209457397461 940
1747422575802 0.05613057687878609 950
1747422575803 0.05613057687878609 950
1747422580367 0.016940223053097725 960
1747422580368 0.016940223053097725 960
1747422584935 0.015405280515551567 970
1747422584935 0.015405280515551567 970
1747422589342 0.006133507937192917 980
1747422589343 0.006133507937192917 980
1747422593827 0.004982818383723497 990
1747422593828 0.004982818383723497 990
1747422598279 0.0063577257096767426 1000
1747422598280 0.0063577257096767426 1000
1747422602776 0.007559031248092651 1010
1747422602777 0.007559031248092651 1010
1747422607246 19.781606674194336 1020
1747422607247 19.781606674194336 1020
1747422611700 20.63047981262207 1030
1747422611701 20.63047981262207 1030
1747422616151 0.0331832617521286 1040
1747422616152 0.0331832617521286 1040
1747422620620 4.662581920623779 1050
1747422620621 4.662581920623779 1050
1747422625087 13.286957740783691 1060
1747422625088 13.286957740783691 1060
1747422629572 0.019721319898962975 1070
1747422629573 0.019721319898962975 1070
1747422634047 0.1021510437130928 1080
1747422634048 0.1021510437130928 1080
1747422638527 0.011883283033967018 1090
1747422638528 0.011883283033967018 1090
1747422643026 13.319189071655273 1100
1747422643027 13.319189071655273 1100
1747422647496 0.009801113978028297 1110
1747422647497 0.009801113978028297 1110
1747422651978 14.449945449829102 1120
1747422651979 14.449945449829102 1120
1747422656432 1.302865743637085 1130
1747422656433 1.302865743637085 1130
1747422660890 3.446120023727417 1140
1747422660891 3.446120023727417 1140
1747422665414 0.01082625426352024 1150
1747422665415 0.01082625426352024 1150
1747422669888 27.14545440673828 1160
1747422669889 27.14545440673828 1160
1747422674364 0.00164602673612535 1170
1747422674365 0.00164602673612535 1170
1747422678829 0.01632596366107464 1180
1747422678829 0.01632596366107464 1180
1747422683308 0.9942905902862549 1190
1747422683309 0.9942905902862549 1190
1747422687810 0.007114446721971035 1200
1747422687811 0.007114446721971035 1200
1747422692336 0.08492447435855865 1210
1747422692337 0.08492447435855865 1210
1747422696808 0.01140202209353447 1220
1747422696809 0.01140202209353447 1220
1747422701237 0.026729488745331764 1230
1747422701238 0.026729488745331764 1230
1747422705670 0.01919804885983467 1240
1747422705671 0.01919804885983467 1240
1747422710096 0.004094397649168968 1250
1747422710096 0.004094397649168968 1250
1747422714554 8.387493133544922 1260
1747422714555 8.387493133544922 1260
1747422719015 0.12203103303909302 1270
1747422719015 0.12203103303909302 1270
1747422723477 0.04770691320300102 1280
1747422723477 0.04770691320300102 1280
1747422727930 1.6155261993408203 1290
1747422727931 1.6155261993408203 1290
1747422732460 0.007043897174298763 1300
1747422732461 0.007043897174298763 1300
1747422739322 0.04202495142817497 1310
1747422739323 0.04202495142817497 1310
1747422759218 0.010657273232936859 1320
1747422759219 0.010657273232936859 1320
1747422763683 1.6475443840026855 1330
1747422763683 1.6475443840026855 1330
1747422768164 0.012133453041315079 1340
1747422768164 0.012133453041315079 1340
1747422772660 0.0027759820222854614 1350
1747422772661 0.0027759820222854614 1350
1747422777289 0.054684337228536606 1360
1747422777290 0.054684337228536606 1360
1747422781890 0.0033900083508342505 1370
1747422781892 0.0033900083508342505 1370
1747422786670 0.0018820309778675437 1380
1747422786671 0.0018820309778675437 1380
1747422791024 0.005328035447746515 1390
1747422791025 0.005328035447746515 1390
1747422795532 0.2227497100830078 1400
1747422795532 0.2227497100830078 1400
1747422800032 0.006021035835146904 1410
1747422800033 0.006021035835146904 1410
1747422804512 0.022561796009540558 1420
1747422804512 0.022561796009540558 1420
1747422808895 0.0052680750377476215 1430
1747422808895 0.0052680750377476215 1430
1747422813403 0.0027924932073801756 1440
1747422813404 0.0027924932073801756 1440
1747422817939 0.005136740393936634 1450
1747422817940 0.005136740393936634 1450
1747422822411 0.011043095961213112 1460
1747422822412 0.011043095961213112 1460
1747422826906 0.0006250561564229429 1470
1747422826907 0.0006250561564229429 1470
1747422831437 0.07836880534887314 1480
1747422831437 0.07836880534887314 1480
1747422835923 0.0022598744835704565 1490
1747422835923 0.0022598744835704565 1490
1747422840459 0.0009676414774730802 1500
1747422840458 0.0009676414774730802 1500
1747422845060 0.011304749175906181 1510
1747422845060 0.011304749175906181 1510
1747422849582 0.00019991527369711548 1520
1747422849583 0.00019991527369711548 1520
1747422854291 0.00022406694188248366 1530
1747422854291 0.00022406694188248366 1530
1747422858773 8.491387367248535 1540
1747422858774 8.491387367248535 1540
1747422863231 0.011146705597639084 1550
1747422863232 0.011146705597639084 1550
1747422867700 0.010929396376013756 1560
1747422867701 0.010929396376013756 1560
1747422872190 0.12427785247564316 1570
1747422872191 0.12427785247564316 1570
1747422876710 0.017828552052378654 1580
1747422876711 0.017828552052378654 1580
1747422881198 0.0020628678612411022 1590
1747422881199 0.0020628678612411022 1590
1747422885657 0.0037587087135761976 1600
1747422885658 0.0037587087135761976 1600
1747422890134 34.832401275634766 1610
1747422890134 34.832401275634766 1610
1747422894600 0.0005428410950116813 1620
1747422894601 0.0005428410950116813 1620
1747422899280 5.480926990509033 1630
1747422899281 5.480926990509033 1630
1747422903739 0.0004291762597858906 1640
1747422903739 0.0004291762597858906 1640
1747422908183 0.004640147089958191 1650
1747422908184 0.004640147089958191 1650
1747422912689 0.002251623896881938 1660
1747422912690 0.002251623896881938 1660
1747422917310 0.01864922232925892 1670
1747422917311 0.01864922232925892 1670
1747422921760 7.1747283935546875 1680
1747422921761 7.1747283935546875 1680
1747422926480 19.110204696655273 1690
1747422926481 19.110204696655273 1690
1747422931048 0.0007122660172171891 1700
1747422931047 0.0007122660172171891 1700
1747422935647 0.0031624436378479004 1710
1747422935648 0.0031624436378479004 1710
1747422940365 8.316182136535645 1720
1747422940367 8.316182136535645 1720
1747422944907 0.0012335391947999597 1730
1747422944908 0.0012335391947999597 1730
1747422949418 0.053350478410720825 1740
1747422949417 0.053350478410720825 1740
1747422953874 0.04032906889915466 1750
1747422953875 0.04032906889915466 1750
1747422973454 1.7939043045043945 1760
1747422973454 1.7939043045043945 1760
1747422979554 0.003929991740733385 1770
1747422979554 0.003929991740733385 1770
1747422984003 0.00901811569929123 1780
1747422984003 0.00901811569929123 1780
1747422988402 0.005830742418766022 1790
1747422988403 0.005830742418766022 1790
1747422992820 0.00241211149841547 1800
1747422992821 0.00241211149841547 1800
1747422997321 0.0037828998174518347 1810
1747422997321 0.0037828998174518347 1810
1747423001754 0.005462886765599251 1820
1747423001755 0.005462886765599251 1820
1747423006285 0.00872889719903469 1830
1747423006286 0.00872889719903469 1830
1747423010762 0.007205932401120663 1840
1747423010763 0.007205932401120663 1840
1747423015240 0.0014999799896031618 1850
1747423015241 0.0014999799896031618 1850
1747423019884 0.0031393426470458508 1860
1747423019883 0.0031393426470458508 1860
1747423024362 0.002670601010322571 1870
1747423024363 0.002670601010322571 1870
1747423028853 0.003962865099310875 1880
1747423028854 0.003962865099310875 1880
1747423033338 0.0028354141395539045 1890
1747423033339 0.0028354141395539045 1890
1747423037813 0.004084424115717411 1900
1747423037814 0.004084424115717411 1900
1747423042325 0.057177815586328506 1910
1747423042326 0.057177815586328506 1910
1747423046832 0.004834362771362066 1920
1747423046833 0.004834362771362066 1920
1747423051297 0.0019826185889542103 1930
1747423051298 0.0019826185889542103 1930
1747423055797 0.004796269815415144 1940
1747423055798 0.004796269815415144 1940
1747423060267 0.0018891225336119533 1950
1747423060268 0.0018891225336119533 1950
1747423064732 23.995410919189453 1960
1747423064733 23.995410919189453 1960
1747423069234 0.0013066921383142471 1970
1747423069235 0.0013066921383142471 1970
1747423073725 0.006993313319981098 1980
1747423073726 0.006993313319981098 1980
1747423078236 0.0005866606952622533 1990
1747423078237 0.0005866606952622533 1990
1747423082723 0.0028961494099348783 2000
1747423082724 0.0028961494099348783 2000
1747423087318 0.0017995522357523441 2010
1747423087319 0.0017995522357523441 2010
1747423091899 0.017231756821274757 2020
1747423091900 0.017231756821274757 2020
1747423096570 0.013773183338344097 2030
1747423096571 0.013773183338344097 2030
1747423101020 0.0032646923791617155 2040
1747423101021 0.0032646923791617155 2040
1747423105443 0.0006872732192277908 2050
1747423105444 0.0006872732192277908 2050
1747423109924 0.00046792623470537364 2060
1747423109925 0.00046792623470537364 2060
1747423114395 0.0018502073362469673 2070
1747423114396 0.0018502073362469673 2070
1747423118885 0.007516270037740469 2080
1747423118885 0.007516270037740469 2080
1747423123374 0.0039161150343716145 2090
1747423123375 0.0039161150343716145 2090
1747423127844 0.0008948466274887323 2100
1747423127845 0.0008948466274887323 2100
1747423132336 0.0008022301481105387 2110
1747423132337 0.0008022301481105387 2110
1747423136968 0.0019394728587940335 2120
1747423136970 0.0019394728587940335 2120
1747423141564 0.016339316964149475 2130
1747423141565 0.016339316964149475 2130
1747423146070 0.0007231573690660298 2140
1747423146072 0.0007231573690660298 2140
1747423150706 0.0017570889322087169 2150
1747423150707 0.0017570889322087169 2150
1747423155223 0.0008777294424362481 2160
1747423155224 0.0008777294424362481 2160
1747423159738 0.001162321656011045 2170
1747423159739 0.001162321656011045 2170
1747423164240 0.0076528131030499935 2180
1747423164241 0.0076528131030499935 2180
1747423168541 6.893308454891667e-05 2190
1747423168542 6.893308454891667e-05 2190
