1747422123169 4.988584474885845e-05 10
1747422123169 4.988584474885845e-05 10
1747422128011 4.977168949771689e-05 20
1747422128011 4.977168949771689e-05 20
1747422132943 4.9657534246575346e-05 30
1747422132943 4.9657534246575346e-05 30
1747422137563 4.9543378995433794e-05 40
1747422137564 4.9543378995433794e-05 40
1747422141911 4.942922374429224e-05 50
1747422141911 4.942922374429224e-05 50
1747422146416 4.9315068493150684e-05 60
1747422146429 4.9315068493150684e-05 60
1747422150977 4.920091324200913e-05 70
1747422150977 4.920091324200913e-05 70
1747422155625 4.908675799086758e-05 80
1747422155625 4.908675799086758e-05 80
1747422163715 4.8972602739726034e-05 90
1747422163716 4.8972602739726034e-05 90
1747422170248 4.8858447488584476e-05 100
1747422170262 4.8858447488584476e-05 100
1747422174692 4.8744292237442924e-05 110
1747422174694 4.8744292237442924e-05 110
1747422178942 4.863013698630137e-05 120
1747422178943 4.863013698630137e-05 120
1747422183146 4.851598173515982e-05 130
1747422183146 4.851598173515982e-05 130
1747422187363 4.840182648401827e-05 140
1747422187363 4.840182648401827e-05 140
1747422191580 4.8287671232876716e-05 150
1747422191580 4.8287671232876716e-05 150
1747422195814 4.8173515981735164e-05 160
1747422195814 4.8173515981735164e-05 160
1747422200054 4.805936073059361e-05 170
1747422200055 4.805936073059361e-05 170
1747422204306 4.794520547945205e-05 180
1747422204307 4.794520547945205e-05 180
1747422208531 4.78310502283105e-05 190
1747422208531 4.78310502283105e-05 190
1747422212790 4.7716894977168955e-05 200
1747422212791 4.7716894977168955e-05 200
1747422217015 4.7602739726027403e-05 210
1747422217015 4.7602739726027403e-05 210
1747422221246 4.7488584474885845e-05 220
1747422221247 4.7488584474885845e-05 220
1747422225499 4.737442922374429e-05 230
1747422225499 4.737442922374429e-05 230
1747422229799 4.726027397260274e-05 240
1747422229799 4.726027397260274e-05 240
1747422234111 4.714611872146119e-05 250
1747422234112 4.714611872146119e-05 250
1747422238366 4.703196347031964e-05 260
1747422238367 4.703196347031964e-05 260
1747422244233 4.6917808219178085e-05 270
1747422244233 4.6917808219178085e-05 270
1747422248649 4.680365296803653e-05 280
1747422248651 4.680365296803653e-05 280
1747422254843 4.668949771689498e-05 290
1747422254844 4.668949771689498e-05 290
1747422259269 4.657534246575342e-05 300
1747422259270 4.657534246575342e-05 300
1747422263701 4.646118721461187e-05 310
1747422263701 4.646118721461187e-05 310
1747422268183 4.6347031963470325e-05 320
1747422268198 4.6347031963470325e-05 320
1747422272721 4.623287671232877e-05 330
1747422272722 4.623287671232877e-05 330
1747422277067 4.6118721461187214e-05 340
1747422277068 4.6118721461187214e-05 340
1747422281504 4.600456621004566e-05 350
1747422281505 4.600456621004566e-05 350
1747422285805 4.589041095890411e-05 360
1747422285806 4.589041095890411e-05 360
1747422290270 4.577625570776256e-05 370
1747422290271 4.577625570776256e-05 370
1747422294643 4.5662100456621006e-05 380
1747422294644 4.5662100456621006e-05 380
1747422299096 4.5547945205479454e-05 390
1747422299097 4.5547945205479454e-05 390
1747422303535 4.54337899543379e-05 400
1747422303536 4.54337899543379e-05 400
1747422307957 4.531963470319635e-05 410
1747422307958 4.531963470319635e-05 410
1747422312391 4.520547945205479e-05 420
1747422312392 4.520547945205479e-05 420
1747422316786 4.5091324200913246e-05 430
1747422316786 4.5091324200913246e-05 430
1747422335948 4.4977168949771694e-05 440
1747422335949 4.4977168949771694e-05 440
1747422340371 4.486301369863014e-05 450
1747422340371 4.486301369863014e-05 450
1747422344817 4.474885844748858e-05 460
1747422344818 4.474885844748858e-05 460
1747422349273 4.463470319634703e-05 470
1747422349274 4.463470319634703e-05 470
1747422353680 4.452054794520548e-05 480
1747422353680 4.452054794520548e-05 480
1747422358060 4.4406392694063934e-05 490
1747422358061 4.4406392694063934e-05 490
1747422362422 4.4292237442922375e-05 500
1747422362422 4.4292237442922375e-05 500
1747422367057 4.417808219178082e-05 510
1747422367057 4.417808219178082e-05 510
1747422371573 4.406392694063927e-05 520
1747422371573 4.406392694063927e-05 520
1747422375924 4.394977168949772e-05 530
1747422375924 4.394977168949772e-05 530
1747422380325 4.383561643835617e-05 540
1747422380325 4.383561643835617e-05 540
1747422384685 4.3721461187214615e-05 550
1747422384685 4.3721461187214615e-05 550
1747422389105 4.360730593607306e-05 560
1747422389106 4.360730593607306e-05 560
1747422393524 4.349315068493151e-05 570
1747422393524 4.349315068493151e-05 570
1747422397927 4.337899543378995e-05 580
1747422397928 4.337899543378995e-05 580
1747422402330 4.32648401826484e-05 590
1747422402330 4.32648401826484e-05 590
1747422406691 4.3150684931506855e-05 600
1747422406691 4.3150684931506855e-05 600
1747422411052 4.30365296803653e-05 610
1747422411053 4.30365296803653e-05 610
1747422415502 4.2922374429223744e-05 620
1747422415503 4.2922374429223744e-05 620
1747422419925 4.280821917808219e-05 630
1747422419926 4.280821917808219e-05 630
1747422424374 4.269406392694064e-05 640
1747422424375 4.269406392694064e-05 640
1747422428761 4.257990867579909e-05 650
1747422428761 4.257990867579909e-05 650
1747422433181 4.2465753424657536e-05 660
1747422433182 4.2465753424657536e-05 660
1747422437614 4.2351598173515984e-05 670
1747422437614 4.2351598173515984e-05 670
1747422442002 4.223744292237443e-05 680
1747422442002 4.223744292237443e-05 680
1747422446325 4.212328767123288e-05 690
1747422446331 4.212328767123288e-05 690
1747422450674 4.200913242009132e-05 700
1747422450676 4.200913242009132e-05 700
1747422455010 4.1894977168949776e-05 710
1747422455010 4.1894977168949776e-05 710
1747422459361 4.1780821917808224e-05 720
1747422459361 4.1780821917808224e-05 720
1747422463761 4.166666666666667e-05 730
1747422463761 4.166666666666667e-05 730
1747422468161 4.155251141552511e-05 740
1747422468161 4.155251141552511e-05 740
1747422472595 4.143835616438356e-05 750
1747422472595 4.143835616438356e-05 750
1747422477103 4.132420091324201e-05 760
1747422477103 4.132420091324201e-05 760
1747422481544 4.121004566210046e-05 770
1747422481544 4.121004566210046e-05 770
1747422485961 4.1095890410958905e-05 780
1747422485962 4.1095890410958905e-05 780
1747422490344 4.098173515981735e-05 790
1747422490344 4.098173515981735e-05 790
1747422494776 4.08675799086758e-05 800
1747422494778 4.08675799086758e-05 800
1747422499196 4.075342465753425e-05 810
1747422499196 4.075342465753425e-05 810
1747422503584 4.063926940639269e-05 820
1747422503585 4.063926940639269e-05 820
1747422508010 4.0525114155251145e-05 830
1747422508011 4.0525114155251145e-05 830
1747422512426 4.041095890410959e-05 840
1747422512425 4.041095890410959e-05 840
1747422516884 4.029680365296804e-05 850
1747422516886 4.029680365296804e-05 850
1747422521349 4.018264840182648e-05 860
1747422521350 4.018264840182648e-05 860
1747422525908 4.006849315068493e-05 870
1747422525909 4.006849315068493e-05 870
1747422544758 3.995433789954338e-05 880
1747422544759 3.995433789954338e-05 880
1747422549099 3.984018264840183e-05 890
1747422549099 3.984018264840183e-05 890
1747422553479 3.9726027397260274e-05 900
1747422553479 3.9726027397260274e-05 900
1747422557853 3.961187214611872e-05 910
1747422557854 3.961187214611872e-05 910
1747422562299 3.949771689497717e-05 920
1747422562299 3.949771689497717e-05 920
1747422566794 3.938356164383562e-05 930
1747422566795 3.938356164383562e-05 930
1747422571261 3.9269406392694066e-05 940
1747422571263 3.9269406392694066e-05 940
1747422575802 3.9155251141552514e-05 950
1747422575803 3.9155251141552514e-05 950
1747422580367 3.904109589041096e-05 960
1747422580368 3.904109589041096e-05 960
1747422584935 3.892694063926941e-05 970
1747422584935 3.892694063926941e-05 970
1747422589342 3.881278538812785e-05 980
1747422589343 3.881278538812785e-05 980
1747422593827 3.86986301369863e-05 990
1747422593828 3.86986301369863e-05 990
1747422598279 3.8584474885844754e-05 1000
1747422598280 3.8584474885844754e-05 1000
1747422602776 3.84703196347032e-05 1010
1747422602777 3.84703196347032e-05 1010
1747422607246 3.8356164383561644e-05 1020
1747422607247 3.8356164383561644e-05 1020
1747422611700 3.824200913242009e-05 1030
1747422611701 3.824200913242009e-05 1030
1747422616151 3.812785388127854e-05 1040
1747422616152 3.812785388127854e-05 1040
1747422620620 3.801369863013699e-05 1050
1747422620621 3.801369863013699e-05 1050
1747422625087 3.7899543378995436e-05 1060
1747422625088 3.7899543378995436e-05 1060
1747422629572 3.7785388127853884e-05 1070
1747422629573 3.7785388127853884e-05 1070
1747422634047 3.767123287671233e-05 1080
1747422634048 3.767123287671233e-05 1080
1747422638527 3.755707762557078e-05 1090
1747422638528 3.755707762557078e-05 1090
1747422643026 3.744292237442922e-05 1100
1747422643027 3.744292237442922e-05 1100
1747422647496 3.7328767123287675e-05 1110
1747422647497 3.7328767123287675e-05 1110
1747422651979 3.7214611872146123e-05 1120
1747422651978 3.7214611872146123e-05 1120
1747422656432 3.710045662100457e-05 1130
1747422656433 3.710045662100457e-05 1130
1747422660890 3.698630136986301e-05 1140
1747422660891 3.698630136986301e-05 1140
1747422665414 3.687214611872146e-05 1150
1747422665415 3.687214611872146e-05 1150
1747422669888 3.675799086757991e-05 1160
1747422669889 3.675799086757991e-05 1160
1747422674364 3.664383561643836e-05 1170
1747422674365 3.664383561643836e-05 1170
1747422678829 3.6529680365296805e-05 1180
1747422678829 3.6529680365296805e-05 1180
1747422683308 3.641552511415525e-05 1190
1747422683309 3.641552511415525e-05 1190
1747422687810 3.63013698630137e-05 1200
1747422687811 3.63013698630137e-05 1200
1747422692336 3.618721461187215e-05 1210
1747422692337 3.618721461187215e-05 1210
1747422696808 3.60730593607306e-05 1220
1747422696809 3.60730593607306e-05 1220
1747422701237 3.5958904109589045e-05 1230
1747422701238 3.5958904109589045e-05 1230
1747422705670 3.584474885844749e-05 1240
1747422705671 3.584474885844749e-05 1240
1747422710096 3.573059360730594e-05 1250
1747422710096 3.573059360730594e-05 1250
1747422714554 3.561643835616438e-05 1260
1747422714555 3.561643835616438e-05 1260
1747422719015 3.550228310502283e-05 1270
1747422719015 3.550228310502283e-05 1270
1747422723477 3.538812785388128e-05 1280
1747422723477 3.538812785388128e-05 1280
1747422727930 3.527397260273973e-05 1290
1747422727931 3.527397260273973e-05 1290
1747422732460 3.5159817351598174e-05 1300
1747422732461 3.5159817351598174e-05 1300
1747422739322 3.504566210045662e-05 1310
1747422739323 3.504566210045662e-05 1310
1747422759218 3.493150684931507e-05 1320
1747422759219 3.493150684931507e-05 1320
1747422763683 3.481735159817352e-05 1330
1747422763683 3.481735159817352e-05 1330
1747422768164 3.4703196347031966e-05 1340
1747422768164 3.4703196347031966e-05 1340
1747422772660 3.4589041095890414e-05 1350
1747422772661 3.4589041095890414e-05 1350
1747422777289 3.447488584474886e-05 1360
1747422777290 3.447488584474886e-05 1360
1747422781890 3.436073059360731e-05 1370
1747422781892 3.436073059360731e-05 1370
1747422786670 3.424657534246575e-05 1380
1747422786671 3.424657534246575e-05 1380
1747422791024 3.41324200913242e-05 1390
1747422791025 3.41324200913242e-05 1390
1747422795532 3.4018264840182654e-05 1400
1747422795532 3.4018264840182654e-05 1400
1747422800032 3.39041095890411e-05 1410
1747422800033 3.39041095890411e-05 1410
1747422804512 3.378995433789954e-05 1420
1747422804512 3.378995433789954e-05 1420
1747422808895 3.367579908675799e-05 1430
1747422808895 3.367579908675799e-05 1430
1747422813403 3.356164383561644e-05 1440
1747422813404 3.356164383561644e-05 1440
1747422817939 3.344748858447489e-05 1450
1747422817940 3.344748858447489e-05 1450
1747422822411 3.3333333333333335e-05 1460
1747422822412 3.3333333333333335e-05 1460
1747422826906 3.321917808219178e-05 1470
1747422826907 3.321917808219178e-05 1470
1747422831437 3.310502283105023e-05 1480
1747422831437 3.310502283105023e-05 1480
1747422835923 3.299086757990868e-05 1490
1747422835923 3.299086757990868e-05 1490
1747422840459 3.287671232876712e-05 1500
1747422840458 3.287671232876712e-05 1500
1747422845060 3.2762557077625575e-05 1510
1747422845060 3.2762557077625575e-05 1510
1747422849582 3.264840182648402e-05 1520
1747422849583 3.264840182648402e-05 1520
1747422854291 3.253424657534247e-05 1530
1747422854291 3.253424657534247e-05 1530
1747422858773 3.242009132420091e-05 1540
1747422858774 3.242009132420091e-05 1540
1747422863231 3.230593607305936e-05 1550
1747422863232 3.230593607305936e-05 1550
1747422867700 3.219178082191781e-05 1560
1747422867701 3.219178082191781e-05 1560
1747422872190 3.207762557077626e-05 1570
1747422872191 3.207762557077626e-05 1570
1747422876710 3.1963470319634704e-05 1580
1747422876711 3.1963470319634704e-05 1580
1747422881198 3.184931506849315e-05 1590
1747422881199 3.184931506849315e-05 1590
1747422885657 3.17351598173516e-05 1600
1747422885658 3.17351598173516e-05 1600
1747422890134 3.162100456621005e-05 1610
1747422890134 3.162100456621005e-05 1610
1747422894600 3.1506849315068496e-05 1620
1747422894601 3.1506849315068496e-05 1620
1747422899280 3.1392694063926944e-05 1630
1747422899281 3.1392694063926944e-05 1630
1747422903739 3.127853881278539e-05 1640
1747422903739 3.127853881278539e-05 1640
1747422908183 3.116438356164384e-05 1650
1747422908184 3.116438356164384e-05 1650
1747422912689 3.105022831050228e-05 1660
1747422912690 3.105022831050228e-05 1660
1747422917310 3.093607305936073e-05 1670
1747422917311 3.093607305936073e-05 1670
1747422921760 3.082191780821918e-05 1680
1747422921761 3.082191780821918e-05 1680
1747422926480 3.070776255707763e-05 1690
1747422926481 3.070776255707763e-05 1690
1747422931048 3.059360730593607e-05 1700
1747422931047 3.059360730593607e-05 1700
1747422935647 3.047945205479452e-05 1710
1747422935648 3.047945205479452e-05 1710
1747422940365 3.036529680365297e-05 1720
1747422940367 3.036529680365297e-05 1720
1747422944907 3.025114155251142e-05 1730
1747422944908 3.025114155251142e-05 1730
1747422949418 3.0136986301369862e-05 1740
1747422949417 3.0136986301369862e-05 1740
1747422953874 3.0022831050228313e-05 1750
1747422953875 3.0022831050228313e-05 1750
1747422973454 2.990867579908676e-05 1760
1747422973454 2.990867579908676e-05 1760
1747422979554 2.979452054794521e-05 1770
1747422979554 2.979452054794521e-05 1770
1747422984003 2.9680365296803654e-05 1780
1747422984003 2.9680365296803654e-05 1780
1747422988402 2.9566210045662102e-05 1790
1747422988403 2.9566210045662102e-05 1790
1747422992820 2.945205479452055e-05 1800
1747422992821 2.945205479452055e-05 1800
1747422997321 2.9337899543378998e-05 1810
1747422997321 2.9337899543378998e-05 1810
1747423001754 2.9223744292237442e-05 1820
1747423001755 2.9223744292237442e-05 1820
1747423006285 2.910958904109589e-05 1830
1747423006286 2.910958904109589e-05 1830
1747423010762 2.8995433789954342e-05 1840
1747423010763 2.8995433789954342e-05 1840
1747423015240 2.888127853881279e-05 1850
1747423015241 2.888127853881279e-05 1850
1747423019884 2.8767123287671234e-05 1860
1747423019883 2.8767123287671234e-05 1860
1747423024362 2.8652968036529682e-05 1870
1747423024363 2.8652968036529682e-05 1870
1747423028853 2.853881278538813e-05 1880
1747423028854 2.853881278538813e-05 1880
1747423033338 2.842465753424658e-05 1890
1747423033339 2.842465753424658e-05 1890
1747423037813 2.8310502283105023e-05 1900
1747423037814 2.8310502283105023e-05 1900
1747423042325 2.819634703196347e-05 1910
1747423042326 2.819634703196347e-05 1910
1747423046832 2.808219178082192e-05 1920
1747423046833 2.808219178082192e-05 1920
1747423051297 2.796803652968037e-05 1930
1747423051298 2.796803652968037e-05 1930
1747423055797 2.785388127853881e-05 1940
1747423055798 2.785388127853881e-05 1940
1747423060267 2.7739726027397263e-05 1950
1747423060268 2.7739726027397263e-05 1950
1747423064732 2.762557077625571e-05 1960
1747423064733 2.762557077625571e-05 1960
1747423069234 2.751141552511416e-05 1970
1747423069235 2.751141552511416e-05 1970
1747423073725 2.7397260273972603e-05 1980
1747423073726 2.7397260273972603e-05 1980
1747423078236 2.728310502283105e-05 1990
1747423078237 2.728310502283105e-05 1990
1747423082723 2.71689497716895e-05 2000
1747423082724 2.71689497716895e-05 2000
1747423087318 2.7054794520547947e-05 2010
1747423087319 2.7054794520547947e-05 2010
1747423091899 2.6940639269406392e-05 2020
1747423091900 2.6940639269406392e-05 2020
1747423096570 2.682648401826484e-05 2030
1747423096571 2.682648401826484e-05 2030
1747423101020 2.671232876712329e-05 2040
1747423101021 2.671232876712329e-05 2040
1747423105443 2.659817351598174e-05 2050
1747423105444 2.659817351598174e-05 2050
1747423109924 2.6484018264840184e-05 2060
1747423109925 2.6484018264840184e-05 2060
1747423114395 2.6369863013698632e-05 2070
1747423114396 2.6369863013698632e-05 2070
1747423118885 2.625570776255708e-05 2080
1747423118885 2.625570776255708e-05 2080
1747423123374 2.6141552511415528e-05 2090
1747423123375 2.6141552511415528e-05 2090
1747423127844 2.6027397260273973e-05 2100
1747423127845 2.6027397260273973e-05 2100
1747423132336 2.591324200913242e-05 2110
1747423132337 2.591324200913242e-05 2110
1747423136968 2.579908675799087e-05 2120
1747423136970 2.579908675799087e-05 2120
1747423141564 2.568493150684932e-05 2130
1747423141565 2.568493150684932e-05 2130
1747423146070 2.557077625570776e-05 2140
1747423146072 2.557077625570776e-05 2140
1747423150706 2.5456621004566213e-05 2150
1747423150707 2.5456621004566213e-05 2150
1747423155223 2.534246575342466e-05 2160
1747423155224 2.534246575342466e-05 2160
1747423159738 2.522831050228311e-05 2170
1747423159739 2.522831050228311e-05 2170
1747423164240 2.5114155251141553e-05 2180
1747423164241 2.5114155251141553e-05 2180
1747423168541 2.5e-05 2190
1747423168542 2.5e-05 2190
