1747422123169 1.2433 10
1747422123169 1.2433 10
1747422128011 0.7713 20
1747422128011 0.7713 20
1747422132943 0.5671 30
1747422132943 0.5671 30
1747422137563 0.3726 40
1747422137564 0.3726 40
1747422141911 0.239 50
1747422141911 0.239 50
1747422146416 0.2735 60
1747422146429 0.2735 60
1747422150977 0.0707 70
1747422150977 0.0707 70
1747422155625 1.307 80
1747422155625 1.307 80
1747422163715 0.282 90
1747422163716 0.282 90
1747422170248 0.1869 100
1747422170262 0.1869 100
1747422174692 0.2078 110
1747422174694 0.2078 110
1747422178942 0.2569 120
1747422178943 0.2569 120
1747422183146 0.1646 130
1747422183146 0.1646 130
1747422187363 0.1035 140
1747422187363 0.1035 140
1747422191580 0.1667 150
1747422191580 0.1667 150
1747422195814 0.0978 160
1747422195814 0.0978 160
1747422200054 0.1471 170
1747422200055 0.1471 170
1747422204306 0.271 180
1747422204307 0.271 180
1747422208531 0.2725 190
1747422208531 0.2725 190
1747422212790 0.1814 200
1747422212791 0.1814 200
1747422217015 0.3017 210
1747422217015 0.3017 210
1747422221246 0.1976 220
1747422221247 0.1976 220
1747422225499 0.1288 230
1747422225499 0.1288 230
1747422229799 0.1538 240
1747422229799 0.1538 240
1747422234111 0.0642 250
1747422234112 0.0642 250
1747422238366 0.0822 260
1747422238367 0.0822 260
1747422244233 0.3406 270
1747422244233 0.3406 270
1747422248649 0.1631 280
1747422248651 0.1631 280
1747422254843 0.0628 290
1747422254844 0.0628 290
1747422259269 0.1459 300
1747422259270 0.1459 300
1747422263701 0.0416 310
1747422263701 0.0416 310
1747422268183 0.0674 320
1747422268198 0.0674 320
1747422272721 0.2468 330
1747422272722 0.2468 330
1747422277067 0.0455 340
1747422277068 0.0455 340
1747422281504 0.1008 350
1747422281505 0.1008 350
1747422285806 0.1358 360
1747422285805 0.1358 360
1747422290270 0.0286 370
1747422290271 0.0286 370
1747422294643 0.181 380
1747422294644 0.181 380
1747422299096 0.1926 390
1747422299097 0.1926 390
1747422303535 0.0293 400
1747422303536 0.0293 400
1747422307957 0.0405 410
1747422307958 0.0405 410
1747422312391 0.2631 420
1747422312392 0.2631 420
1747422316786 0.1574 430
1747422316786 0.1574 430
1747422335948 0.1067 440
1747422335949 0.1067 440
1747422340371 0.0694 450
1747422340371 0.0694 450
1747422344817 0.0733 460
1747422344818 0.0733 460
1747422349273 0.05 470
1747422349274 0.05 470
1747422353680 0.0071 480
1747422353680 0.0071 480
1747422358060 0.0005 490
1747422358061 0.0005 490
1747422362422 0.0798 500
1747422362422 0.0798 500
1747422367057 0.0476 510
1747422367057 0.0476 510
1747422371573 0.0275 520
1747422371573 0.0275 520
1747422375924 0.0871 530
1747422375924 0.0871 530
1747422380325 0.0382 540
1747422380325 0.0382 540
1747422384685 0.0718 550
1747422384685 0.0718 550
1747422389105 0.1062 560
1747422389106 0.1062 560
1747422393524 0.098 570
1747422393524 0.098 570
1747422397927 0.0089 580
1747422397928 0.0089 580
1747422402330 0.1651 590
1747422402330 0.1651 590
1747422406691 0.1281 600
1747422406691 0.1281 600
1747422411052 0.0593 610
1747422411053 0.0593 610
1747422415502 0.1214 620
1747422415503 0.1214 620
1747422419925 0.0855 630
1747422419926 0.0855 630
1747422424374 0.0356 640
1747422424375 0.0356 640
1747422428761 0.1603 650
1747422428761 0.1603 650
1747422433181 0.0134 660
1747422433182 0.0134 660
1747422437614 0.1606 670
1747422437614 0.1606 670
1747422442002 0.0689 680
1747422442002 0.0689 680
1747422446325 0.0836 690
1747422446331 0.0836 690
1747422450674 0.0496 700
1747422450676 0.0496 700
1747422455010 0.0473 710
1747422455010 0.0473 710
1747422459361 0.1891 720
1747422459361 0.1891 720
1747422463761 0.0583 730
1747422463761 0.0583 730
1747422468161 0.0829 740
1747422468161 0.0829 740
1747422472595 0.068 750
1747422472595 0.068 750
1747422477103 0.086 760
1747422477103 0.086 760
1747422481544 0.0109 770
1747422481544 0.0109 770
1747422485961 0.0527 780
1747422485962 0.0527 780
1747422490344 0.1463 790
1747422490344 0.1463 790
1747422494776 0.0613 800
1747422494778 0.0613 800
1747422499196 0.0843 810
1747422499196 0.0843 810
1747422503584 0.116 820
1747422503585 0.116 820
1747422508010 0.1628 830
1747422508011 0.1628 830
1747422512426 0.1046 840
1747422512425 0.1046 840
1747422516884 0.0147 850
1747422516886 0.0147 850
1747422521349 0.0909 860
1747422521350 0.0909 860
1747422525908 0.1087 870
1747422525909 0.1087 870
1747422544758 0.0048 880
1747422544759 0.0048 880
1747422549099 0.0046 890
1747422549099 0.0046 890
1747422553479 0.0032 900
1747422553479 0.0032 900
1747422557853 0.0152 910
1747422557854 0.0152 910
1747422562299 0.0409 920
1747422562299 0.0409 920
1747422566794 0.0012 930
1747422566795 0.0012 930
1747422571261 0.0804 940
1747422571263 0.0804 940
1747422575802 0.0284 950
1747422575803 0.0284 950
1747422580367 0.0331 960
1747422580368 0.0331 960
1747422584935 0.0046 970
1747422584935 0.0046 970
1747422589342 0.0002 980
1747422589343 0.0002 980
1747422593827 0.0001 990
1747422593828 0.0001 990
1747422598279 0.0003 1000
1747422598280 0.0003 1000
1747422602776 0.074 1010
1747422602777 0.074 1010
1747422607246 0.0587 1020
1747422607247 0.0587 1020
1747422611700 0.0563 1030
1747422611701 0.0563 1030
1747422616151 0.0449 1040
1747422616152 0.0449 1040
1747422620620 0.0923 1050
1747422620621 0.0923 1050
1747422625087 0.0149 1060
1747422625088 0.0149 1060
1747422629572 0.0619 1070
1747422629573 0.0619 1070
1747422634047 0.0284 1080
1747422634048 0.0284 1080
1747422638527 0.0353 1090
1747422638528 0.0353 1090
1747422643026 0.0345 1100
1747422643027 0.0345 1100
1747422647496 0.0005 1110
1747422647497 0.0005 1110
1747422651978 0.0402 1120
1747422651979 0.0402 1120
1747422656432 0.0004 1130
1747422656433 0.0004 1130
1747422660890 0.0048 1140
1747422660891 0.0048 1140
1747422665414 0.0008 1150
1747422665415 0.0008 1150
1747422669888 0.0391 1160
1747422669889 0.0391 1160
1747422674364 0.0513 1170
1747422674365 0.0513 1170
1747422678829 0.0003 1180
1747422678829 0.0003 1180
1747422683308 0.0008 1190
1747422683309 0.0008 1190
1747422687810 0.008 1200
1747422687811 0.008 1200
1747422692336 0.0001 1210
1747422692337 0.0001 1210
1747422696808 0.126 1220
1747422696809 0.126 1220
1747422701237 0.0018 1230
1747422701238 0.0018 1230
1747422705670 0.0011 1240
1747422705671 0.0011 1240
1747422710096 0.032 1250
1747422710096 0.032 1250
1747422714554 0.1112 1260
1747422714555 0.1112 1260
1747422719015 0.1908 1270
1747422719015 0.1908 1270
1747422723477 0.0683 1280
1747422723477 0.0683 1280
1747422727930 0.0115 1290
1747422727931 0.0115 1290
1747422732460 0.107 1300
1747422732461 0.107 1300
1747422739322 0.0025 1310
1747422739323 0.0025 1310
1747422759218 0.0023 1320
1747422759219 0.0023 1320
1747422763683 0.0283 1330
1747422763683 0.0283 1330
1747422768164 0.0058 1340
1747422768164 0.0058 1340
1747422772660 0.003 1350
1747422772661 0.003 1350
1747422777289 0.002 1360
1747422777290 0.002 1360
1747422781890 0.0291 1370
1747422781892 0.0291 1370
1747422786670 0.0248 1380
1747422786671 0.0248 1380
1747422791024 0.0054 1390
1747422791025 0.0054 1390
1747422795532 0.0002 1400
1747422795532 0.0002 1400
1747422800032 0.0001 1410
1747422800033 0.0001 1410
1747422804512 0.0153 1420
1747422804512 0.0153 1420
1747422808895 0.0038 1430
1747422808895 0.0038 1430
1747422813403 0.0043 1440
1747422813404 0.0043 1440
1747422817939 0.0161 1450
1747422817940 0.0161 1450
1747422822411 0.0005 1460
1747422822412 0.0005 1460
1747422826906 0.001 1470
1747422826907 0.001 1470
1747422831437 0.0002 1480
1747422831437 0.0002 1480
1747422835923 0.0097 1490
1747422835923 0.0097 1490
1747422840459 0.0004 1500
1747422840458 0.0004 1500
1747422845060 0.0 1510
1747422845060 0.0 1510
1747422849582 0.0015 1520
1747422849583 0.0015 1520
1747422854291 0.0003 1530
1747422854291 0.0003 1530
1747422858773 0.0026 1540
1747422858774 0.0026 1540
1747422863231 0.0038 1550
1747422863232 0.0038 1550
1747422867700 0.0075 1560
1747422867701 0.0075 1560
1747422872190 0.0 1570
1747422872191 0.0 1570
1747422876710 0.0241 1580
1747422876711 0.0241 1580
1747422881198 0.0804 1590
1747422881199 0.0804 1590
1747422885657 0.0361 1600
1747422885658 0.0361 1600
1747422890134 0.0111 1610
1747422890134 0.0111 1610
1747422894600 0.0001 1620
1747422894601 0.0001 1620
1747422899280 0.0015 1630
1747422899281 0.0015 1630
1747422903739 0.0001 1640
1747422903739 0.0001 1640
1747422908183 0.0396 1650
1747422908184 0.0396 1650
1747422912689 0.0128 1660
1747422912690 0.0128 1660
1747422917310 0.0254 1670
1747422917311 0.0254 1670
1747422921760 0.0073 1680
1747422921761 0.0073 1680
1747422926480 0.1272 1690
1747422926481 0.1272 1690
1747422931048 0.0 1700
1747422931047 0.0 1700
1747422935647 0.0001 1710
1747422935648 0.0001 1710
1747422940365 0.066 1720
1747422940367 0.066 1720
1747422944907 0.0018 1730
1747422944908 0.0018 1730
1747422949417 0.0 1740
1747422949418 0.0 1740
1747422953874 0.0303 1750
1747422953875 0.0303 1750
1747422973454 0.0325 1760
1747422973454 0.0325 1760
1747422979554 0.0382 1770
1747422979554 0.0382 1770
1747422984003 0.0002 1780
1747422984003 0.0002 1780
1747422988402 0.0042 1790
1747422988403 0.0042 1790
1747422992820 0.0002 1800
1747422992821 0.0002 1800
1747422997321 0.0 1810
1747422997321 0.0 1810
1747423001754 0.0002 1820
1747423001755 0.0002 1820
1747423006285 0.0128 1830
1747423006286 0.0128 1830
1747423010762 0.0004 1840
1747423010763 0.0004 1840
1747423015240 0.0003 1850
1747423015241 0.0003 1850
1747423019883 0.0001 1860
1747423019884 0.0001 1860
1747423024362 0.0004 1870
1747423024363 0.0004 1870
1747423028853 0.0578 1880
1747423028854 0.0578 1880
1747423033338 0.0004 1890
1747423033339 0.0004 1890
1747423037813 0.0003 1900
1747423037814 0.0003 1900
1747423042325 0.0001 1910
1747423042326 0.0001 1910
1747423046832 0.0 1920
1747423046833 0.0 1920
1747423051297 0.0 1930
1747423051298 0.0 1930
1747423055797 0.0 1940
1747423055798 0.0 1940
1747423060267 0.0484 1950
1747423060268 0.0484 1950
1747423064732 0.0383 1960
1747423064733 0.0383 1960
1747423069234 0.0005 1970
1747423069235 0.0005 1970
1747423073725 0.0014 1980
1747423073726 0.0014 1980
1747423078236 0.0024 1990
1747423078237 0.0024 1990
1747423082723 0.0 2000
1747423082724 0.0 2000
1747423087318 0.0675 2010
1747423087319 0.0675 2010
1747423091899 0.0 2020
1747423091900 0.0 2020
1747423096570 0.0002 2030
1747423096571 0.0002 2030
1747423101020 0.0 2040
1747423101021 0.0 2040
1747423105443 0.0001 2050
1747423105444 0.0001 2050
1747423109924 0.0001 2060
1747423109925 0.0001 2060
1747423114395 0.02 2070
1747423114396 0.02 2070
1747423118885 0.0 2080
1747423118885 0.0 2080
1747423123374 0.0003 2090
1747423123375 0.0003 2090
1747423127844 0.0006 2100
1747423127845 0.0006 2100
1747423132336 0.0002 2110
1747423132337 0.0002 2110
1747423136968 0.0 2120
1747423136970 0.0 2120
1747423141564 0.0002 2130
1747423141565 0.0002 2130
1747423146070 0.0 2140
1747423146072 0.0 2140
1747423150706 0.0 2150
1747423150707 0.0 2150
1747423155223 0.0005 2160
1747423155224 0.0005 2160
1747423159738 0.0 2170
1747423159739 0.0 2170
1747423164240 0.0 2180
1747423164241 0.0 2180
1747423168541 0.0 2190
1747423168542 0.0 2190
