1747235618131 1.0 9
1747235618132 1.0 9
1747235620245 1.1111111111111112 10
1747235620247 1.1111111111111112 10
1747235623925 2.0 18
1747235623926 2.0 18
1747235626192 2.2222222222222223 20
1747235626192 2.2222222222222223 20
1747235631073 3.0 27
1747235631073 3.0 27
1747235633536 3.3333333333333335 30
1747235633536 3.3333333333333335 30
1747235636291 4.0 36
1747235636290 4.0 36
1747235639712 4.444444444444445 40
1747235639713 4.444444444444445 40
1747235642007 5.0 45
1747235642007 5.0 45
1747235646001 5.555555555555555 50
1747235646005 5.555555555555555 50
1747235648864 6.0 54
1747235648865 6.0 54
1747235653635 6.666666666666667 60
1747235653635 6.666666666666667 60
1747235655039 7.0 63
1747235655040 7.0 63
1747235660913 7.777777777777778 70
1747235660914 7.777777777777778 70
1747235661898 8.0 72
1747235661898 8.0 72
1747235666390 8.88888888888889 80
1747235666390 8.88888888888889 80
1747235666933 9.0 81
1747235666932 9.0 81
1747235674582 10.0 90
1747235674582 10.0 90
1747235674842 10.0 90
1747235674842 10.0 90
1747235675884 10.0 90
1747235675884 10.0 90
