1747235620245 1.9741511344909668 10
1747235620247 1.9741511344909668 10
1747235626192 19.27297592163086 20
1747235626192 19.27297592163086 20
1747235633536 7.185437202453613 30
1747235633536 7.185437202453613 30
1747235639712 25.888240814208984 40
1747235639713 25.888240814208984 40
1747235646001 0.4624905586242676 50
1747235646005 0.4624905586242676 50
1747235653635 0.26205798983573914 60
1747235653635 0.26205798983573914 60
1747235660913 0.2227678894996643 70
1747235660914 0.2227678894996643 70
1747235666390 3.5787529945373535 80
1747235666390 3.5787529945373535 80
1747235674582 0.09611964225769043 90
1747235674582 0.09611964225769043 90
