1747235620245 8.888888888888889e-05 10
1747235620247 8.888888888888889e-05 10
1747235626192 7.777777777777778e-05 20
1747235626192 7.777777777777778e-05 20
1747235633536 6.666666666666667e-05 30
1747235633536 6.666666666666667e-05 30
1747235639712 5.555555555555556e-05 40
1747235639713 5.555555555555556e-05 40
1747235646001 4.4444444444444447e-05 50
1747235646005 4.4444444444444447e-05 50
1747235653635 3.3333333333333335e-05 60
1747235653635 3.3333333333333335e-05 60
1747235660913 2.2222222222222223e-05 70
1747235660914 2.2222222222222223e-05 70
1747235666390 1.1111111111111112e-05 80
1747235666390 1.1111111111111112e-05 80
1747235674582 0.0 90
1747235674582 0.0 90
