1747407234849 0.10638297872340426 10
1747407234851 0.10638297872340426 10
1747407238823 0.2127659574468085 20
1747407238824 0.2127659574468085 20
1747407242830 0.3191489361702128 30
1747407242831 0.3191489361702128 30
1747407250101 0.425531914893617 40
1747407250102 0.425531914893617 40
1747407254081 0.5319148936170213 50
1747407254082 0.5319148936170213 50
1747407259779 0.6382978723404256 60
1747407259784 0.6382978723404256 60
1747407263845 0.7446808510638298 70
1747407263846 0.7446808510638298 70
1747407267822 0.851063829787234 80
1747407267823 0.851063829787234 80
1747407271802 0.9574468085106383 90
1747407271803 0.9574468085106383 90
1747407275735 1.0 94
1747407275736 1.0 94
1747407281497 1.0638297872340425 100
1747407281503 1.0638297872340425 100
1747407287426 1.1702127659574468 110
1747407287427 1.1702127659574468 110
1747407293019 1.2765957446808511 120
1747407293024 1.2765957446808511 120
1747407297156 1.3829787234042552 130
1747407297157 1.3829787234042552 130
1747407302802 1.4893617021276595 140
1747407302803 1.4893617021276595 140
1747407308458 1.5957446808510638 150
1747407308459 1.5957446808510638 150
1747407314122 1.702127659574468 160
1747407314123 1.702127659574468 160
1747407318153 1.8085106382978724 170
1747407318153 1.8085106382978724 170
1747407322188 1.9148936170212765 180
1747407322187 1.9148936170212765 180
1747407329506 2.0 188
1747407329508 2.0 188
1747407332590 2.021276595744681 190
1747407332591 2.021276595744681 190
1747407336646 2.127659574468085 200
1747407336646 2.127659574468085 200
1747407344093 2.2340425531914896 210
1747407344094 2.2340425531914896 210
1747407348157 2.3404255319148937 220
1747407348158 2.3404255319148937 220
1747407355439 2.4468085106382977 230
1747407355438 2.4468085106382977 230
1747407361122 2.5531914893617023 240
1747407361122 2.5531914893617023 240
1747407365105 2.6595744680851063 250
1747407365106 2.6595744680851063 250
1747407369098 2.7659574468085104 260
1747407369099 2.7659574468085104 260
1747407373138 2.872340425531915 270
1747407373139 2.872340425531915 270
1747407377149 2.978723404255319 280
1747407377150 2.978723404255319 280
1747407380370 3.0 282
1747407380371 3.0 282
1747407385318 3.0851063829787235 290
1747407385319 3.0851063829787235 290
1747407390860 3.1914893617021276 300
1747407390861 3.1914893617021276 300
1747407394794 3.297872340425532 310
1747407394794 3.297872340425532 310
1747407400357 3.404255319148936 320
1747407400358 3.404255319148936 320
1747407404279 3.5106382978723403 330
1747407404280 3.5106382978723403 330
1747407408212 3.617021276595745 340
1747407408213 3.617021276595745 340
1747407412146 3.723404255319149 350
1747407412147 3.723404255319149 350
1747407416079 3.829787234042553 360
1747407416080 3.829787234042553 360
1747407420022 3.9361702127659575 370
1747407420023 3.9361702127659575 370
1747407424772 4.0 376
1747407424773 4.0 376
1747407429797 4.042553191489362 380
1747407429798 4.042553191489362 380
1747407433789 4.148936170212766 390
1747407433790 4.148936170212766 390
1747407437834 4.25531914893617 400
1747407437835 4.25531914893617 400
1747407441842 4.361702127659575 410
1747407441843 4.361702127659575 410
1747407446084 4.468085106382979 420
1747407446087 4.468085106382979 420
1747407453135 4.574468085106383 430
1747407453136 4.574468085106383 430
1747407457107 4.680851063829787 440
1747407457108 4.680851063829787 440
1747407461194 4.787234042553192 450
1747407461195 4.787234042553192 450
1747407466876 4.8936170212765955 460
1747407466877 4.8936170212765955 460
1747407472283 5.0 470
1747407472284 5.0 470
1747407474809 5.0 470
1747407474811 5.0 470
1747407480588 5.1063829787234045 480
1747407480589 5.1063829787234045 480
1747407486176 5.212765957446808 490
1747407486176 5.212765957446808 490
1747407490119 5.319148936170213 500
1747407490120 5.319148936170213 500
1747407495680 5.425531914893617 510
1747407495681 5.425531914893617 510
1747407499623 5.531914893617021 520
1747407499624 5.531914893617021 520
1747407503556 5.638297872340425 530
1747407503557 5.638297872340425 530
1747407507552 5.74468085106383 540
1747407507551 5.74468085106383 540
1747407513073 5.851063829787234 550
1747407513076 5.851063829787234 550
1747407517253 5.957446808510638 560
1747407517253 5.957446808510638 560
1747407521234 6.0 564
1747407521235 6.0 564
1747407525465 6.0638297872340425 570
1747407525465 6.0638297872340425 570
1747407530904 6.170212765957447 580
1747407530901 6.170212765957447 580
1747407535058 6.276595744680851 590
1747407535059 6.276595744680851 590
1747407540653 6.382978723404255 600
1747407540654 6.382978723404255 600
1747407546409 6.48936170212766 610
1747407546411 6.48936170212766 610
1747407550486 6.595744680851064 620
1747407550488 6.595744680851064 620
1747407555950 6.702127659574468 630
1747407555953 6.702127659574468 630
1747407561754 6.808510638297872 640
1747407561755 6.808510638297872 640
1747407565814 6.914893617021277 650
1747407565815 6.914893617021277 650
1747407571706 7.0 658
1747407571705 7.0 658
1747407576425 7.0212765957446805 660
1747407576430 7.0212765957446805 660
1747407580464 7.127659574468085 670
1747407580465 7.127659574468085 670
1747407586113 7.23404255319149 680
1747407586113 7.23404255319149 680
1747407590100 7.340425531914893 690
1747407590100 7.340425531914893 690
1747407594079 7.446808510638298 700
1747407594079 7.446808510638298 700
1747407598054 7.553191489361702 710
1747407598055 7.553191489361702 710
1747407603667 7.659574468085106 720
1747407603670 7.659574468085106 720
1747407609339 7.76595744680851 730
1747407609340 7.76595744680851 730
1747407615008 7.872340425531915 740
1747407615008 7.872340425531915 740
1747407618991 7.9787234042553195 750
1747407618992 7.9787234042553195 750
1747407622273 8.0 752
1747407622274 8.0 752
1747407627423 8.085106382978724 760
1747407627422 8.085106382978724 760
1747407633113 8.191489361702128 770
1747407633114 8.191489361702128 770
1747407638735 8.297872340425531 780
1747407638737 8.297872340425531 780
1747407642780 8.404255319148936 790
1747407642781 8.404255319148936 790
1747407646904 8.51063829787234 800
1747407646905 8.51063829787234 800
1747407652570 8.617021276595745 810
1747407652571 8.617021276595745 810
1747407656692 8.72340425531915 820
1747407656692 8.72340425531915 820
1747407660748 8.829787234042554 830
1747407660750 8.829787234042554 830
1747407664826 8.936170212765958 840
1747407664827 8.936170212765958 840
1747407671367 9.0 846
1747407671365 9.0 846
1747407674928 9.042553191489361 850
1747407674928 9.042553191489361 850
1747407678913 9.148936170212766 860
1747407678914 9.148936170212766 860
1747407687882 9.25531914893617 870
1747407687886 9.25531914893617 870
1747407691995 9.361702127659575 880
1747407691996 9.361702127659575 880
1747407695993 9.46808510638298 890
1747407695994 9.46808510638298 890
1747407701795 9.574468085106384 900
1747407701798 9.574468085106384 900
1747407706080 9.680851063829786 910
1747407706081 9.680851063829786 910
1747407710247 9.787234042553191 920
1747407710248 9.787234042553191 920
1747407714274 9.893617021276595 930
1747407714275 9.893617021276595 930
1747407718161 10.0 940
1747407718160 10.0 940
1747407722456 10.0 940
1747407722458 10.0 940
1747407724428 10.0 940
1747407724428 10.0 940
