1747407234849 3.8898212909698486 10
1747407234851 3.8898212909698486 10
1747407238823 47.877933502197266 20
1747407238824 47.877933502197266 20
1747407242830 0.9684217572212219 30
1747407242831 0.9684217572212219 30
1747407250101 2.4085569381713867 40
1747407250102 2.4085569381713867 40
1747407254081 7.8895649909973145 50
1747407254082 7.8895649909973145 50
1747407259779 0.33065706491470337 60
1747407259784 0.33065706491470337 60
1747407263845 98.58708190917969 70
1747407263846 98.58708190917969 70
1747407267822 37.8918342590332 80
1747407267823 37.8918342590332 80
1747407271802 89.81919860839844 90
1747407271803 89.81919860839844 90
1747407281497 47.26792907714844 100
1747407281503 47.26792907714844 100
1747407287426 0.4106157124042511 110
1747407287427 0.4106157124042511 110
1747407293019 0.05020865425467491 120
1747407293024 0.05020865425467491 120
1747407297156 2.776097536087036 130
1747407297157 2.776097536087036 130
1747407302802 130.2001495361328 140
1747407302803 130.2001495361328 140
1747407308458 0.0450565442442894 150
1747407308459 0.0450565442442894 150
1747407314122 0.04580802097916603 160
1747407314123 0.04580802097916603 160
1747407318153 0.16408173739910126 170
1747407318153 0.16408173739910126 170
1747407322187 0.360880970954895 180
1747407322188 0.360880970954895 180
1747407332590 2.1197750568389893 190
1747407332591 2.1197750568389893 190
1747407336646 0.0727379322052002 200
1747407336646 0.0727379322052002 200
1747407344093 60.834476470947266 210
1747407344094 60.834476470947266 210
1747407348157 0.037740953266620636 220
1747407348158 0.037740953266620636 220
1747407355438 0.03275374695658684 230
1747407355439 0.03275374695658684 230
1747407361122 0.017455333843827248 240
1747407361122 0.017455333843827248 240
1747407365105 0.016917062923312187 250
1747407365106 0.016917062923312187 250
1747407369098 0.2133903056383133 260
1747407369099 0.2133903056383133 260
1747407373138 103.796142578125 270
1747407373139 103.796142578125 270
1747407377149 0.04244600608944893 280
1747407377150 0.04244600608944893 280
1747407385318 0.3683893084526062 290
1747407385319 0.3683893084526062 290
1747407390860 0.022791652008891106 300
1747407390861 0.022791652008891106 300
1747407394794 0.007217315956950188 310
1747407394794 0.007217315956950188 310
1747407400357 0.030110834166407585 320
1747407400358 0.030110834166407585 320
1747407404279 0.06784874200820923 330
1747407404280 0.06784874200820923 330
1747407408212 67.19759368896484 340
1747407408213 67.19759368896484 340
1747407412146 0.015837086364626884 350
1747407412147 0.015837086364626884 350
1747407416079 0.006998651660978794 360
1747407416080 0.006998651660978794 360
1747407420022 0.00907929427921772 370
1747407420023 0.00907929427921772 370
1747407429797 0.8532552719116211 380
1747407429798 0.8532552719116211 380
1747407433789 0.0065901936031877995 390
1747407433790 0.0065901936031877995 390
1747407437834 0.006264161318540573 400
1747407437835 0.006264161318540573 400
1747407441842 0.005448556505143642 410
1747407441843 0.005448556505143642 410
1747407446084 0.009537393227219582 420
1747407446087 0.009537393227219582 420
1747407453135 0.0040998454205691814 430
1747407453136 0.0040998454205691814 430
1747407457107 0.003192893462255597 440
1747407457108 0.003192893462255597 440
1747407461194 0.0037003958132117987 450
1747407461195 0.0037003958132117987 450
1747407466876 0.00424624839797616 460
1747407466877 0.00424624839797616 460
1747407472283 0.004328296985477209 470
1747407472284 0.004328296985477209 470
1747407480588 0.0033023247960954905 480
1747407480589 0.0033023247960954905 480
1747407486176 0.0029631848447024822 490
1747407486176 0.0029631848447024822 490
1747407490119 0.004120605997741222 500
1747407490120 0.004120605997741222 500
1747407495680 0.002533825347200036 510
1747407495681 0.002533825347200036 510
1747407499624 0.0041778916493058205 520
1747407499623 0.0041778916493058205 520
1747407503556 0.0025701040867716074 530
1747407503557 0.0025701040867716074 530
1747407507552 0.0026243613101541996 540
1747407507551 0.0026243613101541996 540
1747407513073 0.0027898286934942007 550
1747407513076 0.0027898286934942007 550
1747407517253 0.0027561138849705458 560
1747407517253 0.0027561138849705458 560
1747407525465 0.0031465543434023857 570
1747407525465 0.0031465543434023857 570
1747407530904 0.002196833025664091 580
1747407530901 0.002196833025664091 580
1747407535058 0.0024209548719227314 590
1747407535059 0.0024209548719227314 590
1747407540653 0.00218505272641778 600
1747407540654 0.00218505272641778 600
1747407546409 0.002762397052720189 610
1747407546411 0.002762397052720189 610
1747407550486 0.0017960402183234692 620
1747407550488 0.0017960402183234692 620
1747407555950 0.0018715837504714727 630
1747407555953 0.0018715837504714727 630
1747407561754 0.001834589522331953 640
1747407561755 0.001834589522331953 640
1747407565814 0.022558284923434258 650
1747407565815 0.022558284923434258 650
1747407576425 0.0019362294115126133 660
1747407576430 0.0019362294115126133 660
1747407580464 0.0017160845454782248 670
1747407580465 0.0017160845454782248 670
1747407586113 0.0017561620334163308 680
1747407586113 0.0017561620334163308 680
1747407590100 0.002402716549113393 690
1747407590100 0.002402716549113393 690
1747407594079 0.002060345374047756 700
1747407594079 0.002060345374047756 700
1747407598054 0.0018740934319794178 710
1747407598055 0.0018740934319794178 710
1747407603667 0.002159332623705268 720
1747407603670 0.002159332623705268 720
1747407609339 0.001929334830492735 730
1747407609340 0.001929334830492735 730
1747407615008 0.0018269577994942665 740
1747407615008 0.0018269577994942665 740
1747407618991 0.0018884673481807113 750
1747407618992 0.0018884673481807113 750
1747407627422 0.0019136782502755523 760
1747407627423 0.0019136782502755523 760
1747407633113 0.0018088832730427384 770
1747407633114 0.0018088832730427384 770
1747407638735 0.007143152877688408 780
1747407638737 0.007143152877688408 780
1747407642780 0.0015300284139811993 790
1747407642781 0.0015300284139811993 790
1747407646904 0.0018246390391141176 800
1747407646905 0.0018246390391141176 800
1747407652570 0.0014513147762045264 810
1747407652571 0.0014513147762045264 810
1747407656692 0.0016281090211123228 820
1747407656692 0.0016281090211123228 820
1747407660748 0.0015754069900140166 830
1747407660750 0.0015754069900140166 830
1747407664826 0.0016315702814608812 840
1747407664827 0.0016315702814608812 840
1747407674928 0.001503904815763235 850
1747407674928 0.001503904815763235 850
1747407678913 0.0015716791385784745 860
1747407678914 0.0015716791385784745 860
1747407687882 0.0015581374755129218 870
1747407687886 0.0015581374755129218 870
1747407691995 0.0019098753109574318 880
1747407691996 0.0019098753109574318 880
1747407695993 0.001601582276634872 890
1747407695994 0.001601582276634872 890
1747407701795 0.0012889784993603826 900
1747407701798 0.0012889784993603826 900
1747407706080 0.00179286056663841 910
1747407706081 0.00179286056663841 910
1747407710247 0.0020511122420430183 920
1747407710248 0.0020511122420430183 920
1747407714274 0.0014210673980414867 930
1747407714275 0.0014210673980414867 930
1747407718161 0.0015543129993602633 940
1747407718160 0.0015543129993602633 940
