1747407234849 4.946808510638298e-05 10
1747407234851 4.946808510638298e-05 10
1747407238823 4.893617021276596e-05 20
1747407238824 4.893617021276596e-05 20
1747407242830 4.840425531914894e-05 30
1747407242831 4.840425531914894e-05 30
1747407250101 4.787234042553192e-05 40
1747407250102 4.787234042553192e-05 40
1747407254081 4.734042553191489e-05 50
1747407254082 4.734042553191489e-05 50
1747407259779 4.680851063829788e-05 60
1747407259784 4.680851063829788e-05 60
1747407263845 4.627659574468085e-05 70
1747407263846 4.627659574468085e-05 70
1747407267822 4.574468085106383e-05 80
1747407267823 4.574468085106383e-05 80
1747407271802 4.5212765957446815e-05 90
1747407271803 4.5212765957446815e-05 90
1747407281497 4.468085106382979e-05 100
1747407281503 4.468085106382979e-05 100
1747407287426 4.414893617021277e-05 110
1747407287427 4.414893617021277e-05 110
1747407293019 4.3617021276595746e-05 120
1747407293024 4.3617021276595746e-05 120
1747407297156 4.3085106382978725e-05 130
1747407297157 4.3085106382978725e-05 130
1747407302802 4.2553191489361704e-05 140
1747407302803 4.2553191489361704e-05 140
1747407308458 4.2021276595744684e-05 150
1747407308459 4.2021276595744684e-05 150
1747407314122 4.148936170212766e-05 160
1747407314123 4.148936170212766e-05 160
1747407318153 4.095744680851064e-05 170
1747407318153 4.095744680851064e-05 170
1747407322187 4.0425531914893614e-05 180
1747407322188 4.0425531914893614e-05 180
1747407332590 3.9893617021276594e-05 190
1747407332591 3.9893617021276594e-05 190
1747407336646 3.936170212765958e-05 200
1747407336646 3.936170212765958e-05 200
1747407344093 3.882978723404255e-05 210
1747407344094 3.882978723404255e-05 210
1747407348157 3.829787234042553e-05 220
1747407348158 3.829787234042553e-05 220
1747407355439 3.776595744680852e-05 230
1747407355438 3.776595744680852e-05 230
1747407361122 3.723404255319149e-05 240
1747407361122 3.723404255319149e-05 240
1747407365105 3.670212765957447e-05 250
1747407365106 3.670212765957447e-05 250
1747407369098 3.617021276595745e-05 260
1747407369099 3.617021276595745e-05 260
1747407373138 3.563829787234043e-05 270
1747407373139 3.563829787234043e-05 270
1747407377149 3.5106382978723407e-05 280
1747407377150 3.5106382978723407e-05 280
1747407385318 3.4574468085106386e-05 290
1747407385319 3.4574468085106386e-05 290
1747407390860 3.4042553191489365e-05 300
1747407390861 3.4042553191489365e-05 300
1747407394794 3.3510638297872344e-05 310
1747407394794 3.3510638297872344e-05 310
1747407400357 3.2978723404255317e-05 320
1747407400358 3.2978723404255317e-05 320
1747407404279 3.2446808510638296e-05 330
1747407404280 3.2446808510638296e-05 330
1747407408212 3.191489361702128e-05 340
1747407408213 3.191489361702128e-05 340
1747407412146 3.1382978723404254e-05 350
1747407412147 3.1382978723404254e-05 350
1747407416079 3.085106382978723e-05 360
1747407416080 3.085106382978723e-05 360
1747407420022 3.0319148936170216e-05 370
1747407420023 3.0319148936170216e-05 370
1747407429797 2.9787234042553192e-05 380
1747407429798 2.9787234042553192e-05 380
1747407433789 2.925531914893617e-05 390
1747407433790 2.925531914893617e-05 390
1747407437834 2.8723404255319154e-05 400
1747407437835 2.8723404255319154e-05 400
1747407441842 2.819148936170213e-05 410
1747407441843 2.819148936170213e-05 410
1747407446084 2.765957446808511e-05 420
1747407446087 2.765957446808511e-05 420
1747407453135 2.7127659574468084e-05 430
1747407453136 2.7127659574468084e-05 430
1747407457107 2.6595744680851064e-05 440
1747407457108 2.6595744680851064e-05 440
1747407461194 2.6063829787234046e-05 450
1747407461195 2.6063829787234046e-05 450
1747407466876 2.5531914893617022e-05 460
1747407466877 2.5531914893617022e-05 460
1747407472283 2.5e-05 470
1747407472284 2.5e-05 470
1747407480588 2.446808510638298e-05 480
1747407480589 2.446808510638298e-05 480
1747407486176 2.393617021276596e-05 490
1747407486176 2.393617021276596e-05 490
1747407490119 2.340425531914894e-05 500
1747407490120 2.340425531914894e-05 500
1747407495680 2.2872340425531915e-05 510
1747407495681 2.2872340425531915e-05 510
1747407499624 2.2340425531914894e-05 520
1747407499623 2.2340425531914894e-05 520
1747407503556 2.1808510638297873e-05 530
1747407503557 2.1808510638297873e-05 530
1747407507552 2.1276595744680852e-05 540
1747407507551 2.1276595744680852e-05 540
1747407513073 2.074468085106383e-05 550
1747407513076 2.074468085106383e-05 550
1747407517253 2.0212765957446807e-05 560
1747407517253 2.0212765957446807e-05 560
1747407525465 1.968085106382979e-05 570
1747407525465 1.968085106382979e-05 570
1747407530904 1.9148936170212766e-05 580
1747407530901 1.9148936170212766e-05 580
1747407535058 1.8617021276595745e-05 590
1747407535059 1.8617021276595745e-05 590
1747407540653 1.8085106382978724e-05 600
1747407540654 1.8085106382978724e-05 600
1747407546409 1.7553191489361703e-05 610
1747407546411 1.7553191489361703e-05 610
1747407550486 1.7021276595744682e-05 620
1747407550488 1.7021276595744682e-05 620
1747407555950 1.6489361702127658e-05 630
1747407555953 1.6489361702127658e-05 630
1747407561754 1.595744680851064e-05 640
1747407561755 1.595744680851064e-05 640
1747407565814 1.5425531914893617e-05 650
1747407565815 1.5425531914893617e-05 650
1747407576425 1.4893617021276596e-05 660
1747407576430 1.4893617021276596e-05 660
1747407580464 1.4361702127659577e-05 670
1747407580465 1.4361702127659577e-05 670
1747407586113 1.3829787234042554e-05 680
1747407586113 1.3829787234042554e-05 680
1747407590100 1.3297872340425532e-05 690
1747407590100 1.3297872340425532e-05 690
1747407594079 1.2765957446808511e-05 700
1747407594079 1.2765957446808511e-05 700
1747407598054 1.223404255319149e-05 710
1747407598055 1.223404255319149e-05 710
1747407603667 1.170212765957447e-05 720
1747407603670 1.170212765957447e-05 720
1747407609339 1.1170212765957447e-05 730
1747407609340 1.1170212765957447e-05 730
1747407615008 1.0638297872340426e-05 740
1747407615008 1.0638297872340426e-05 740
1747407618991 1.0106382978723404e-05 750
1747407618992 1.0106382978723404e-05 750
1747407627423 9.574468085106383e-06 760
1747407627422 9.574468085106383e-06 760
1747407633113 9.042553191489362e-06 770
1747407633114 9.042553191489362e-06 770
1747407638735 8.510638297872341e-06 780
1747407638737 8.510638297872341e-06 780
1747407642780 7.97872340425532e-06 790
1747407642781 7.97872340425532e-06 790
1747407646904 7.446808510638298e-06 800
1747407646905 7.446808510638298e-06 800
1747407652570 6.914893617021277e-06 810
1747407652571 6.914893617021277e-06 810
1747407656692 6.3829787234042555e-06 820
1747407656692 6.3829787234042555e-06 820
1747407660748 5.851063829787235e-06 830
1747407660750 5.851063829787235e-06 830
1747407664826 5.319148936170213e-06 840
1747407664827 5.319148936170213e-06 840
1747407674928 4.787234042553191e-06 850
1747407674928 4.787234042553191e-06 850
1747407678913 4.255319148936171e-06 860
1747407678914 4.255319148936171e-06 860
1747407687882 3.723404255319149e-06 870
1747407687886 3.723404255319149e-06 870
1747407691995 3.1914893617021277e-06 880
1747407691996 3.1914893617021277e-06 880
1747407695993 2.6595744680851065e-06 890
1747407695994 2.6595744680851065e-06 890
1747407701795 2.1276595744680853e-06 900
1747407701798 2.1276595744680853e-06 900
1747407706080 1.5957446808510639e-06 910
1747407706081 1.5957446808510639e-06 910
1747407710247 1.0638297872340427e-06 920
1747407710248 1.0638297872340427e-06 920
1747407714274 5.319148936170213e-07 930
1747407714275 5.319148936170213e-07 930
1747407718161 0.0 940
1747407718160 0.0 940
