1747407234849 0.6683 10
1747407234851 0.6683 10
1747407238823 0.4268 20
1747407238824 0.4268 20
1747407242830 0.2025 30
1747407242831 0.2025 30
1747407250101 0.221 40
1747407250102 0.221 40
1747407254081 0.2699 50
1747407254082 0.2699 50
1747407259779 0.1741 60
1747407259784 0.1741 60
1747407263845 0.2291 70
1747407263846 0.2291 70
1747407267822 0.1553 80
1747407267823 0.1553 80
1747407271802 0.1726 90
1747407271803 0.1726 90
1747407281497 0.1127 100
1747407281503 0.1127 100
1747407287426 0.1003 110
1747407287427 0.1003 110
1747407293019 0.0254 120
1747407293024 0.0254 120
1747407297156 0.0513 130
1747407297157 0.0513 130
1747407302802 0.1826 140
1747407302803 0.1826 140
1747407308458 0.131 150
1747407308459 0.131 150
1747407314122 0.1217 160
1747407314123 0.1217 160
1747407318153 0.0883 170
1747407318153 0.0883 170
1747407322187 0.0675 180
1747407322188 0.0675 180
1747407332590 0.0817 190
1747407332591 0.0817 190
1747407336646 0.0444 200
1747407336646 0.0444 200
1747407344093 0.0272 210
1747407344094 0.0272 210
1747407348157 0.0798 220
1747407348158 0.0798 220
1747407355438 0.0175 230
1747407355439 0.0175 230
1747407361122 0.0776 240
1747407361122 0.0776 240
1747407365105 0.0508 250
1747407365106 0.0508 250
1747407369098 0.0458 260
1747407369099 0.0458 260
1747407373138 0.0581 270
1747407373139 0.0581 270
1747407377149 0.0342 280
1747407377150 0.0342 280
1747407385318 0.0524 290
1747407385319 0.0524 290
1747407390860 0.0007 300
1747407390861 0.0007 300
1747407394794 0.031 310
1747407394794 0.031 310
1747407400357 0.0462 320
1747407400358 0.0462 320
1747407404279 0.0565 330
1747407404280 0.0565 330
1747407408212 0.0575 340
1747407408213 0.0575 340
1747407412146 0.0037 350
1747407412147 0.0037 350
1747407416079 0.0875 360
1747407416080 0.0875 360
1747407420022 0.0354 370
1747407420023 0.0354 370
1747407429797 0.0998 380
1747407429798 0.0998 380
1747407433789 0.0213 390
1747407433790 0.0213 390
1747407437834 0.0641 400
1747407437835 0.0641 400
1747407441842 0.0008 410
1747407441843 0.0008 410
1747407446084 0.0002 420
1747407446087 0.0002 420
1747407453135 0.0002 430
1747407453136 0.0002 430
1747407457107 0.0002 440
1747407457108 0.0002 440
1747407461194 0.0002 450
1747407461195 0.0002 450
1747407466876 0.0002 460
1747407466877 0.0002 460
1747407472283 0.0002 470
1747407472284 0.0002 470
1747407480588 0.0001 480
1747407480589 0.0001 480
1747407486176 0.0001 490
1747407486176 0.0001 490
1747407490119 0.0403 500
1747407490120 0.0403 500
1747407495680 0.0003 510
1747407495681 0.0003 510
1747407499623 0.0001 520
1747407499624 0.0001 520
1747407503556 0.0001 530
1747407503557 0.0001 530
1747407507552 0.0001 540
1747407507551 0.0001 540
1747407513073 0.0002 550
1747407513076 0.0002 550
1747407517253 0.0001 560
1747407517253 0.0001 560
1747407525465 0.0001 570
1747407525465 0.0001 570
1747407530901 0.0249 580
1747407530904 0.0249 580
1747407535058 0.0001 590
1747407535059 0.0001 590
1747407540653 0.0001 600
1747407540654 0.0001 600
1747407546409 0.0001 610
1747407546411 0.0001 610
1747407550486 0.0001 620
1747407550488 0.0001 620
1747407555950 0.0001 630
1747407555953 0.0001 630
1747407561754 0.0365 640
1747407561755 0.0365 640
1747407565814 0.1055 650
1747407565815 0.1055 650
1747407576425 0.0001 660
1747407576430 0.0001 660
1747407580464 0.0006 670
1747407580465 0.0006 670
1747407586113 0.0001 680
1747407586113 0.0001 680
1747407590100 0.0001 690
1747407590100 0.0001 690
1747407594079 0.0001 700
1747407594079 0.0001 700
1747407598054 0.0001 710
1747407598055 0.0001 710
1747407603667 0.0001 720
1747407603670 0.0001 720
1747407609339 0.0001 730
1747407609340 0.0001 730
1747407615008 0.0001 740
1747407615008 0.0001 740
1747407618991 0.0001 750
1747407618992 0.0001 750
1747407627422 0.0001 760
1747407627423 0.0001 760
1747407633113 0.0001 770
1747407633114 0.0001 770
1747407638735 0.0001 780
1747407638737 0.0001 780
1747407642780 0.0001 790
1747407642781 0.0001 790
1747407646904 0.0001 800
1747407646905 0.0001 800
1747407652570 0.0001 810
1747407652571 0.0001 810
1747407656692 0.0001 820
1747407656692 0.0001 820
1747407660748 0.0001 830
1747407660750 0.0001 830
1747407664826 0.0001 840
1747407664827 0.0001 840
1747407674928 0.0001 850
1747407674928 0.0001 850
1747407678913 0.0001 860
1747407678914 0.0001 860
1747407687882 0.0001 870
1747407687886 0.0001 870
1747407691995 0.0001 880
1747407691996 0.0001 880
1747407695993 0.0001 890
1747407695994 0.0001 890
1747407701795 0.0001 900
1747407701798 0.0001 900
1747407706080 0.0001 910
1747407706081 0.0001 910
1747407710247 0.0001 920
1747407710248 0.0001 920
1747407714274 0.0001 930
1747407714275 0.0001 930
1747407718160 0.0001 940
1747407718161 0.0001 940
