1746806089373 0.056179775280898875 10
1746806089374 0.056179775280898875 10
1746806100890 0.11235955056179775 20
1746806100890 0.11235955056179775 20
1746806112490 0.16853932584269662 30
1746806112491 0.16853932584269662 30
1746806120775 0.2247191011235955 40
1746806120775 0.2247191011235955 40
1746806129122 0.2808988764044944 50
1746806129123 0.2808988764044944 50
1746806137450 0.33707865168539325 60
1746806137451 0.33707865168539325 60
1746806145795 0.39325842696629215 70
1746806145795 0.39325842696629215 70
1746806155710 0.449438202247191 80
1746806155711 0.449438202247191 80
1746806165748 0.5056179775280899 90
1746806165749 0.5056179775280899 90
1746806177575 0.5617977528089888 100
1746806177576 0.5617977528089888 100
1746806189187 0.6179775280898876 110
1746806189188 0.6179775280898876 110
1746806199102 0.6741573033707865 120
1746806199103 0.6741573033707865 120
1746806207415 0.7303370786516854 130
1746806207415 0.7303370786516854 130
1746806215725 0.7865168539325843 140
1746806215726 0.7865168539325843 140
1746806224077 0.8426966292134831 150
1746806224078 0.8426966292134831 150
1746806235659 0.898876404494382 160
1746806235659 0.898876404494382 160
1746806243975 0.9550561797752809 170
1746806243976 0.9550561797752809 170
1746806305519 1.0 178
1746806305519 1.0 178
1746806308634 1.0112359550561798 180
1746806308635 1.0112359550561798 180
1746806321878 1.0674157303370786 190
1746806321878 1.0674157303370786 190
1746806331858 1.1235955056179776 200
1746806331858 1.1235955056179776 200
1746806343443 1.1797752808988764 210
1746806343444 1.1797752808988764 210
1746806354995 1.2359550561797752 220
1746806354996 1.2359550561797752 220
1746806363525 1.2921348314606742 230
1746806363524 1.2921348314606742 230
1746806371966 1.348314606741573 240
1746806371967 1.348314606741573 240
1746806380489 1.404494382022472 250
1746806380490 1.404494382022472 250
1746806388897 1.4606741573033708 260
1746806388898 1.4606741573033708 260
1746806397336 1.5168539325842696 270
1746806397337 1.5168539325842696 270
1746806405792 1.5730337078651684 280
1746806405793 1.5730337078651684 280
1746806414239 1.6292134831460674 290
1746806414240 1.6292134831460674 290
1746806424389 1.6853932584269664 300
1746806424389 1.6853932584269664 300
1746806432741 1.7415730337078652 310
1746806432742 1.7415730337078652 310
1746806441107 1.797752808988764 320
1746806441108 1.797752808988764 320
1746806449481 1.8539325842696628 330
1746806449482 1.8539325842696628 330
1746806459446 1.9101123595505618 340
1746806459447 1.9101123595505618 340
1746806467786 1.9662921348314608 350
1746806467787 1.9662921348314608 350
1746806517390 2.0 356
1746806517391 2.0 356
1746806522164 2.0224719101123596 360
1746806522164 2.0224719101123596 360
1746806530634 2.0786516853932584 370
1746806530633 2.0786516853932584 370
1746806539051 2.134831460674157 380
1746806539051 2.134831460674157 380
1746806547473 2.191011235955056 390
1746806547473 2.191011235955056 390
1746806555907 2.247191011235955 400
1746806555907 2.247191011235955 400
1746806564331 2.303370786516854 410
1746806564332 2.303370786516854 410
1746806572775 2.359550561797753 420
1746806572775 2.359550561797753 420
1746806581231 2.4157303370786516 430
1746806581230 2.4157303370786516 430
1746806589675 2.4719101123595504 440
1746806589675 2.4719101123595504 440
1746806598104 2.5280898876404496 450
1746806598103 2.5280898876404496 450
1746806606549 2.5842696629213484 460
1746806606549 2.5842696629213484 460
1746806614996 2.640449438202247 470
1746806614997 2.640449438202247 470
1746806623432 2.696629213483146 480
1746806623433 2.696629213483146 480
1746806631887 2.752808988764045 490
1746806631888 2.752808988764045 490
1746806640343 2.808988764044944 500
1746806640343 2.808988764044944 500
1746806648819 2.865168539325843 510
1746806648819 2.865168539325843 510
1746806657269 2.9213483146067416 520
1746806657270 2.9213483146067416 520
1746806665709 2.9775280898876404 530
1746806665710 2.9775280898876404 530
1746806714123 3.0 534
1746806714124 3.0 534
1746806720647 3.033707865168539 540
1746806720648 3.033707865168539 540
1746806729123 3.0898876404494384 550
1746806729122 3.0898876404494384 550
1746806737598 3.146067415730337 560
1746806737599 3.146067415730337 560
1746806746088 3.202247191011236 570
1746806746089 3.202247191011236 570
1746806754571 3.258426966292135 580
1746806754572 3.258426966292135 580
1746806763083 3.3146067415730336 590
1746806763083 3.3146067415730336 590
1746806771558 3.370786516853933 600
1746806771559 3.370786516853933 600
1746806780046 3.4269662921348316 610
1746806780047 3.4269662921348316 610
1746806788524 3.4831460674157304 620
1746806788526 3.4831460674157304 620
1746806798624 3.539325842696629 630
1746806798625 3.539325842696629 630
1746806807087 3.595505617977528 640
1746806807087 3.595505617977528 640
1746806815539 3.6516853932584272 650
1746806815539 3.6516853932584272 650
1746806824012 3.7078651685393256 660
1746806824013 3.7078651685393256 660
1746806832485 3.764044943820225 670
1746806832486 3.764044943820225 670
1746806840950 3.8202247191011236 680
1746806840951 3.8202247191011236 680
1746806849428 3.8764044943820224 690
1746806849429 3.8764044943820224 690
1746806857913 3.932584269662921 700
1746806857914 3.932584269662921 700
1746806866404 3.98876404494382 710
1746806866405 3.98876404494382 710
1746806913249 4.0 712
1746806913248 4.0 712
1746806921981 4.044943820224719 720
1746806921982 4.044943820224719 720
1746806930493 4.101123595505618 730
1746806930494 4.101123595505618 730
1746806938971 4.157303370786517 740
1746806938972 4.157303370786517 740
1746806947464 4.213483146067416 750
1746806947465 4.213483146067416 750
1746806955929 4.269662921348314 760
1746806955929 4.269662921348314 760
1746806964403 4.325842696629214 770
1746806964403 4.325842696629214 770
1746806972914 4.382022471910112 780
1746806972915 4.382022471910112 780
1746806981388 4.438202247191011 790
1746806981388 4.438202247191011 790
1746806989867 4.49438202247191 800
1746806989866 4.49438202247191 800
1746806998349 4.550561797752809 810
1746806998350 4.550561797752809 810
1746807006815 4.606741573033708 820
1746807006814 4.606741573033708 820
1746807015292 4.662921348314606 830
1746807015292 4.662921348314606 830
1746807023772 4.719101123595506 840
1746807023773 4.719101123595506 840
1746807032273 4.775280898876405 850
1746807032272 4.775280898876405 850
1746807040745 4.831460674157303 860
1746807040746 4.831460674157303 860
1746807049218 4.887640449438202 870
1746807049219 4.887640449438202 870
1746807057690 4.943820224719101 880
1746807057688 4.943820224719101 880
1746807065776 5.0 890
1746807065777 5.0 890
1746807111336 5.0 890
1746807111337 5.0 890
1746807121217 5.056179775280899 900
1746807121218 5.056179775280899 900
1746807129932 5.112359550561798 910
1746807129933 5.112359550561798 910
1746807138441 5.168539325842697 920
1746807138442 5.168539325842697 920
1746807146944 5.224719101123595 930
1746807146944 5.224719101123595 930
1746807155453 5.280898876404494 940
1746807155453 5.280898876404494 940
1746807163936 5.337078651685394 950
1746807163936 5.337078651685394 950
1746807172402 5.393258426966292 960
1746807172402 5.393258426966292 960
1746807180871 5.449438202247191 970
1746807180871 5.449438202247191 970
1746807189353 5.50561797752809 980
1746807189353 5.50561797752809 980
1746807197819 5.561797752808989 990
1746807197819 5.561797752808989 990
1746807206288 5.617977528089888 1000
1746807206288 5.617977528089888 1000
1746807214756 5.674157303370786 1010
1746807214756 5.674157303370786 1010
1746807223230 5.730337078651686 1020
1746807223231 5.730337078651686 1020
1746807231719 5.786516853932584 1030
1746807231720 5.786516853932584 1030
1746807241796 5.842696629213483 1040
1746807241797 5.842696629213483 1040
1746807250256 5.898876404494382 1050
1746807250257 5.898876404494382 1050
1746807258702 5.955056179775281 1060
1746807258702 5.955056179775281 1060
1746807312185 6.0 1068
1746807312186 6.0 1068
1746807315316 6.01123595505618 1070
1746807315316 6.01123595505618 1070
1746807323873 6.067415730337078 1080
1746807323873 6.067415730337078 1080
1746807332324 6.123595505617978 1090
1746807332325 6.123595505617978 1090
1746807340777 6.179775280898877 1100
1746807340777 6.179775280898877 1100
1746807349236 6.235955056179775 1110
1746807349238 6.235955056179775 1110
1746807357708 6.292134831460674 1120
1746807357708 6.292134831460674 1120
1746807366156 6.348314606741573 1130
1746807366157 6.348314606741573 1130
1746807374623 6.404494382022472 1140
1746807374624 6.404494382022472 1140
1746807383112 6.460674157303371 1150
1746807383113 6.460674157303371 1150
1746807391591 6.51685393258427 1160
1746807391592 6.51685393258427 1160
1746807400088 6.573033707865169 1170
1746807400089 6.573033707865169 1170
1746807408575 6.629213483146067 1180
1746807408576 6.629213483146067 1180
1746807417065 6.685393258426966 1190
1746807417065 6.685393258426966 1190
1746807425537 6.741573033707866 1200
1746807425538 6.741573033707866 1200
1746807434021 6.797752808988764 1210
1746807434022 6.797752808988764 1210
1746807444116 6.853932584269663 1220
1746807444117 6.853932584269663 1220
1746807452555 6.910112359550562 1230
1746807452556 6.910112359550562 1230
1746807461015 6.966292134831461 1240
1746807461015 6.966292134831461 1240
1746807511231 7.0 1246
1746807511232 7.0 1246
1746807517769 7.022471910112359 1250
1746807517769 7.022471910112359 1250
1746807527856 7.078651685393258 1260
1746807527858 7.078651685393258 1260
1746807536303 7.134831460674158 1270
1746807536303 7.134831460674158 1270
1746807544729 7.191011235955056 1280
1746807544730 7.191011235955056 1280
1746807553171 7.247191011235955 1290
1746807553172 7.247191011235955 1290
1746807561618 7.303370786516854 1300
1746807561619 7.303370786516854 1300
1746807570067 7.359550561797753 1310
1746807570068 7.359550561797753 1310
1746807578517 7.415730337078652 1320
1746807578519 7.415730337078652 1320
1746807586988 7.47191011235955 1330
1746807586988 7.47191011235955 1330
1746807595460 7.52808988764045 1340
1746807595461 7.52808988764045 1340
1746807603899 7.584269662921348 1350
1746807603900 7.584269662921348 1350
1746807612357 7.640449438202247 1360
1746807612357 7.640449438202247 1360
1746807620833 7.696629213483146 1370
1746807620835 7.696629213483146 1370
1746807629296 7.752808988764045 1380
1746807629297 7.752808988764045 1380
1746807637764 7.808988764044944 1390
1746807637764 7.808988764044944 1390
1746807646231 7.865168539325842 1400
1746807646232 7.865168539325842 1400
1746807654717 7.921348314606742 1410
1746807654719 7.921348314606742 1410
1746807664820 7.97752808988764 1420
1746807664820 7.97752808988764 1420
1746807713499 8.0 1424
1746807713500 8.0 1424
1746807720031 8.03370786516854 1430
1746807720031 8.03370786516854 1430
1746807728615 8.089887640449438 1440
1746807728614 8.089887640449438 1440
1746807738738 8.146067415730338 1450
1746807738738 8.146067415730338 1450
1746807747197 8.202247191011235 1460
1746807747198 8.202247191011235 1460
1746807755657 8.258426966292134 1470
1746807755658 8.258426966292134 1470
1746807764139 8.314606741573034 1480
1746807764140 8.314606741573034 1480
1746807772615 8.370786516853933 1490
1746807772616 8.370786516853933 1490
1746807781096 8.426966292134832 1500
1746807781096 8.426966292134832 1500
1746807789578 8.48314606741573 1510
1746807789578 8.48314606741573 1510
1746807798059 8.539325842696629 1520
1746807798059 8.539325842696629 1520
1746807806515 8.595505617977528 1530
1746807806516 8.595505617977528 1530
1746807815009 8.651685393258427 1540
1746807815009 8.651685393258427 1540
1746807823491 8.707865168539326 1550
1746807823492 8.707865168539326 1550
1746807831990 8.764044943820224 1560
1746807831991 8.764044943820224 1560
1746807840500 8.820224719101123 1570
1746807840501 8.820224719101123 1570
1746807848990 8.876404494382022 1580
1746807848991 8.876404494382022 1580
1746807857470 8.932584269662922 1590
1746807857470 8.932584269662922 1590
1746807865958 8.98876404494382 1600
1746807865959 8.98876404494382 1600
1746807913034 9.0 1602
1746807913034 9.0 1602
1746807921222 9.044943820224718 1610
1746807921234 9.044943820224718 1610
1746807929743 9.101123595505618 1620
1746807929743 9.101123595505618 1620
1746807938247 9.157303370786517 1630
1746807938248 9.157303370786517 1630
1746807946757 9.213483146067416 1640
1746807946758 9.213483146067416 1640
1746807955269 9.269662921348315 1650
1746807955270 9.269662921348315 1650
1746807963791 9.325842696629213 1660
1746807963792 9.325842696629213 1660
1746807972301 9.382022471910112 1670
1746807972302 9.382022471910112 1670
1746807980792 9.438202247191011 1680
1746807980793 9.438202247191011 1680
1746807989283 9.49438202247191 1690
1746807989283 9.49438202247191 1690
1746807997763 9.55056179775281 1700
1746807997764 9.55056179775281 1700
1746808006250 9.606741573033707 1710
1746808006251 9.606741573033707 1710
1746808014725 9.662921348314606 1720
1746808014726 9.662921348314606 1720
1746808023196 9.719101123595506 1730
1746808023196 9.719101123595506 1730
1746808031687 9.775280898876405 1740
1746808031687 9.775280898876405 1740
1746808040159 9.831460674157304 1750
1746808040160 9.831460674157304 1750
1746808048654 9.887640449438202 1760
1746808048655 9.887640449438202 1760
1746808057140 9.9438202247191 1770
1746808057140 9.9438202247191 1770
1746808065212 10.0 1780
1746808065212 10.0 1780
1746808111099 10.0 1780
1746808111099 10.0 1780
1746808112816 10.0 1780
1746808112816 10.0 1780
