1746806089373 3.3007917404174805 10
1746806089374 3.3007917404174805 10
1746806100890 6.119049549102783 20
1746806100890 6.119049549102783 20
1746806112490 3.2700557708740234 30
1746806112491 3.2700557708740234 30
1746806120775 1.8115737438201904 40
1746806129122 3.269545316696167 50
1746806129123 3.269545316696167 50
1746806137450 4.050721168518066 60
1746806137451 4.050721168518066 60
1746806145795 12.300572395324707 70
1746806145795 12.300572395324707 70
1746806155710 2.9745166301727295 80
1746806155711 2.9745166301727295 80
1746806165748 1.9644311666488647 90
1746806165749 1.9644311666488647 90
1746806177575 6.067671775817871 100
1746806177576 6.067671775817871 100
1746806189187 5.139397144317627 110
1746806189188 5.139397144317627 110
1746806199102 7.332751750946045 120
1746806199103 7.332751750946045 120
1746806207415 2.4581668376922607 130
1746806207415 2.4581668376922607 130
1746806215725 4.6335954666137695 140
1746806215726 4.6335954666137695 140
1746806224077 7.724893093109131 150
1746806224078 7.724893093109131 150
1746806235659 11.32352066040039 160
1746806235659 11.32352066040039 160
1746806243975 2.657397985458374 170
1746806243976 2.657397985458374 170
1746806308634 7.304970741271973 180
1746806308635 7.304970741271973 180
1746806321878 2.338453769683838 190
1746806321878 2.338453769683838 190
1746806331858 1.5728377103805542 200
1746806331858 1.5728377103805542 200
1746806343443 3.903231382369995 210
1746806343444 3.903231382369995 210
1746806354995 7.6978936195373535 220
1746806354996 7.6978936195373535 220
1746806363525 15.082470893859863 230
1746806363524 15.082470893859863 230
1746806371966 2.105658769607544 240
1746806371967 2.105658769607544 240
1746806380489 3.1625747680664062 250
1746806380490 3.1625747680664062 250
1746806388897 2.2237038612365723 260
1746806388898 2.2237038612365723 260
1746806397336 6.899158477783203 270
1746806397337 6.899158477783203 270
1746806405792 4.188205242156982 280
1746806405793 4.188205242156982 280
1746806414239 2.2463462352752686 290
1746806414240 2.2463462352752686 290
1746806424389 2.2752037048339844 300
1746806424389 2.2752037048339844 300
1746806432741 2.717053174972534 310
1746806432742 2.717053174972534 310
1746806441107 2.277451992034912 320
1746806441108 2.277451992034912 320
1746806449481 4.380086421966553 330
1746806449482 4.380086421966553 330
1746806459446 3.041325330734253 340
1746806459447 3.041325330734253 340
1746806467786 10.6973295211792 350
1746806467787 10.6973295211792 350
1746806522164 4.186149597167969 360
1746806522164 4.186149597167969 360
1746806530633 6.258135795593262 370
1746806530634 6.258135795593262 370
1746806539051 3.3994812965393066 380
1746806539051 3.3994812965393066 380
1746806547473 5.979008674621582 390
1746806547473 5.979008674621582 390
1746806555907 5.516156196594238 400
1746806555907 5.516156196594238 400
1746806564331 11.66557502746582 410
1746806564332 11.66557502746582 410
1746806572775 1.7501842975616455 420
1746806572775 1.7501842975616455 420
1746806581231 5.066456317901611 430
1746806581230 5.066456317901611 430
1746806589675 9.109992980957031 440
1746806589675 9.109992980957031 440
1746806598103 3.689061164855957 450
1746806598104 3.689061164855957 450
1746806606549 4.267698287963867 460
1746806606549 4.267698287963867 460
1746806614996 6.8882951736450195 470
1746806614997 6.8882951736450195 470
1746806623432 5.7937445640563965 480
1746806623433 5.7937445640563965 480
1746806631887 4.18556547164917 490
1746806631888 4.18556547164917 490
1746806640343 9.794047355651855 500
1746806640343 9.794047355651855 500
1746806648819 8.07990550994873 510
1746806648819 8.07990550994873 510
1746806657269 2.033985137939453 520
1746806657270 2.033985137939453 520
1746806665709 3.929184675216675 530
1746806665710 3.929184675216675 530
1746806720647 2.8441410064697266 540
1746806720648 2.8441410064697266 540
1746806729122 5.900128364562988 550
1746806729123 5.900128364562988 550
1746806737598 3.692124605178833 560
1746806737599 3.692124605178833 560
1746806746088 1.8158146142959595 570
1746806746089 1.8158146142959595 570
1746806754571 1.9333539009094238 580
1746806754572 1.9333539009094238 580
1746806763083 3.141542434692383 590
1746806763083 3.141542434692383 590
1746806771558 9.17807388305664 600
1746806771559 9.17807388305664 600
1746806780046 5.526736736297607 610
1746806780047 5.526736736297607 610
1746806788524 10.150577545166016 620
1746806788526 10.150577545166016 620
1746806798624 2.4340014457702637 630
1746806798625 2.4340014457702637 630
1746806807087 8.276412010192871 640
1746806807087 8.276412010192871 640
1746806815539 2.295409679412842 650
1746806815539 2.295409679412842 650
1746806824012 3.1068801879882812 660
1746806824013 3.1068801879882812 660
1746806832485 2.862504482269287 670
1746806832486 2.862504482269287 670
1746806840950 8.338634490966797 680
1746806840951 8.338634490966797 680
1746806849428 14.542860984802246 690
1746806849429 14.542860984802246 690
1746806857913 8.514684677124023 700
1746806857914 8.514684677124023 700
1746806866404 4.736676216125488 710
1746806866405 4.736676216125488 710
1746806921981 2.959620475769043 720
1746806921982 2.959620475769043 720
1746806930493 1.9697216749191284 730
1746806930494 1.9697216749191284 730
1746806938971 4.765346527099609 740
1746806938972 4.765346527099609 740
1746806947464 3.3154587745666504 750
1746806947465 3.3154587745666504 750
1746806955929 3.2939059734344482 760
1746806955929 3.2939059734344482 760
1746806964403 3.535858631134033 770
1746806964403 3.535858631134033 770
1746806972914 2.230969190597534 780
1746806972915 2.230969190597534 780
1746806981388 6.019726753234863 790
1746806981388 6.019726753234863 790
1746806989867 3.210498571395874 800
1746806998349 2.3601205348968506 810
1746806998350 2.3601205348968506 810
1746807006815 2.134816884994507 820
1746807006814 2.134816884994507 820
1746807015292 8.810643196105957 830
1746807015292 8.810643196105957 830
1746807023772 4.760715961456299 840
1746807023773 4.760715961456299 840
1746807032273 2.768197536468506 850
1746807032272 2.768197536468506 850
1746807040745 2.1458771228790283 860
1746807040746 2.1458771228790283 860
1746807049218 2.1739695072174072 870
1746807049219 2.1739695072174072 870
1746807057690 4.384793758392334 880
1746807057688 4.384793758392334 880
1746807065776 5.339177131652832 890
1746807065777 5.339177131652832 890
1746807121217 4.547242641448975 900
1746807121218 4.547242641448975 900
1746807129932 2.134861469268799 910
1746807129933 2.134861469268799 910
1746807138441 2.158470869064331 920
1746807138442 2.158470869064331 920
1746807146944 10.35629940032959 930
1746807146944 10.35629940032959 930
1746807155453 5.71839714050293 940
1746807155453 5.71839714050293 940
1746807163936 1.9242905378341675 950
1746807163936 1.9242905378341675 950
1746807172402 4.145628452301025 960
1746807172402 4.145628452301025 960
1746807180871 4.898457050323486 970
1746807180871 4.898457050323486 970
1746807189353 3.2293574810028076 980
1746807189353 3.2293574810028076 980
1746807197819 3.1724424362182617 990
1746807197819 3.1724424362182617 990
1746807206288 13.540349960327148 1000
1746807206288 13.540349960327148 1000
1746807214756 4.3354620933532715 1010
1746807214756 4.3354620933532715 1010
1746807223230 8.429976463317871 1020
1746807223231 8.429976463317871 1020
1746807231719 3.4685988426208496 1030
1746807231720 3.4685988426208496 1030
1746807241797 2.1020829677581787 1040
1746807241796 2.1020829677581787 1040
1746807250256 6.782454490661621 1050
1746807250257 6.782454490661621 1050
1746807258702 2.326932191848755 1060
1746807258702 2.326932191848755 1060
1746807315316 4.644339084625244 1070
1746807315316 4.644339084625244 1070
1746807323873 1.6006416082382202 1080
1746807323873 1.6006416082382202 1080
1746807332324 7.980343341827393 1090
1746807332325 7.980343341827393 1090
1746807340777 3.8437411785125732 1100
1746807340777 3.8437411785125732 1100
1746807349236 3.3653564453125 1110
1746807349238 3.3653564453125 1110
1746807357708 8.164027214050293 1120
1746807357708 8.164027214050293 1120
1746807366156 1.8674818277359009 1130
1746807366157 1.8674818277359009 1130
1746807374623 4.311179161071777 1140
1746807374624 4.311179161071777 1140
1746807383113 10.577177047729492 1150
1746807383112 10.577177047729492 1150
1746807391591 8.748130798339844 1160
1746807391592 8.748130798339844 1160
1746807400088 2.191978931427002 1170
1746807400089 2.191978931427002 1170
1746807408575 3.316720485687256 1180
1746807408576 3.316720485687256 1180
1746807417065 3.019313335418701 1190
1746807417065 3.019313335418701 1190
1746807425537 2.5122601985931396 1200
1746807425538 2.5122601985931396 1200
1746807434021 2.363753318786621 1210
1746807434022 2.363753318786621 1210
1746807444116 5.746855735778809 1220
1746807444117 5.746855735778809 1220
1746807452555 5.085461616516113 1230
1746807452556 5.085461616516113 1230
1746807461015 2.233525514602661 1240
1746807461015 2.233525514602661 1240
1746807517769 3.1398022174835205 1250
1746807517769 3.1398022174835205 1250
1746807527856 2.204669952392578 1260
1746807527858 2.204669952392578 1260
1746807536303 2.8633434772491455 1270
1746807536303 2.8633434772491455 1270
1746807544729 6.203165054321289 1280
1746807544730 6.203165054321289 1280
1746807553171 8.518349647521973 1290
1746807553172 8.518349647521973 1290
1746807561618 2.291447401046753 1300
1746807561619 2.291447401046753 1300
1746807570067 2.9220407009124756 1310
1746807570068 2.9220407009124756 1310
1746807578517 5.283989906311035 1320
1746807578519 5.283989906311035 1320
1746807586988 1.827884316444397 1330
1746807586988 1.827884316444397 1330
1746807595460 1.917191982269287 1340
1746807595461 1.917191982269287 1340
1746807603899 9.423518180847168 1350
1746807603900 9.423518180847168 1350
1746807612357 1.9660570621490479 1360
1746807612357 1.9660570621490479 1360
1746807620833 5.743300914764404 1370
1746807620835 5.743300914764404 1370
1746807629296 5.43953275680542 1380
1746807629297 5.43953275680542 1380
1746807637764 2.344820261001587 1390
1746807637764 2.344820261001587 1390
1746807646231 7.517271518707275 1400
1746807646232 7.517271518707275 1400
1746807654717 2.9490394592285156 1410
1746807654719 2.9490394592285156 1410
1746807664820 2.8625710010528564 1420
1746807664820 2.8625710010528564 1420
1746807720031 5.798492431640625 1430
1746807720031 5.798492431640625 1430
1746807728614 1.9412401914596558 1440
1746807728615 1.9412401914596558 1440
1746807738738 11.182098388671875 1450
1746807738738 11.182098388671875 1450
1746807747197 6.382229328155518 1460
1746807747198 6.382229328155518 1460
1746807755657 2.1236579418182373 1470
1746807755658 2.1236579418182373 1470
1746807764139 2.135676145553589 1480
1746807764140 2.135676145553589 1480
1746807772615 10.462512969970703 1490
1746807772616 10.462512969970703 1490
1746807781096 3.6586153507232666 1500
1746807781096 3.6586153507232666 1500
1746807789578 2.4534084796905518 1510
1746807789578 2.4534084796905518 1510
1746807798059 13.078190803527832 1520
1746807798059 13.078190803527832 1520
1746807806515 3.048009157180786 1530
1746807806516 3.048009157180786 1530
1746807815009 9.111071586608887 1540
1746807815009 9.111071586608887 1540
1746807823491 2.5394883155822754 1550
1746807823492 2.5394883155822754 1550
1746807831990 2.026876211166382 1560
1746807831991 2.026876211166382 1560
1746807840500 2.22711181640625 1570
1746807840501 2.22711181640625 1570
1746807848990 3.4461722373962402 1580
1746807848991 3.4461722373962402 1580
1746807857470 7.214504241943359 1590
1746807857470 7.214504241943359 1590
1746807865958 2.2592532634735107 1600
1746807865959 2.2592532634735107 1600
1746807921222 2.958635091781616 1610
1746807921234 2.958635091781616 1610
1746807929743 2.1119282245635986 1620
1746807929743 2.1119282245635986 1620
1746807938247 1.9147019386291504 1630
1746807938248 1.9147019386291504 1630
1746807946757 3.1770436763763428 1640
1746807946758 3.1770436763763428 1640
1746807955269 3.382650852203369 1650
1746807955270 3.382650852203369 1650
1746807963791 2.486229181289673 1660
1746807963792 2.486229181289673 1660
1746807972301 2.809406042098999 1670
1746807972302 2.809406042098999 1670
1746807980792 2.480358839035034 1680
1746807980793 2.480358839035034 1680
1746807989283 2.6215710639953613 1690
1746807989283 2.6215710639953613 1690
1746807997763 2.541576862335205 1700
1746807997764 2.541576862335205 1700
1746808006250 6.111818313598633 1710
1746808006251 6.111818313598633 1710
1746808014725 2.559074878692627 1720
1746808014726 2.559074878692627 1720
1746808023196 2.91880464553833 1730
1746808023196 2.91880464553833 1730
1746808031687 3.5574820041656494 1740
1746808031687 3.5574820041656494 1740
1746808040159 5.1053900718688965 1750
1746808040160 5.1053900718688965 1750
1746808048654 10.017127990722656 1760
1746808048655 10.017127990722656 1760
1746808057140 5.739257335662842 1770
1746808057140 5.739257335662842 1770
1746808065212 10.11740779876709 1780
1746808065212 10.11740779876709 1780
