1746806089373 4.971910112359551e-05 10
1746806089374 4.971910112359551e-05 10
1746806100890 4.943820224719101e-05 20
1746806100890 4.943820224719101e-05 20
1746806112490 4.915730337078652e-05 30
1746806112491 4.915730337078652e-05 30
1746806120775 4.8876404494382024e-05 40
1746806120775 4.8876404494382024e-05 40
1746806129122 4.859550561797753e-05 50
1746806129123 4.859550561797753e-05 50
1746806137450 4.831460674157304e-05 60
1746806137451 4.831460674157304e-05 60
1746806145795 4.803370786516854e-05 70
1746806145795 4.803370786516854e-05 70
1746806155710 4.7752808988764046e-05 80
1746806155711 4.7752808988764046e-05 80
1746806165748 4.747191011235955e-05 90
1746806165749 4.747191011235955e-05 90
1746806177575 4.719101123595506e-05 100
1746806177576 4.719101123595506e-05 100
1746806189187 4.691011235955056e-05 110
1746806189188 4.691011235955056e-05 110
1746806199102 4.662921348314607e-05 120
1746806199103 4.662921348314607e-05 120
1746806207415 4.6348314606741575e-05 130
1746806207415 4.6348314606741575e-05 130
1746806215725 4.606741573033708e-05 140
1746806215726 4.606741573033708e-05 140
1746806224077 4.578651685393259e-05 150
1746806224078 4.578651685393259e-05 150
1746806235659 4.550561797752809e-05 160
1746806235659 4.550561797752809e-05 160
1746806243975 4.52247191011236e-05 170
1746806243976 4.52247191011236e-05 170
1746806308634 4.4943820224719104e-05 180
1746806308635 4.4943820224719104e-05 180
1746806321878 4.4662921348314605e-05 190
1746806321878 4.4662921348314605e-05 190
1746806331858 4.438202247191011e-05 200
1746806331858 4.438202247191011e-05 200
1746806343443 4.410112359550562e-05 210
1746806343444 4.410112359550562e-05 210
1746806354995 4.3820224719101126e-05 220
1746806354996 4.3820224719101126e-05 220
1746806363525 4.353932584269663e-05 230
1746806363524 4.353932584269663e-05 230
1746806371966 4.3258426966292134e-05 240
1746806371967 4.3258426966292134e-05 240
1746806380489 4.297752808988764e-05 250
1746806380490 4.297752808988764e-05 250
1746806388897 4.269662921348315e-05 260
1746806388898 4.269662921348315e-05 260
1746806397336 4.2415730337078655e-05 270
1746806397337 4.2415730337078655e-05 270
1746806405792 4.2134831460674156e-05 280
1746806405793 4.2134831460674156e-05 280
1746806414239 4.185393258426967e-05 290
1746806414240 4.185393258426967e-05 290
1746806424389 4.157303370786517e-05 300
1746806424389 4.157303370786517e-05 300
1746806432741 4.129213483146068e-05 310
1746806432742 4.129213483146068e-05 310
1746806441107 4.1011235955056184e-05 320
1746806441108 4.1011235955056184e-05 320
1746806449481 4.0730337078651685e-05 330
1746806449482 4.0730337078651685e-05 330
1746806459446 4.044943820224719e-05 340
1746806459447 4.044943820224719e-05 340
1746806467786 4.01685393258427e-05 350
1746806467787 4.01685393258427e-05 350
1746806522164 3.98876404494382e-05 360
1746806522164 3.98876404494382e-05 360
1746806530633 3.960674157303371e-05 370
1746806530634 3.960674157303371e-05 370
1746806539051 3.9325842696629214e-05 380
1746806539051 3.9325842696629214e-05 380
1746806547473 3.904494382022472e-05 390
1746806547473 3.904494382022472e-05 390
1746806555907 3.876404494382023e-05 400
1746806555907 3.876404494382023e-05 400
1746806564331 3.8483146067415735e-05 410
1746806564332 3.8483146067415735e-05 410
1746806572775 3.8202247191011236e-05 420
1746806572775 3.8202247191011236e-05 420
1746806581231 3.792134831460674e-05 430
1746806581230 3.792134831460674e-05 430
1746806589675 3.764044943820225e-05 440
1746806589675 3.764044943820225e-05 440
1746806598104 3.735955056179776e-05 450
1746806598103 3.735955056179776e-05 450
1746806606549 3.7078651685393264e-05 460
1746806606549 3.7078651685393264e-05 460
1746806614996 3.6797752808988765e-05 470
1746806614997 3.6797752808988765e-05 470
1746806623432 3.651685393258427e-05 480
1746806623433 3.651685393258427e-05 480
1746806631887 3.623595505617978e-05 490
1746806631888 3.623595505617978e-05 490
1746806640343 3.595505617977528e-05 500
1746806640343 3.595505617977528e-05 500
1746806648819 3.5674157303370787e-05 510
1746806648819 3.5674157303370787e-05 510
1746806657269 3.5393258426966294e-05 520
1746806657270 3.5393258426966294e-05 520
1746806665709 3.51123595505618e-05 530
1746806665710 3.51123595505618e-05 530
1746806720647 3.483146067415731e-05 540
1746806720648 3.483146067415731e-05 540
1746806729122 3.455056179775281e-05 550
1746806729123 3.455056179775281e-05 550
1746806737598 3.4269662921348316e-05 560
1746806737599 3.4269662921348316e-05 560
1746806746088 3.398876404494382e-05 570
1746806746089 3.398876404494382e-05 570
1746806754571 3.370786516853933e-05 580
1746806754572 3.370786516853933e-05 580
1746806763083 3.342696629213483e-05 590
1746806763083 3.342696629213483e-05 590
1746806771558 3.314606741573034e-05 600
1746806771559 3.314606741573034e-05 600
1746806780046 3.2865168539325845e-05 610
1746806780047 3.2865168539325845e-05 610
1746806788524 3.258426966292135e-05 620
1746806788526 3.258426966292135e-05 620
1746806798624 3.230337078651686e-05 630
1746806798625 3.230337078651686e-05 630
1746806807087 3.202247191011236e-05 640
1746806807087 3.202247191011236e-05 640
1746806815539 3.1741573033707866e-05 650
1746806815539 3.1741573033707866e-05 650
1746806824012 3.1460674157303374e-05 660
1746806824013 3.1460674157303374e-05 660
1746806832485 3.1179775280898874e-05 670
1746806832486 3.1179775280898874e-05 670
1746806840950 3.089887640449438e-05 680
1746806840951 3.089887640449438e-05 680
1746806849428 3.061797752808989e-05 690
1746806849429 3.061797752808989e-05 690
1746806857913 3.0337078651685396e-05 700
1746806857914 3.0337078651685396e-05 700
1746806866404 3.0056179775280903e-05 710
1746806866405 3.0056179775280903e-05 710
1746806921981 2.9775280898876406e-05 720
1746806921982 2.9775280898876406e-05 720
1746806930493 2.949438202247191e-05 730
1746806930494 2.949438202247191e-05 730
1746806938971 2.9213483146067417e-05 740
1746806938972 2.9213483146067417e-05 740
1746806947464 2.893258426966292e-05 750
1746806947465 2.893258426966292e-05 750
1746806955929 2.8651685393258425e-05 760
1746806955929 2.8651685393258425e-05 760
1746806964403 2.8370786516853936e-05 770
1746806964403 2.8370786516853936e-05 770
1746806972914 2.8089887640449443e-05 780
1746806972915 2.8089887640449443e-05 780
1746806981388 2.7808988764044946e-05 790
1746806981388 2.7808988764044946e-05 790
1746806989866 2.752808988764045e-05 800
1746806989867 2.752808988764045e-05 800
1746806998349 2.7247191011235957e-05 810
1746806998350 2.7247191011235957e-05 810
1746807006815 2.696629213483146e-05 820
1746807006814 2.696629213483146e-05 820
1746807015292 2.6685393258426965e-05 830
1746807015292 2.6685393258426965e-05 830
1746807023772 2.6404494382022472e-05 840
1746807023773 2.6404494382022472e-05 840
1746807032273 2.6123595505617983e-05 850
1746807032272 2.6123595505617983e-05 850
1746807040745 2.5842696629213486e-05 860
1746807040746 2.5842696629213486e-05 860
1746807049218 2.556179775280899e-05 870
1746807049219 2.556179775280899e-05 870
1746807057690 2.5280898876404497e-05 880
1746807057688 2.5280898876404497e-05 880
1746807065776 2.5e-05 890
1746807065777 2.5e-05 890
1746807121217 2.4719101123595505e-05 900
1746807121218 2.4719101123595505e-05 900
1746807129932 2.4438202247191012e-05 910
1746807129933 2.4438202247191012e-05 910
1746807138441 2.415730337078652e-05 920
1746807138442 2.415730337078652e-05 920
1746807146944 2.3876404494382023e-05 930
1746807146944 2.3876404494382023e-05 930
1746807155453 2.359550561797753e-05 940
1746807155453 2.359550561797753e-05 940
1746807163936 2.3314606741573034e-05 950
1746807163936 2.3314606741573034e-05 950
1746807172402 2.303370786516854e-05 960
1746807172402 2.303370786516854e-05 960
1746807180871 2.2752808988764045e-05 970
1746807180871 2.2752808988764045e-05 970
1746807189353 2.2471910112359552e-05 980
1746807189353 2.2471910112359552e-05 980
1746807197819 2.2191011235955056e-05 990
1746807197819 2.2191011235955056e-05 990
1746807206288 2.1910112359550563e-05 1000
1746807206288 2.1910112359550563e-05 1000
1746807214756 2.1629213483146067e-05 1010
1746807214756 2.1629213483146067e-05 1010
1746807223230 2.1348314606741574e-05 1020
1746807223231 2.1348314606741574e-05 1020
1746807231719 2.1067415730337078e-05 1030
1746807231720 2.1067415730337078e-05 1030
1746807241797 2.0786516853932585e-05 1040
1746807250256 2.0505617977528092e-05 1050
1746807250257 2.0505617977528092e-05 1050
1746807258702 2.0224719101123596e-05 1060
1746807258702 2.0224719101123596e-05 1060
1746807315316 1.99438202247191e-05 1070
1746807315316 1.99438202247191e-05 1070
1746807323873 1.9662921348314607e-05 1080
1746807323873 1.9662921348314607e-05 1080
1746807332324 1.9382022471910114e-05 1090
1746807332325 1.9382022471910114e-05 1090
1746807340777 1.9101123595505618e-05 1100
1746807340777 1.9101123595505618e-05 1100
1746807349236 1.8820224719101125e-05 1110
1746807349238 1.8820224719101125e-05 1110
1746807357708 1.8539325842696632e-05 1120
1746807357708 1.8539325842696632e-05 1120
1746807366156 1.8258426966292136e-05 1130
1746807366157 1.8258426966292136e-05 1130
1746807374623 1.797752808988764e-05 1140
1746807374624 1.797752808988764e-05 1140
1746807383112 1.7696629213483147e-05 1150
1746807383113 1.7696629213483147e-05 1150
1746807391591 1.7415730337078654e-05 1160
1746807391592 1.7415730337078654e-05 1160
1746807400088 1.7134831460674158e-05 1170
1746807400089 1.7134831460674158e-05 1170
1746807408575 1.6853932584269665e-05 1180
1746807408576 1.6853932584269665e-05 1180
1746807417065 1.657303370786517e-05 1190
1746807417065 1.657303370786517e-05 1190
1746807425537 1.6292134831460676e-05 1200
1746807425538 1.6292134831460676e-05 1200
1746807434021 1.601123595505618e-05 1210
1746807434022 1.601123595505618e-05 1210
1746807444116 1.5730337078651687e-05 1220
1746807444117 1.5730337078651687e-05 1220
1746807452555 1.544943820224719e-05 1230
1746807452556 1.544943820224719e-05 1230
1746807461015 1.5168539325842698e-05 1240
1746807461015 1.5168539325842698e-05 1240
1746807517769 1.4887640449438203e-05 1250
1746807517769 1.4887640449438203e-05 1250
1746807527856 1.4606741573033709e-05 1260
1746807527858 1.4606741573033709e-05 1260
1746807536303 1.4325842696629212e-05 1270
1746807536303 1.4325842696629212e-05 1270
1746807544729 1.4044943820224721e-05 1280
1746807544730 1.4044943820224721e-05 1280
1746807553171 1.3764044943820225e-05 1290
1746807553172 1.3764044943820225e-05 1290
1746807561618 1.348314606741573e-05 1300
1746807561619 1.348314606741573e-05 1300
1746807570067 1.3202247191011236e-05 1310
1746807570068 1.3202247191011236e-05 1310
1746807578517 1.2921348314606743e-05 1320
1746807578519 1.2921348314606743e-05 1320
1746807586988 1.2640449438202249e-05 1330
1746807586988 1.2640449438202249e-05 1330
1746807595460 1.2359550561797752e-05 1340
1746807595461 1.2359550561797752e-05 1340
1746807603899 1.207865168539326e-05 1350
1746807603900 1.207865168539326e-05 1350
1746807612357 1.1797752808988765e-05 1360
1746807612357 1.1797752808988765e-05 1360
1746807620833 1.151685393258427e-05 1370
1746807620835 1.151685393258427e-05 1370
1746807629296 1.1235955056179776e-05 1380
1746807629297 1.1235955056179776e-05 1380
1746807637764 1.0955056179775282e-05 1390
1746807637764 1.0955056179775282e-05 1390
1746807646231 1.0674157303370787e-05 1400
1746807646232 1.0674157303370787e-05 1400
1746807654717 1.0393258426966292e-05 1410
1746807654719 1.0393258426966292e-05 1410
1746807664820 1.0112359550561798e-05 1420
1746807664820 1.0112359550561798e-05 1420
1746807720031 9.831460674157303e-06 1430
1746807720031 9.831460674157303e-06 1430
1746807728614 9.550561797752809e-06 1440
1746807728615 9.550561797752809e-06 1440
1746807738738 9.269662921348316e-06 1450
1746807738738 9.269662921348316e-06 1450
1746807747197 8.98876404494382e-06 1460
1746807747198 8.98876404494382e-06 1460
1746807755657 8.707865168539327e-06 1470
1746807755658 8.707865168539327e-06 1470
1746807764139 8.426966292134832e-06 1480
1746807764140 8.426966292134832e-06 1480
1746807772615 8.146067415730338e-06 1490
1746807772616 8.146067415730338e-06 1490
1746807781096 7.865168539325843e-06 1500
1746807781096 7.865168539325843e-06 1500
1746807789578 7.584269662921349e-06 1510
1746807789578 7.584269662921349e-06 1510
1746807798059 7.303370786516854e-06 1520
1746807798059 7.303370786516854e-06 1520
1746807806515 7.022471910112361e-06 1530
1746807806516 7.022471910112361e-06 1530
1746807815009 6.741573033707865e-06 1540
1746807815009 6.741573033707865e-06 1540
1746807823491 6.460674157303372e-06 1550
1746807823492 6.460674157303372e-06 1550
1746807831990 6.179775280898876e-06 1560
1746807831991 6.179775280898876e-06 1560
1746807840500 5.8988764044943826e-06 1570
1746807840501 5.8988764044943826e-06 1570
1746807848990 5.617977528089888e-06 1580
1746807848991 5.617977528089888e-06 1580
1746807857470 5.3370786516853935e-06 1590
1746807857470 5.3370786516853935e-06 1590
1746807865958 5.056179775280899e-06 1600
1746807865959 5.056179775280899e-06 1600
1746807921222 4.7752808988764044e-06 1610
1746807921234 4.7752808988764044e-06 1610
1746807929743 4.49438202247191e-06 1620
1746807929743 4.49438202247191e-06 1620
1746807938247 4.213483146067416e-06 1630
1746807938248 4.213483146067416e-06 1630
1746807946757 3.932584269662922e-06 1640
1746807946758 3.932584269662922e-06 1640
1746807955269 3.651685393258427e-06 1650
1746807955270 3.651685393258427e-06 1650
1746807963791 3.3707865168539327e-06 1660
1746807963792 3.3707865168539327e-06 1660
1746807972301 3.089887640449438e-06 1670
1746807972302 3.089887640449438e-06 1670
1746807980792 2.808988764044944e-06 1680
1746807980793 2.808988764044944e-06 1680
1746807989283 2.5280898876404495e-06 1690
1746807989283 2.5280898876404495e-06 1690
1746807997763 2.247191011235955e-06 1700
1746807997764 2.247191011235955e-06 1700
1746808006250 1.966292134831461e-06 1710
1746808006251 1.966292134831461e-06 1710
1746808014725 1.6853932584269663e-06 1720
1746808014726 1.6853932584269663e-06 1720
1746808023196 1.404494382022472e-06 1730
1746808023196 1.404494382022472e-06 1730
1746808031687 1.1235955056179775e-06 1740
1746808031687 1.1235955056179775e-06 1740
1746808040159 8.426966292134832e-07 1750
1746808040160 8.426966292134832e-07 1750
1746808048654 5.617977528089887e-07 1760
1746808048655 5.617977528089887e-07 1760
1746808057140 2.8089887640449437e-07 1770
1746808057140 2.8089887640449437e-07 1770
1746808065212 0.0 1780
1746808065212 0.0 1780
