1746806089373 0.6998 10
1746806100890 0.67 20
1746806100890 0.67 20
1746806112490 0.6719 30
1746806112491 0.6719 30
1746806120775 0.6135 40
1746806120775 0.6135 40
1746806129122 0.6703 50
1746806129123 0.6703 50
1746806137450 0.5905 60
1746806137451 0.5905 60
1746806145795 0.7187 70
1746806145795 0.7187 70
1746806155710 0.5914 80
1746806155711 0.5914 80
1746806165748 0.59 90
1746806165749 0.59 90
1746806177575 0.6986 100
1746806177576 0.6986 100
1746806189187 0.6493 110
1746806189188 0.6493 110
1746806199102 0.6379 120
1746806199103 0.6379 120
1746806207415 0.6018 130
1746806207415 0.6018 130
1746806215725 0.5814 140
1746806215726 0.5814 140
1746806224077 0.616 150
1746806224078 0.616 150
1746806235659 0.6804 160
1746806235659 0.6804 160
1746806243975 0.6159 170
1746806243976 0.6159 170
1746806308634 0.6092 180
1746806308635 0.6092 180
1746806321878 0.6104 190
1746806321878 0.6104 190
1746806331858 0.6628 200
1746806331858 0.6628 200
1746806343443 0.6718 210
1746806343444 0.6718 210
1746806354995 0.6304 220
1746806354996 0.6304 220
1746806363525 0.6708 230
1746806363524 0.6708 230
1746806371966 0.6573 240
1746806371967 0.6573 240
1746806380489 0.6566 250
1746806380490 0.6566 250
1746806388897 0.5691 260
1746806388898 0.5691 260
1746806397336 0.657 270
1746806397337 0.657 270
1746806405792 0.6375 280
1746806405793 0.6375 280
1746806414239 0.6659 290
1746806414240 0.6659 290
1746806424389 0.6653 300
1746806424389 0.6653 300
1746806432741 0.6476 310
1746806432742 0.6476 310
1746806441107 0.586 320
1746806441108 0.586 320
1746806449481 0.6446 330
1746806449482 0.6446 330
1746806459446 0.6381 340
1746806459447 0.6381 340
1746806467786 0.6172 350
1746806467787 0.6172 350
1746806522164 0.6253 360
1746806522164 0.6253 360
1746806530633 0.6862 370
1746806530634 0.6862 370
1746806539051 0.6548 380
1746806539051 0.6548 380
1746806547473 0.5975 390
1746806547473 0.5975 390
1746806555907 0.6489 400
1746806555907 0.6489 400
1746806564331 0.5994 410
1746806564332 0.5994 410
1746806572775 0.6258 420
1746806572775 0.6258 420
1746806581230 0.5437 430
1746806581231 0.5437 430
1746806589675 0.6908 440
1746806589675 0.6908 440
1746806598103 0.6396 450
1746806598104 0.6396 450
1746806606549 0.5954 460
1746806606549 0.5954 460
1746806614996 0.6422 470
1746806614997 0.6422 470
1746806623432 0.6705 480
1746806623433 0.6705 480
1746806631887 0.693 490
1746806631888 0.693 490
1746806640343 0.6745 500
1746806640343 0.6745 500
1746806648819 0.6862 510
1746806648819 0.6862 510
1746806657269 0.6358 520
1746806657270 0.6358 520
1746806665709 0.7445 530
1746806665710 0.7445 530
1746806720647 0.6372 540
1746806720648 0.6372 540
1746806729122 0.6288 550
1746806729123 0.6288 550
1746806737598 0.6468 560
1746806737599 0.6468 560
1746806746088 0.4953 570
1746806746089 0.4953 570
1746806754571 0.5923 580
1746806754572 0.5923 580
1746806763083 0.7254 590
1746806763083 0.7254 590
1746806771558 0.6188 600
1746806771559 0.6188 600
1746806780046 0.6571 610
1746806780047 0.6571 610
1746806788524 0.64 620
1746806788526 0.64 620
1746806798624 0.6301 630
1746806798625 0.6301 630
1746806807087 0.6695 640
1746806807087 0.6695 640
1746806815539 0.7131 650
1746806815539 0.7131 650
1746806824012 0.6291 660
1746806824013 0.6291 660
1746806832485 0.6326 670
1746806832486 0.6326 670
1746806840950 0.666 680
1746806840951 0.666 680
1746806849428 0.7133 690
1746806849429 0.7133 690
1746806857913 0.6974 700
1746806857914 0.6974 700
1746806866404 0.6378 710
1746806866405 0.6378 710
1746806921981 0.6439 720
1746806921982 0.6439 720
1746806930493 0.6831 730
1746806930494 0.6831 730
1746806938971 0.6265 740
1746806938972 0.6265 740
1746806947464 0.6269 750
1746806947465 0.6269 750
1746806955929 0.6623 760
1746806955929 0.6623 760
1746806964403 0.6004 770
1746806964403 0.6004 770
1746806972914 0.593 780
1746806972915 0.593 780
1746806981388 0.7152 790
1746806981388 0.7152 790
1746806989867 0.5987 800
1746806989866 0.5987 800
1746806998349 0.6746 810
1746806998350 0.6746 810
1746807006815 0.5531 820
1746807015292 0.6373 830
1746807015292 0.6373 830
1746807023772 0.5912 840
1746807023773 0.5912 840
1746807032273 0.608 850
1746807032272 0.608 850
1746807040745 0.7168 860
1746807040746 0.7168 860
1746807049218 0.6839 870
1746807049219 0.6839 870
1746807057690 0.6098 880
1746807057688 0.6098 880
1746807065776 0.7094 890
1746807065777 0.7094 890
1746807121217 0.6783 900
1746807121218 0.6783 900
1746807129932 0.6602 910
1746807129933 0.6602 910
1746807138441 0.6202 920
1746807138442 0.6202 920
1746807146944 0.6491 930
1746807146944 0.6491 930
1746807155453 0.596 940
1746807155453 0.596 940
1746807163936 0.6779 950
1746807163936 0.6779 950
1746807172402 0.6116 960
1746807172402 0.6116 960
1746807180871 0.6885 970
1746807180871 0.6885 970
1746807189353 0.5776 980
1746807189353 0.5776 980
1746807197819 0.6356 990
1746807197819 0.6356 990
1746807206288 0.6753 1000
1746807206288 0.6753 1000
1746807214756 0.6723 1010
1746807214756 0.6723 1010
1746807223230 0.6551 1020
1746807223231 0.6551 1020
1746807231719 0.6183 1030
1746807231720 0.6183 1030
1746807241797 0.6367 1040
1746807241796 0.6367 1040
1746807250256 0.6496 1050
1746807250257 0.6496 1050
1746807258702 0.6317 1060
1746807258702 0.6317 1060
1746807315316 0.5948 1070
1746807315316 0.5948 1070
1746807323873 0.5998 1080
1746807323873 0.5998 1080
1746807332324 0.6522 1090
1746807332325 0.6522 1090
1746807340777 0.6824 1100
1746807340777 0.6824 1100
1746807349236 0.6531 1110
1746807349238 0.6531 1110
1746807357708 0.6282 1120
1746807357708 0.6282 1120
1746807366156 0.6852 1130
1746807366157 0.6852 1130
1746807374623 0.627 1140
1746807374624 0.627 1140
1746807383113 0.6133 1150
1746807383112 0.6133 1150
1746807391591 0.6078 1160
1746807391592 0.6078 1160
1746807400088 0.6878 1170
1746807400089 0.6878 1170
1746807408575 0.6508 1180
1746807408576 0.6508 1180
1746807417065 0.6843 1190
1746807417065 0.6843 1190
1746807425537 0.6071 1200
1746807425538 0.6071 1200
1746807434021 0.6071 1210
1746807434022 0.6071 1210
1746807444116 0.6105 1220
1746807444117 0.6105 1220
1746807452555 0.6304 1230
1746807452556 0.6304 1230
1746807461015 0.6746 1240
1746807461015 0.6746 1240
1746807517769 0.5877 1250
1746807517769 0.5877 1250
1746807527856 0.6542 1260
1746807527858 0.6542 1260
1746807536303 0.6182 1270
1746807536303 0.6182 1270
1746807544729 0.6951 1280
1746807544730 0.6951 1280
1746807553171 0.6272 1290
1746807553172 0.6272 1290
1746807561618 0.66 1300
1746807561619 0.66 1300
1746807570067 0.6251 1310
1746807570068 0.6251 1310
1746807578517 0.6351 1320
1746807578519 0.6351 1320
1746807586988 0.5854 1330
1746807586988 0.5854 1330
1746807595460 0.631 1340
1746807595461 0.631 1340
1746807603899 0.6652 1350
1746807603900 0.6652 1350
1746807612357 0.6364 1360
1746807612357 0.6364 1360
1746807620833 0.5859 1370
1746807620835 0.5859 1370
1746807629296 0.5903 1380
1746807629297 0.5903 1380
1746807637764 0.6745 1390
1746807637764 0.6745 1390
1746807646231 0.6698 1400
1746807646232 0.6698 1400
1746807654717 0.6517 1410
1746807654719 0.6517 1410
1746807664820 0.644 1420
1746807664820 0.644 1420
1746807720031 0.6749 1430
1746807720031 0.6749 1430
1746807728614 0.6596 1440
1746807728615 0.6596 1440
1746807738738 0.5786 1450
1746807738738 0.5786 1450
1746807747197 0.6066 1460
1746807747198 0.6066 1460
1746807755657 0.6627 1470
1746807755658 0.6627 1470
1746807764139 0.6473 1480
1746807764140 0.6473 1480
1746807772615 0.6293 1490
1746807772616 0.6293 1490
1746807781096 0.6203 1500
1746807781096 0.6203 1500
1746807789578 0.6734 1510
1746807789578 0.6734 1510
1746807798059 0.6578 1520
1746807798059 0.6578 1520
1746807806515 0.5725 1530
1746807806516 0.5725 1530
1746807815009 0.7094 1540
1746807815009 0.7094 1540
1746807823491 0.622 1550
1746807823492 0.622 1550
1746807831990 0.6352 1560
1746807831991 0.6352 1560
1746807840500 0.6749 1570
1746807840501 0.6749 1570
1746807848990 0.6333 1580
1746807848991 0.6333 1580
1746807857470 0.6214 1590
1746807857470 0.6214 1590
1746807865958 0.5411 1600
1746807865959 0.5411 1600
1746807921222 0.58 1610
1746807921234 0.58 1610
1746807929743 0.6487 1620
1746807929743 0.6487 1620
1746807938247 0.5913 1630
1746807938248 0.5913 1630
1746807946757 0.706 1640
1746807946758 0.706 1640
1746807955269 0.6957 1650
1746807955270 0.6957 1650
1746807963791 0.5992 1660
1746807963792 0.5992 1660
1746807972301 0.6343 1670
1746807972302 0.6343 1670
1746807980792 0.6527 1680
1746807980793 0.6527 1680
1746807989283 0.599 1690
1746807989283 0.599 1690
1746807997763 0.6463 1700
1746807997764 0.6463 1700
1746808006250 0.6345 1710
1746808006251 0.6345 1710
1746808014725 0.6424 1720
1746808014726 0.6424 1720
1746808023196 0.6313 1730
1746808023196 0.6313 1730
1746808031687 0.6251 1740
1746808031687 0.6251 1740
1746808040159 0.5967 1750
1746808040160 0.5967 1750
1746808048654 0.6535 1760
1746808048655 0.6535 1760
1746808057140 0.633 1770
1746808057140 0.633 1770
1746808065212 0.6232 1780
1746808065212 0.6232 1780
