1746981306448 0.056179775280898875 10
1746981306449 0.056179775280898875 10
1746981346935 0.11235955056179775 20
1746981346935 0.11235955056179775 20
1746981392937 0.16853932584269662 30
1746981392937 0.16853932584269662 30
1746981445472 0.2247191011235955 40
1746981445472 0.2247191011235955 40
1746981496490 0.2808988764044944 50
1746981496491 0.2808988764044944 50
1746981541902 0.33707865168539325 60
1746981541902 0.33707865168539325 60
1746981593883 0.39325842696629215 70
1746981593883 0.39325842696629215 70
1746981646247 0.449438202247191 80
1746981646248 0.449438202247191 80
1746981694482 0.5056179775280899 90
1746981694482 0.5056179775280899 90
1746981741811 0.5617977528089888 100
1746981741814 0.5617977528089888 100
1746981791515 0.6179775280898876 110
1746981791515 0.6179775280898876 110
1746981838017 0.6741573033707865 120
1746981838017 0.6741573033707865 120
1746981887567 0.7303370786516854 130
1746981887567 0.7303370786516854 130
1746981934209 0.7865168539325843 140
1746981934210 0.7865168539325843 140
1746981983715 0.8426966292134831 150
1746981983715 0.8426966292134831 150
1746982028469 0.898876404494382 160
1746982028470 0.898876404494382 160
1746982078285 0.9550561797752809 170
1746982078287 0.9550561797752809 170
1746982125310 1.0 178
1746982125311 1.0 178
1746982136235 1.0112359550561798 180
1746982136236 1.0112359550561798 180
1746982186716 1.0674157303370786 190
1746982186732 1.0674157303370786 190
1746982235168 1.1235955056179776 200
1746982235168 1.1235955056179776 200
1746982282201 1.1797752808988764 210
1746982282202 1.1797752808988764 210
1746982328494 1.2359550561797752 220
1746982328494 1.2359550561797752 220
1746982369061 1.2921348314606742 230
1746982369062 1.2921348314606742 230
1746982413906 1.348314606741573 240
1746982413907 1.348314606741573 240
1746982460147 1.404494382022472 250
1746982460150 1.404494382022472 250
1746982511827 1.4606741573033708 260
1746982511828 1.4606741573033708 260
1746982561317 1.5168539325842696 270
1746982561317 1.5168539325842696 270
1746982608571 1.5730337078651684 280
1746982608572 1.5730337078651684 280
1746982651324 1.6292134831460674 290
1746982651324 1.6292134831460674 290
1746982690556 1.6853932584269664 300
1746982690556 1.6853932584269664 300
1746982735069 1.7415730337078652 310
1746982735070 1.7415730337078652 310
