1746981306448 4.020122528076172 10
1746981306449 4.020122528076172 10
1746981346935 11.389106750488281 20
1746981346935 11.389106750488281 20
1746981392937 3.040581464767456 30
1746981392937 3.040581464767456 30
1746981445472 3.776036500930786 40
1746981445472 3.776036500930786 40
1746981496490 6.447486400604248 50
1746981496491 6.447486400604248 50
1746981541902 2.0733582973480225 60
1746981541902 2.0733582973480225 60
1746981593883 5.296487331390381 70
1746981593883 5.296487331390381 70
1746981646247 3.095883846282959 80
1746981646248 3.095883846282959 80
1746981694482 2.39359712600708 90
1746981694482 2.39359712600708 90
1746981741811 5.552055835723877 100
1746981741814 5.552055835723877 100
1746981791515 12.218212127685547 110
1746981791515 12.218212127685547 110
1746981838017 2.2423951625823975 120
1746981838017 2.2423951625823975 120
1746981887567 4.5521769523620605 130
1746981887567 4.5521769523620605 130
1746981934209 13.489774703979492 140
1746981934210 13.489774703979492 140
1746981983715 2.8505752086639404 150
1746981983715 2.8505752086639404 150
1746982028469 4.896054744720459 160
1746982028470 4.896054744720459 160
1746982078285 11.533503532409668 170
1746982078287 11.533503532409668 170
1746982136235 3.223597764968872 180
1746982136236 3.223597764968872 180
1746982186716 2.52034068107605 190
1746982186732 2.52034068107605 190
1746982235168 2.8645377159118652 200
1746982235168 2.8645377159118652 200
1746982282201 12.451526641845703 210
1746982282202 12.451526641845703 210
1746982328494 7.430156707763672 220
1746982328494 7.430156707763672 220
1746982369061 3.0205776691436768 230
1746982369062 3.0205776691436768 230
1746982413906 4.4789838790893555 240
1746982413907 4.4789838790893555 240
1746982460147 6.119117736816406 250
1746982460150 6.119117736816406 250
1746982511827 9.560774803161621 260
1746982511828 9.560774803161621 260
1746982561317 2.525643825531006 270
1746982561317 2.525643825531006 270
1746982608571 10.27321720123291 280
1746982608572 10.27321720123291 280
1746982651324 7.593719482421875 290
1746982651324 7.593719482421875 290
1746982690556 3.9659013748168945 300
1746982690556 3.9659013748168945 300
1746982735069 1.8377430438995361 310
1746982735070 1.8377430438995361 310
