1746981306448 4.971910112359551e-05 10
1746981306449 4.971910112359551e-05 10
1746981346935 4.943820224719101e-05 20
1746981346935 4.943820224719101e-05 20
1746981392937 4.915730337078652e-05 30
1746981392937 4.915730337078652e-05 30
1746981445472 4.8876404494382024e-05 40
1746981445472 4.8876404494382024e-05 40
1746981496490 4.859550561797753e-05 50
1746981496491 4.859550561797753e-05 50
1746981541902 4.831460674157304e-05 60
1746981541902 4.831460674157304e-05 60
1746981593883 4.803370786516854e-05 70
1746981593883 4.803370786516854e-05 70
1746981646247 4.7752808988764046e-05 80
1746981646248 4.7752808988764046e-05 80
1746981694482 4.747191011235955e-05 90
1746981694482 4.747191011235955e-05 90
1746981741811 4.719101123595506e-05 100
1746981741814 4.719101123595506e-05 100
1746981791515 4.691011235955056e-05 110
1746981791515 4.691011235955056e-05 110
1746981838017 4.662921348314607e-05 120
1746981838017 4.662921348314607e-05 120
1746981887567 4.6348314606741575e-05 130
1746981887567 4.6348314606741575e-05 130
1746981934209 4.606741573033708e-05 140
1746981934210 4.606741573033708e-05 140
1746981983715 4.578651685393259e-05 150
1746981983715 4.578651685393259e-05 150
1746982028469 4.550561797752809e-05 160
1746982028470 4.550561797752809e-05 160
1746982078285 4.52247191011236e-05 170
1746982078287 4.52247191011236e-05 170
1746982136235 4.4943820224719104e-05 180
1746982136236 4.4943820224719104e-05 180
1746982186716 4.4662921348314605e-05 190
1746982186732 4.4662921348314605e-05 190
1746982235168 4.438202247191011e-05 200
1746982235168 4.438202247191011e-05 200
1746982282201 4.410112359550562e-05 210
1746982282202 4.410112359550562e-05 210
1746982328494 4.3820224719101126e-05 220
1746982328494 4.3820224719101126e-05 220
1746982369061 4.353932584269663e-05 230
1746982369062 4.353932584269663e-05 230
1746982413906 4.3258426966292134e-05 240
1746982413907 4.3258426966292134e-05 240
1746982460147 4.297752808988764e-05 250
1746982460150 4.297752808988764e-05 250
1746982511827 4.269662921348315e-05 260
1746982511828 4.269662921348315e-05 260
1746982561317 4.2415730337078655e-05 270
1746982561317 4.2415730337078655e-05 270
1746982608571 4.2134831460674156e-05 280
1746982608572 4.2134831460674156e-05 280
1746982651324 4.185393258426967e-05 290
1746982651324 4.185393258426967e-05 290
1746982690556 4.157303370786517e-05 300
1746982690556 4.157303370786517e-05 300
1746982735069 4.129213483146068e-05 310
1746982735070 4.129213483146068e-05 310
