1746981306448 0.6503 10
1746981306449 0.6503 10
1746981346935 0.651 20
1746981346935 0.651 20
1746981392937 0.7399 30
1746981392937 0.7399 30
1746981445472 0.6198 40
1746981445472 0.6198 40
1746981496490 0.6905 50
1746981496491 0.6905 50
1746981541902 0.6094 60
1746981541902 0.6094 60
1746981593883 0.6879 70
1746981593883 0.6879 70
1746981646247 0.5805 80
1746981646248 0.5805 80
1746981694482 0.5958 90
1746981694482 0.5958 90
1746981741811 0.6044 100
1746981741814 0.6044 100
1746981791515 0.6764 110
1746981791515 0.6764 110
1746981838017 0.6554 120
1746981838017 0.6554 120
1746981887567 0.6289 130
1746981887567 0.6289 130
1746981934209 0.6911 140
1746981934210 0.6911 140
1746981983715 0.6542 150
1746981983715 0.6542 150
1746982028469 0.636 160
1746982028470 0.636 160
1746982078285 0.6552 170
1746982078287 0.6552 170
1746982136235 0.6348 180
1746982136236 0.6348 180
1746982186716 0.6194 190
1746982186732 0.6194 190
1746982235168 0.6036 200
1746982235168 0.6036 200
1746982282201 0.6779 210
1746982282202 0.6779 210
1746982328494 0.6321 220
1746982328494 0.6321 220
1746982369061 0.6891 230
1746982369062 0.6891 230
1746982413906 0.6666 240
1746982413907 0.6666 240
1746982460147 0.673 250
1746982460150 0.673 250
1746982511827 0.6449 260
1746982511828 0.6449 260
1746982561317 0.6582 270
1746982561317 0.6582 270
1746982608571 0.6752 280
1746982608572 0.6752 280
1746982651324 0.6111 290
1746982651324 0.6111 290
1746982690556 0.5867 300
1746982690556 0.5867 300
1746982735069 0.5909 310
1746982735070 0.5909 310
