1747394028868 0.10638297872340426 10
1747394028870 0.10638297872340426 10
1747394032723 0.2127659574468085 20
1747394032725 0.2127659574468085 20
1747394036570 0.3191489361702128 30
1747394036571 0.3191489361702128 30
1747394040376 0.425531914893617 40
1747394040378 0.425531914893617 40
1747394044291 0.5319148936170213 50
1747394044292 0.5319148936170213 50
1747394048234 0.6382978723404256 60
1747394048236 0.6382978723404256 60
1747394052091 0.7446808510638298 70
1747394052098 0.7446808510638298 70
1747394056028 0.851063829787234 80
1747394056030 0.851063829787234 80
1747394060040 0.9574468085106383 90
1747394060042 0.9574468085106383 90
1747394063975 1.0 94
1747394063976 1.0 94
1747394068125 1.0638297872340425 100
1747394068126 1.0638297872340425 100
1747394071957 1.1702127659574468 110
1747394071958 1.1702127659574468 110
1747394075799 1.2765957446808511 120
1747394075802 1.2765957446808511 120
1747394079692 1.3829787234042552 130
1747394079691 1.3829787234042552 130
1747394083621 1.4893617021276595 140
1747394083622 1.4893617021276595 140
1747394087457 1.5957446808510638 150
1747394087458 1.5957446808510638 150
1747394091456 1.702127659574468 160
1747394091457 1.702127659574468 160
1747394095546 1.8085106382978724 170
1747394095548 1.8085106382978724 170
1747394099534 1.9148936170212765 180
1747394099536 1.9148936170212765 180
1747394105113 2.0 188
1747394105114 2.0 188
1747394107744 2.021276595744681 190
1747394107745 2.021276595744681 190
1747394111605 2.127659574468085 200
1747394111607 2.127659574468085 200
1747394115441 2.2340425531914896 210
1747394115442 2.2340425531914896 210
1747394119254 2.3404255319148937 220
1747394119255 2.3404255319148937 220
1747394123101 2.4468085106382977 230
1747394123103 2.4468085106382977 230
1747394126963 2.5531914893617023 240
1747394126965 2.5531914893617023 240
1747394130827 2.6595744680851063 250
1747394130829 2.6595744680851063 250
1747394134666 2.7659574468085104 260
1747394134664 2.7659574468085104 260
1747394138550 2.872340425531915 270
1747394138552 2.872340425531915 270
1747394142346 2.978723404255319 280
1747394142347 2.978723404255319 280
1747394145494 3.0 282
1747394145496 3.0 282
1747394150075 3.0851063829787235 290
1747394150077 3.0851063829787235 290
1747394154093 3.1914893617021276 300
1747394154095 3.1914893617021276 300
1747394157917 3.297872340425532 310
1747394157916 3.297872340425532 310
1747394161720 3.404255319148936 320
1747394161719 3.404255319148936 320
1747394165544 3.5106382978723403 330
1747394165545 3.5106382978723403 330
1747394169362 3.617021276595745 340
1747394169363 3.617021276595745 340
1747394173163 3.723404255319149 350
1747394173164 3.723404255319149 350
1747394176988 3.829787234042553 360
1747394176989 3.829787234042553 360
1747394180800 3.9361702127659575 370
1747394180801 3.9361702127659575 370
1747394185469 4.0 376
1747394185471 4.0 376
1747394188305 4.042553191489362 380
1747394188306 4.042553191489362 380
1747394192109 4.148936170212766 390
1747394192110 4.148936170212766 390
1747394195920 4.25531914893617 400
1747394195921 4.25531914893617 400
1747394199719 4.361702127659575 410
1747394199720 4.361702127659575 410
1747394203528 4.468085106382979 420
1747394203527 4.468085106382979 420
1747394207431 4.574468085106383 430
1747394207432 4.574468085106383 430
1747394211224 4.680851063829787 440
1747394211226 4.680851063829787 440
1747394215017 4.787234042553192 450
1747394215017 4.787234042553192 450
1747394218809 4.8936170212765955 460
1747394218811 4.8936170212765955 460
1747394222436 5.0 470
1747394222438 5.0 470
1747394224991 5.0 470
1747394224991 5.0 470
1747394230209 5.1063829787234045 480
1747394230210 5.1063829787234045 480
1747394234017 5.212765957446808 490
1747394234016 5.212765957446808 490
1747394237797 5.319148936170213 500
1747394237795 5.319148936170213 500
1747394241572 5.425531914893617 510
1747394241573 5.425531914893617 510
1747394245373 5.531914893617021 520
1747394245374 5.531914893617021 520
1747394249150 5.638297872340425 530
1747394249149 5.638297872340425 530
1747394252943 5.74468085106383 540
1747394252945 5.74468085106383 540
1747394256727 5.851063829787234 550
1747394256728 5.851063829787234 550
1747394260504 5.957446808510638 560
1747394260505 5.957446808510638 560
1747394264388 6.0 564
1747394264389 6.0 564
1747394268088 6.0638297872340425 570
1747394268089 6.0638297872340425 570
1747394271863 6.170212765957447 580
1747394271864 6.170212765957447 580
1747394275638 6.276595744680851 590
1747394275639 6.276595744680851 590
1747394279413 6.382978723404255 600
1747394279414 6.382978723404255 600
1747394283181 6.48936170212766 610
1747394283182 6.48936170212766 610
1747394286957 6.595744680851064 620
1747394286958 6.595744680851064 620
1747394290732 6.702127659574468 630
1747394290732 6.702127659574468 630
1747394294514 6.808510638297872 640
1747394294515 6.808510638297872 640
1747394298292 6.914893617021277 650
1747394298294 6.914893617021277 650
1747394303693 7.0 658
1747394303694 7.0 658
1747394305043 7.0 658
1747394305044 7.0 658
