1747394028868 3.1996452808380127 10
1747394028870 3.1996452808380127 10
1747394032723 3.7551140785217285 20
1747394032725 3.7551140785217285 20
1747394036570 0.8362560272216797 30
1747394036571 0.8362560272216797 30
1747394040376 17.91963005065918 40
1747394040378 17.91963005065918 40
1747394044291 28.404083251953125 50
1747394044292 28.404083251953125 50
1747394048234 0.32666149735450745 60
1747394048236 0.32666149735450745 60
1747394052091 50.262489318847656 70
1747394052098 50.262489318847656 70
1747394056028 1.891700029373169 80
1747394056030 1.891700029373169 80
1747394060040 10.58261775970459 90
1747394060042 10.58261775970459 90
1747394068125 6.79707145690918 100
1747394068126 6.79707145690918 100
1747394071957 0.07019075751304626 110
1747394071958 0.07019075751304626 110
1747394075799 0.047552987933158875 120
1747394075802 0.047552987933158875 120
1747394079692 0.11263872683048248 130
1747394079691 0.11263872683048248 130
1747394083621 28.24411964416504 140
1747394083622 28.24411964416504 140
1747394087457 0.035970669239759445 150
1747394087458 0.035970669239759445 150
1747394091456 0.1543731689453125 160
1747394091457 0.1543731689453125 160
1747394095546 0.04047175869345665 170
1747394095548 0.04047175869345665 170
1747394099534 25.262540817260742 180
1747394099536 25.262540817260742 180
1747394107744 2.407963275909424 190
1747394107745 2.407963275909424 190
1747394111605 0.12127035856246948 200
1747394111607 0.12127035856246948 200
1747394115441 13.966996192932129 210
1747394115442 13.966996192932129 210
1747394119254 0.101813405752182 220
1747394119255 0.101813405752182 220
1747394123101 0.03333846107125282 230
1747394123103 0.03333846107125282 230
1747394126963 0.016349172219634056 240
1747394126965 0.016349172219634056 240
1747394130827 0.014762606471776962 250
1747394130829 0.014762606471776962 250
1747394134664 0.011712808161973953 260
1747394134666 0.011712808161973953 260
1747394138550 0.01071298960596323 270
1747394138552 0.01071298960596323 270
1747394142346 0.012406839989125729 280
1747394142347 0.012406839989125729 280
1747394150075 0.011532241478562355 290
1747394150077 0.011532241478562355 290
1747394154093 0.008815152570605278 300
1747394154095 0.008815152570605278 300
1747394157917 0.007537594996392727 310
1747394157916 0.007537594996392727 310
1747394161720 0.0069081466645002365 320
1747394161719 0.0069081466645002365 320
1747394165544 0.006508731748908758 330
1747394165545 0.006508731748908758 330
1747394169362 0.005873206537216902 340
1747394169363 0.005873206537216902 340
1747394173163 0.0066605499014258385 350
1747394173164 0.0066605499014258385 350
1747394176988 0.006651777308434248 360
1747394176989 0.006651777308434248 360
1747394180800 0.00597016466781497 370
1747394180801 0.00597016466781497 370
1747394188305 0.005158373154699802 380
1747394188306 0.005158373154699802 380
1747394192109 0.05570317432284355 390
1747394192110 0.05570317432284355 390
1747394195920 0.004996829200536013 400
1747394195921 0.004996829200536013 400
1747394199719 0.005254882387816906 410
1747394199720 0.005254882387816906 410
1747394203528 0.0043075610883533955 420
1747394203527 0.0043075610883533955 420
1747394207431 0.0038305986672639847 430
1747394207432 0.0038305986672639847 430
1747394211224 0.004951984155923128 440
1747394211226 0.004951984155923128 440
1747394215017 0.003742438741028309 450
1747394215017 0.003742438741028309 450
1747394218809 0.004113284405320883 460
1747394218811 0.004113284405320883 460
1747394222436 0.004049583803862333 470
1747394222438 0.004049583803862333 470
1747394230209 0.0034473699051886797 480
1747394230210 0.0034473699051886797 480
1747394234017 0.003604697063565254 490
1747394234016 0.003604697063565254 490
1747394237797 0.004582946188747883 500
1747394237795 0.004582946188747883 500
1747394241572 0.00298588490113616 510
1747394241573 0.00298588490113616 510
1747394245373 0.003408790333196521 520
1747394245374 0.003408790333196521 520
1747394249150 0.00265601952560246 530
1747394249149 0.00265601952560246 530
1747394252943 0.0028209686279296875 540
1747394252945 0.0028209686279296875 540
1747394256727 0.002854574704542756 550
1747394256728 0.002854574704542756 550
1747394260504 0.002963561797514558 560
1747394260505 0.002963561797514558 560
1747394268088 0.002534720115363598 570
1747394268089 0.002534720115363598 570
1747394271863 0.0025404500775039196 580
1747394271864 0.0025404500775039196 580
1747394275638 0.0021283659152686596 590
1747394275639 0.0021283659152686596 590
1747394279413 0.0031581828370690346 600
1747394279414 0.0031581828370690346 600
1747394283181 0.002963624894618988 610
1747394283182 0.002963624894618988 610
1747394286957 0.00234420970082283 620
1747394286958 0.00234420970082283 620
1747394290732 0.0025062942877411842 630
1747394290732 0.0025062942877411842 630
1747394294514 0.0032295628916472197 640
1747394294515 0.0032295628916472197 640
1747394298292 0.0022195877972990274 650
1747394298294 0.0022195877972990274 650
