1747394028868 4.946808510638298e-05 10
1747394028870 4.946808510638298e-05 10
1747394032723 4.893617021276596e-05 20
1747394032725 4.893617021276596e-05 20
1747394036570 4.840425531914894e-05 30
1747394036571 4.840425531914894e-05 30
1747394040376 4.787234042553192e-05 40
1747394040378 4.787234042553192e-05 40
1747394044291 4.734042553191489e-05 50
1747394044292 4.734042553191489e-05 50
1747394048234 4.680851063829788e-05 60
1747394048236 4.680851063829788e-05 60
1747394052091 4.627659574468085e-05 70
1747394052098 4.627659574468085e-05 70
1747394056028 4.574468085106383e-05 80
1747394056030 4.574468085106383e-05 80
1747394060040 4.5212765957446815e-05 90
1747394060042 4.5212765957446815e-05 90
1747394068125 4.468085106382979e-05 100
1747394068126 4.468085106382979e-05 100
1747394071957 4.414893617021277e-05 110
1747394071958 4.414893617021277e-05 110
1747394075799 4.3617021276595746e-05 120
1747394075802 4.3617021276595746e-05 120
1747394079692 4.3085106382978725e-05 130
1747394079691 4.3085106382978725e-05 130
1747394083621 4.2553191489361704e-05 140
1747394083622 4.2553191489361704e-05 140
1747394087457 4.2021276595744684e-05 150
1747394087458 4.2021276595744684e-05 150
1747394091456 4.148936170212766e-05 160
1747394091457 4.148936170212766e-05 160
1747394095546 4.095744680851064e-05 170
1747394095548 4.095744680851064e-05 170
1747394099534 4.0425531914893614e-05 180
1747394099536 4.0425531914893614e-05 180
1747394107744 3.9893617021276594e-05 190
1747394107745 3.9893617021276594e-05 190
1747394111605 3.936170212765958e-05 200
1747394111607 3.936170212765958e-05 200
1747394115441 3.882978723404255e-05 210
1747394115442 3.882978723404255e-05 210
1747394119254 3.829787234042553e-05 220
1747394119255 3.829787234042553e-05 220
1747394123101 3.776595744680852e-05 230
1747394123103 3.776595744680852e-05 230
1747394126963 3.723404255319149e-05 240
1747394126965 3.723404255319149e-05 240
1747394130827 3.670212765957447e-05 250
1747394130829 3.670212765957447e-05 250
1747394134664 3.617021276595745e-05 260
1747394134666 3.617021276595745e-05 260
1747394138550 3.563829787234043e-05 270
1747394138552 3.563829787234043e-05 270
1747394142346 3.5106382978723407e-05 280
1747394142347 3.5106382978723407e-05 280
1747394150075 3.4574468085106386e-05 290
1747394150077 3.4574468085106386e-05 290
1747394154093 3.4042553191489365e-05 300
1747394154095 3.4042553191489365e-05 300
1747394157917 3.3510638297872344e-05 310
1747394157916 3.3510638297872344e-05 310
1747394161720 3.2978723404255317e-05 320
1747394161719 3.2978723404255317e-05 320
1747394165544 3.2446808510638296e-05 330
1747394165545 3.2446808510638296e-05 330
1747394169362 3.191489361702128e-05 340
1747394169363 3.191489361702128e-05 340
1747394173163 3.1382978723404254e-05 350
1747394173164 3.1382978723404254e-05 350
1747394176988 3.085106382978723e-05 360
1747394176989 3.085106382978723e-05 360
1747394180800 3.0319148936170216e-05 370
1747394180801 3.0319148936170216e-05 370
1747394188305 2.9787234042553192e-05 380
1747394188306 2.9787234042553192e-05 380
1747394192109 2.925531914893617e-05 390
1747394192110 2.925531914893617e-05 390
1747394195920 2.8723404255319154e-05 400
1747394195921 2.8723404255319154e-05 400
1747394199719 2.819148936170213e-05 410
1747394199720 2.819148936170213e-05 410
1747394203528 2.765957446808511e-05 420
1747394203527 2.765957446808511e-05 420
1747394207431 2.7127659574468084e-05 430
1747394207432 2.7127659574468084e-05 430
1747394211224 2.6595744680851064e-05 440
1747394211226 2.6595744680851064e-05 440
1747394215017 2.6063829787234046e-05 450
1747394215017 2.6063829787234046e-05 450
1747394218809 2.5531914893617022e-05 460
1747394218811 2.5531914893617022e-05 460
1747394222436 2.5e-05 470
1747394222438 2.5e-05 470
1747394230209 2.446808510638298e-05 480
1747394230210 2.446808510638298e-05 480
1747394234017 2.393617021276596e-05 490
1747394234016 2.393617021276596e-05 490
1747394237797 2.340425531914894e-05 500
1747394237795 2.340425531914894e-05 500
1747394241572 2.2872340425531915e-05 510
1747394241573 2.2872340425531915e-05 510
1747394245373 2.2340425531914894e-05 520
1747394245374 2.2340425531914894e-05 520
1747394249149 2.1808510638297873e-05 530
1747394249150 2.1808510638297873e-05 530
1747394252943 2.1276595744680852e-05 540
1747394252945 2.1276595744680852e-05 540
1747394256727 2.074468085106383e-05 550
1747394256728 2.074468085106383e-05 550
1747394260504 2.0212765957446807e-05 560
1747394260505 2.0212765957446807e-05 560
1747394268088 1.968085106382979e-05 570
1747394268089 1.968085106382979e-05 570
1747394271863 1.9148936170212766e-05 580
1747394271864 1.9148936170212766e-05 580
1747394275638 1.8617021276595745e-05 590
1747394275639 1.8617021276595745e-05 590
1747394279413 1.8085106382978724e-05 600
1747394279414 1.8085106382978724e-05 600
1747394283181 1.7553191489361703e-05 610
1747394283182 1.7553191489361703e-05 610
1747394286957 1.7021276595744682e-05 620
1747394286958 1.7021276595744682e-05 620
1747394290732 1.6489361702127658e-05 630
1747394290732 1.6489361702127658e-05 630
1747394294514 1.595744680851064e-05 640
1747394294515 1.595744680851064e-05 640
1747394298292 1.5425531914893617e-05 650
1747394298294 1.5425531914893617e-05 650
