1747394028868 0.5383 10
1747394028870 0.5383 10
1747394032723 0.2366 20
1747394032725 0.2366 20
1747394036570 0.0577 30
1747394036571 0.0577 30
1747394040376 0.1218 40
1747394040378 0.1218 40
1747394044291 0.1217 50
1747394044292 0.1217 50
1747394048234 0.1022 60
1747394048236 0.1022 60
1747394052091 0.2638 70
1747394052098 0.2638 70
1747394056028 0.3073 80
1747394056030 0.3073 80
1747394060040 0.1462 90
1747394060042 0.1462 90
1747394068125 0.049 100
1747394068126 0.049 100
1747394071957 0.0052 110
1747394071958 0.0052 110
1747394075799 0.0114 120
1747394075802 0.0114 120
1747394079692 0.0216 130
1747394079691 0.0216 130
1747394083621 0.1218 140
1747394083622 0.1218 140
1747394087457 0.1852 150
1747394087458 0.1852 150
1747394091456 0.0649 160
1747394091457 0.0649 160
1747394095546 0.0202 170
1747394095548 0.0202 170
1747394099534 0.0746 180
1747394099536 0.0746 180
1747394107744 0.0775 190
1747394107745 0.0775 190
1747394111605 0.0028 200
1747394111607 0.0028 200
1747394115441 0.0404 210
1747394115442 0.0404 210
1747394119254 0.0332 220
1747394119255 0.0332 220
1747394123101 0.0015 230
1747394123103 0.0015 230
1747394126963 0.0013 240
1747394126965 0.0013 240
1747394130827 0.0009 250
1747394130829 0.0009 250
1747394134664 0.0008 260
1747394134666 0.0008 260
1747394138550 0.0006 270
1747394138552 0.0006 270
1747394142346 0.0139 280
1747394142347 0.0139 280
1747394150075 0.0006 290
1747394150077 0.0006 290
1747394154093 0.0007 300
1747394154095 0.0007 300
1747394157917 0.0004 310
1747394157916 0.0004 310
1747394161719 0.0004 320
1747394161720 0.0004 320
1747394165544 0.0004 330
1747394165545 0.0004 330
1747394169362 0.0004 340
1747394169363 0.0004 340
1747394173163 0.0003 350
1747394173164 0.0003 350
1747394176988 0.0003 360
1747394176989 0.0003 360
1747394180800 0.0003 370
1747394180801 0.0003 370
1747394188305 0.0003 380
1747394188306 0.0003 380
1747394192109 0.0003 390
1747394192110 0.0003 390
1747394195920 0.0003 400
1747394195921 0.0003 400
1747394199719 0.0002 410
1747394199720 0.0002 410
1747394203528 0.0002 420
1747394203527 0.0002 420
1747394207431 0.0002 430
1747394207432 0.0002 430
1747394211224 0.0002 440
1747394211226 0.0002 440
1747394215017 0.0002 450
1747394215017 0.0002 450
1747394218809 0.0002 460
1747394218811 0.0002 460
1747394222436 0.0002 470
1747394222438 0.0002 470
1747394230209 0.0002 480
1747394230210 0.0002 480
1747394234017 0.0002 490
1747394234016 0.0002 490
1747394237797 0.0002 500
1747394237795 0.0002 500
1747394241572 0.0002 510
1747394241573 0.0002 510
1747394245373 0.0002 520
1747394245374 0.0002 520
1747394249150 0.0002 530
1747394249149 0.0002 530
1747394252943 0.0002 540
1747394252945 0.0002 540
1747394256727 0.0002 550
1747394256728 0.0002 550
1747394260504 0.0001 560
1747394260505 0.0001 560
1747394268088 0.0001 570
1747394268089 0.0001 570
1747394271863 0.0001 580
1747394271864 0.0001 580
1747394275638 0.0001 590
1747394275639 0.0001 590
1747394279413 0.0001 600
1747394279414 0.0001 600
1747394283181 0.0001 610
1747394283182 0.0001 610
1747394286957 0.0001 620
1747394286958 0.0001 620
1747394290732 0.0001 630
1747394290732 0.0001 630
1747394294514 0.0001 640
1747394294515 0.0001 640
1747394298292 0.0001 650
1747394298294 0.0001 650
