1747415502070 0.22727272727272727 10
1747415502070 0.22727272727272727 10
1747415506102 0.45454545454545453 20
1747415506102 0.45454545454545453 20
1747415511818 0.6818181818181818 30
1747415511820 0.6818181818181818 30
1747415515837 0.9090909090909091 40
1747415515853 0.9090909090909091 40
1747415520101 1.0 44
1747415520102 1.0 44
1747415524287 1.1363636363636362 50
1747415524288 1.1363636363636362 50
1747415529954 1.3636363636363638 60
1747415529954 1.3636363636363638 60
1747415534016 1.5909090909090908 70
1747415534016 1.5909090909090908 70
1747415538271 1.8181818181818183 80
1747415538271 1.8181818181818183 80
1747415544150 2.0 88
1747415544150 2.0 88
1747415546822 2.0454545454545454 90
1747415546822 2.0454545454545454 90
1747415550855 2.2727272727272725 100
1747415550855 2.2727272727272725 100
1747415554872 2.5 110
1747415554872 2.5 110
1747415558866 2.7272727272727275 120
1747415558867 2.7272727272727275 120
1747415562823 2.9545454545454546 130
1747415562823 2.9545454545454546 130
1747415566340 3.0 132
1747415566340 3.0 132
1747415573010 3.1818181818181817 140
1747415573013 3.1818181818181817 140
1747415578708 3.409090909090909 150
1747415578710 3.409090909090909 150
1747415583007 3.6363636363636362 160
1747415583007 3.6363636363636362 160
1747415587003 3.8636363636363638 170
1747415587003 3.8636363636363638 170
1747415590397 4.0 176
1747415590398 4.0 176
1747415595402 4.090909090909091 180
1747415595402 4.090909090909091 180
1747415601000 4.318181818181818 190
1747415601000 4.318181818181818 190
1747415604975 4.545454545454545 200
1747415604975 4.545454545454545 200
1747415609020 4.7727272727272725 210
1747415609022 4.7727272727272725 210
1747415614575 5.0 220
1747415614575 5.0 220
1747415615742 5.0 220
1747415615742 5.0 220
1747415621604 5.2272727272727275 230
1747415621605 5.2272727272727275 230
1747415625719 5.454545454545454 240
1747415625720 5.454545454545454 240
1747415631607 5.681818181818182 250
1747415631608 5.681818181818182 250
1747415635671 5.909090909090909 260
1747415635672 5.909090909090909 260
1747415638326 6.0 264
1747415638327 6.0 264
1747415642710 6.136363636363637 270
1747415642710 6.136363636363637 270
1747415646780 6.363636363636363 280
1747415646782 6.363636363636363 280
1747415650977 6.590909090909091 290
1747415650977 6.590909090909091 290
1747415655179 6.818181818181818 300
1747415655181 6.818181818181818 300
1747415661118 7.0 308
1747415661118 7.0 308
1747415664146 7.045454545454546 310
1747415664147 7.045454545454546 310
1747415668161 7.2727272727272725 320
1747415668161 7.2727272727272725 320
1747415672195 7.5 330
1747415672195 7.5 330
1747415676258 7.7272727272727275 340
1747415676259 7.7272727272727275 340
1747415680450 7.954545454545455 350
1747415680451 7.954545454545455 350
1747415682273 8.0 352
1747415682275 8.0 352
1747415687843 8.181818181818182 360
1747415687845 8.181818181818182 360
1747415691913 8.409090909090908 370
1747415691913 8.409090909090908 370
1747415696127 8.636363636363637 380
1747415696125 8.636363636363637 380
1747415700212 8.863636363636363 390
1747415700213 8.863636363636363 390
1747415703713 9.0 396
1747415703713 9.0 396
1747415707512 9.090909090909092 400
1747415707513 9.090909090909092 400
1747415711679 9.318181818181818 410
1747415711680 9.318181818181818 410
1747415715864 9.545454545454545 420
1747415715864 9.545454545454545 420
1747415719958 9.772727272727273 430
1747415719959 9.772727272727273 430
1747415723886 10.0 440
1747415723887 10.0 440
1747415725081 10.0 440
1747415725081 10.0 440
1747415727382 10.0 440
1747415727388 10.0 440
