1747415502070 3.9828901290893555 10
1747415506102 2.011758327484131 20
1747415506102 2.011758327484131 20
1747415511818 0.8675228953361511 30
1747415511820 0.8675228953361511 30
1747415515837 1.1082227230072021 40
1747415515853 1.1082227230072021 40
1747415524287 1.17399263381958 50
1747415524288 1.17399263381958 50
1747415529954 1.4578248262405396 60
1747415529954 1.4578248262405396 60
1747415534016 1.5228161811828613 70
1747415534016 1.5228161811828613 70
1747415538271 1.3803075551986694 80
1747415538271 1.3803075551986694 80
1747415546822 2.882939577102661 90
1747415546822 2.882939577102661 90
1747415550855 1.5692038536071777 100
1747415550855 1.5692038536071777 100
1747415554872 1.8000496625900269 110
1747415554872 1.8000496625900269 110
1747415558866 1.9721877574920654 120
1747415558867 1.9721877574920654 120
1747415562823 3.2007927894592285 130
1747415562823 3.2007927894592285 130
1747415573010 1.9432923793792725 140
1747415573013 1.9432923793792725 140
1747415578708 2.6644320487976074 150
1747415578710 2.6644320487976074 150
1747415583007 13.16419792175293 160
1747415583007 13.16419792175293 160
1747415587003 6.43426513671875 170
1747415587003 6.43426513671875 170
1747415595402 3.3713958263397217 180
1747415595402 3.3713958263397217 180
1747415601000 4.702273845672607 190
1747415601000 4.702273845672607 190
1747415604975 2.47404146194458 200
1747415604975 2.47404146194458 200
1747415609020 2.7258646488189697 210
1747415609022 2.7258646488189697 210
1747415614575 3.138458251953125 220
1747415614575 3.138458251953125 220
1747415621604 0.8923975229263306 230
1747415621605 0.8923975229263306 230
1747415625719 8.92361831665039 240
1747415625720 8.92361831665039 240
1747415631607 2.8072617053985596 250
1747415631608 2.8072617053985596 250
1747415635671 2.8139939308166504 260
1747415635672 2.8139939308166504 260
1747415642710 2.0366625785827637 270
1747415642710 2.0366625785827637 270
1747415646780 4.867918491363525 280
1747415646782 4.867918491363525 280
1747415650977 5.673248291015625 290
1747415650977 5.673248291015625 290
1747415655179 4.346043109893799 300
1747415655181 4.346043109893799 300
1747415664146 4.645199298858643 310
1747415664147 4.645199298858643 310
1747415668161 1.4096643924713135 320
1747415668161 1.4096643924713135 320
1747415672195 2.5162136554718018 330
1747415672195 2.5162136554718018 330
1747415676258 4.370283126831055 340
1747415676259 4.370283126831055 340
1747415680450 3.639531135559082 350
1747415680451 3.639531135559082 350
1747415687843 2.5099425315856934 360
1747415687845 2.5099425315856934 360
1747415691913 1.0267574787139893 370
1747415691913 1.0267574787139893 370
1747415696127 3.5474917888641357 380
1747415696125 3.5474917888641357 380
1747415700212 8.891546249389648 390
1747415700213 8.891546249389648 390
1747415707512 1.609566330909729 400
1747415707513 1.609566330909729 400
1747415711679 31.136232376098633 410
1747415711680 31.136232376098633 410
1747415715864 1.0860710144042969 420
1747415715864 1.0860710144042969 420
1747415719958 28.6123046875 430
1747415719959 28.6123046875 430
1747415723886 18.964763641357422 440
1747415723887 18.964763641357422 440
