1747415502070 4.886363636363637e-05 10
1747415502070 4.886363636363637e-05 10
1747415506102 4.772727272727273e-05 20
1747415506102 4.772727272727273e-05 20
1747415511818 4.659090909090909e-05 30
1747415511820 4.659090909090909e-05 30
1747415515837 4.545454545454546e-05 40
1747415515853 4.545454545454546e-05 40
1747415524287 4.431818181818182e-05 50
1747415524288 4.431818181818182e-05 50
1747415529954 4.318181818181819e-05 60
1747415529954 4.318181818181819e-05 60
1747415534016 4.204545454545455e-05 70
1747415534016 4.204545454545455e-05 70
1747415538271 4.0909090909090915e-05 80
1747415538271 4.0909090909090915e-05 80
1747415546822 3.9772727272727275e-05 90
1747415546822 3.9772727272727275e-05 90
1747415550855 3.8636363636363636e-05 100
1747415550855 3.8636363636363636e-05 100
1747415554872 3.7500000000000003e-05 110
1747415554872 3.7500000000000003e-05 110
1747415558866 3.6363636363636364e-05 120
1747415558867 3.6363636363636364e-05 120
1747415562823 3.522727272727273e-05 130
1747415562823 3.522727272727273e-05 130
1747415573010 3.409090909090909e-05 140
1747415573013 3.409090909090909e-05 140
1747415578708 3.295454545454545e-05 150
1747415578710 3.295454545454545e-05 150
1747415583007 3.181818181818182e-05 160
1747415583007 3.181818181818182e-05 160
1747415587003 3.068181818181818e-05 170
1747415587003 3.068181818181818e-05 170
1747415595402 2.954545454545455e-05 180
1747415595402 2.954545454545455e-05 180
1747415601000 2.8409090909090912e-05 190
1747415601000 2.8409090909090912e-05 190
1747415604975 2.7272727272727273e-05 200
1747415604975 2.7272727272727273e-05 200
1747415609020 2.6136363636363637e-05 210
1747415609022 2.6136363636363637e-05 210
1747415614575 2.5e-05 220
1747415614575 2.5e-05 220
1747415621604 2.3863636363636365e-05 230
1747415621605 2.3863636363636365e-05 230
1747415625719 2.272727272727273e-05 240
1747415625720 2.272727272727273e-05 240
1747415631607 2.1590909090909093e-05 250
1747415631608 2.1590909090909093e-05 250
1747415635671 2.0454545454545457e-05 260
1747415635672 2.0454545454545457e-05 260
1747415642710 1.9318181818181818e-05 270
1747415642710 1.9318181818181818e-05 270
1747415646780 1.8181818181818182e-05 280
1747415646782 1.8181818181818182e-05 280
1747415650977 1.7045454545454546e-05 290
1747415650977 1.7045454545454546e-05 290
1747415655179 1.590909090909091e-05 300
1747415655181 1.590909090909091e-05 300
1747415664146 1.4772727272727274e-05 310
1747415664147 1.4772727272727274e-05 310
1747415668161 1.3636363636363637e-05 320
1747415668161 1.3636363636363637e-05 320
1747415672195 1.25e-05 330
1747415672195 1.25e-05 330
1747415676258 1.1363636363636365e-05 340
1747415676259 1.1363636363636365e-05 340
1747415680450 1.0227272727272729e-05 350
1747415680451 1.0227272727272729e-05 350
1747415687843 9.090909090909091e-06 360
1747415687845 9.090909090909091e-06 360
1747415691913 7.954545454545455e-06 370
1747415691913 7.954545454545455e-06 370
1747415696127 6.818181818181818e-06 380
1747415696125 6.818181818181818e-06 380
1747415700212 5.681818181818182e-06 390
1747415700213 5.681818181818182e-06 390
1747415707512 4.5454545454545455e-06 400
1747415707513 4.5454545454545455e-06 400
1747415711679 3.409090909090909e-06 410
1747415711680 3.409090909090909e-06 410
1747415715864 2.2727272727272728e-06 420
1747415715864 2.2727272727272728e-06 420
1747415719958 1.1363636363636364e-06 430
1747415719959 1.1363636363636364e-06 430
1747415723886 0.0 440
1747415723887 0.0 440
