1747415502070 0.6917 10
1747415502070 0.6917 10
1747415506102 0.6842 20
1747415506102 0.6842 20
1747415511818 0.6976 30
1747415511820 0.6976 30
1747415515837 0.6646 40
1747415515853 0.6646 40
1747415524287 0.6889 50
1747415524288 0.6889 50
1747415529954 0.6741 60
1747415529954 0.6741 60
1747415534016 0.6919 70
1747415534016 0.6919 70
1747415538271 0.6806 80
1747415538271 0.6806 80
1747415546822 0.6833 90
1747415546822 0.6833 90
1747415550855 0.6829 100
1747415550855 0.6829 100
1747415554872 0.6646 110
1747415554872 0.6646 110
1747415558866 0.6917 120
1747415558867 0.6917 120
1747415562823 0.6945 130
1747415562823 0.6945 130
1747415573010 0.6968 140
1747415573013 0.6968 140
1747415578708 0.6612 150
1747415578710 0.6612 150
1747415583007 0.6591 160
1747415583007 0.6591 160
1747415587003 0.6271 170
1747415587003 0.6271 170
1747415595402 0.6911 180
1747415595402 0.6911 180
1747415601000 0.4945 190
1747415601000 0.4945 190
1747415604975 0.746 200
1747415604975 0.746 200
1747415609020 0.6531 210
1747415609022 0.6531 210
1747415614575 0.681 220
1747415614575 0.681 220
1747415621604 0.6378 230
1747415621605 0.6378 230
1747415625719 0.5684 240
1747415625720 0.5684 240
1747415631607 0.6954 250
1747415631608 0.6954 250
1747415635671 0.5802 260
1747415635672 0.5802 260
1747415642710 0.5617 270
1747415642710 0.5617 270
1747415646780 0.596 280
1747415646782 0.596 280
1747415650977 0.5565 290
1747415650977 0.5565 290
1747415655179 0.5453 300
1747415655181 0.5453 300
1747415664146 0.5508 310
1747415664147 0.5508 310
1747415668161 0.4991 320
1747415672195 0.4252 330
1747415672195 0.4252 330
1747415676258 0.5091 340
1747415676259 0.5091 340
1747415680450 0.4052 350
1747415680451 0.4052 350
1747415687843 0.4144 360
1747415687845 0.4144 360
1747415691913 0.4211 370
1747415691913 0.4211 370
1747415696127 0.476 380
1747415696125 0.476 380
1747415700212 0.386 390
1747415700213 0.386 390
1747415707512 0.3909 400
1747415707513 0.3909 400
1747415711679 0.4416 410
1747415711680 0.4416 410
1747415715864 0.4514 420
1747415715864 0.4514 420
1747415719958 0.3351 430
1747415719959 0.3351 430
1747415723886 0.377 440
1747415723887 0.377 440
