1747403821796 0.11235955056179775 10
1747403821796 0.11235955056179775 10
1747403825583 0.2247191011235955 20
1747403825583 0.2247191011235955 20
1747403829475 0.33707865168539325 30
1747403829475 0.33707865168539325 30
1747403833419 0.449438202247191 40
1747403833419 0.449438202247191 40
1747403837315 0.5617977528089888 50
1747403837313 0.5617977528089888 50
1747403842905 0.6741573033707865 60
1747403842905 0.6741573033707865 60
1747403848446 0.7865168539325843 70
1747403848446 0.7865168539325843 70
1747403852321 0.898876404494382 80
1747403852321 0.898876404494382 80
1747403858115 1.0 89
1747403858115 1.0 89
1747403860493 1.0112359550561798 90
1747403860493 1.0112359550561798 90
1747403864485 1.1235955056179776 100
1747403864487 1.1235955056179776 100
1747403868446 1.2359550561797752 110
1747403868446 1.2359550561797752 110
1747403874053 1.348314606741573 120
1747403874053 1.348314606741573 120
1747403879639 1.4606741573033708 130
1747403879639 1.4606741573033708 130
1747403883590 1.5730337078651684 140
1747403883590 1.5730337078651684 140
1747403889173 1.6853932584269664 150
1747403889173 1.6853932584269664 150
1747403893112 1.797752808988764 160
1747403893112 1.797752808988764 160
1747403898704 1.9101123595505618 170
1747403898706 1.9101123595505618 170
1747403905892 2.0 178
1747403905894 2.0 178
1747403908531 2.0224719101123596 180
1747403908531 2.0224719101123596 180
1747403914270 2.134831460674157 190
1747403914270 2.134831460674157 190
1747403918324 2.247191011235955 200
1747403918324 2.247191011235955 200
1747403922331 2.359550561797753 210
1747403922331 2.359550561797753 210
1747403926350 2.4719101123595504 220
1747403926351 2.4719101123595504 220
1747403930353 2.5842696629213484 230
1747403930353 2.5842696629213484 230
1747403934421 2.696629213483146 240
1747403934421 2.696629213483146 240
1747403938521 2.808988764044944 250
1747403938521 2.808988764044944 250
1747403942637 2.9213483146067416 260
1747403942637 2.9213483146067416 260
1747403949417 3.0 267
1747403949417 3.0 267
1747403952298 3.033707865168539 270
1747403952299 3.033707865168539 270
1747403956321 3.146067415730337 280
1747403956321 3.146067415730337 280
1747403960353 3.258426966292135 290
1747403960353 3.258426966292135 290
1747403964423 3.370786516853933 300
1747403964423 3.370786516853933 300
1747403968588 3.4831460674157304 310
1747403968588 3.4831460674157304 310
1747403974342 3.595505617977528 320
1747403974342 3.595505617977528 320
1747403978375 3.7078651685393256 330
1747403978376 3.7078651685393256 330
1747403982419 3.8202247191011236 340
1747403982419 3.8202247191011236 340
1747403986491 3.932584269662921 350
1747403986491 3.932584269662921 350
1747403991350 4.0 356
1747403991365 4.0 356
1747403993348 4.0 356
1747403993350 4.0 356
