1747403821796 5.053020477294922 10
1747403821796 5.053020477294922 10
1747403825583 18.90644073486328 20
1747403825583 18.90644073486328 20
1747403829475 12.204618453979492 30
1747403829475 12.204618453979492 30
1747403833419 29.77570915222168 40
1747403833419 29.77570915222168 40
1747403837313 5.9912190437316895 50
1747403837315 5.9912190437316895 50
1747403842905 7.95208740234375 60
1747403842905 7.95208740234375 60
1747403848446 1.2977021932601929 70
1747403848446 1.2977021932601929 70
1747403852321 10.58142375946045 80
1747403852321 10.58142375946045 80
1747403860493 27.518672943115234 90
1747403860493 27.518672943115234 90
1747403864485 2.4795374870300293 100
1747403864487 2.4795374870300293 100
1747403868446 36.67390823364258 110
1747403868446 36.67390823364258 110
1747403874053 8.344554901123047 120
1747403874053 8.344554901123047 120
1747403879639 0.5529058575630188 130
1747403879639 0.5529058575630188 130
1747403883590 12.514888763427734 140
1747403883590 12.514888763427734 140
1747403889173 1.4113495349884033 150
1747403889173 1.4113495349884033 150
1747403893112 18.716646194458008 160
1747403893112 18.716646194458008 160
1747403898704 76.18528747558594 170
1747403898706 76.18528747558594 170
1747403908531 0.6131057739257812 180
1747403908531 0.6131057739257812 180
1747403914270 12.236846923828125 190
1747403914270 12.236846923828125 190
1747403918324 3.7878804206848145 200
1747403918324 3.7878804206848145 200
1747403922331 0.06624153256416321 210
1747403922331 0.06624153256416321 210
1747403926350 29.336780548095703 220
1747403926351 29.336780548095703 220
1747403930353 15.472168922424316 230
1747403930353 15.472168922424316 230
1747403934421 0.08872077614068985 240
1747403934421 0.08872077614068985 240
1747403938521 2.3039727210998535 250
1747403938521 2.3039727210998535 250
1747403942637 4.776591777801514 260
1747403942637 4.776591777801514 260
1747403952298 12.352147102355957 270
1747403952299 12.352147102355957 270
1747403956321 0.05514625832438469 280
1747403956321 0.05514625832438469 280
1747403960353 0.03926967829465866 290
1747403960353 0.03926967829465866 290
1747403964423 0.03496912494301796 300
1747403964423 0.03496912494301796 300
1747403968588 108.34215545654297 310
1747403968588 108.34215545654297 310
1747403974342 0.2551683485507965 320
1747403974342 0.2551683485507965 320
1747403978375 0.06834045797586441 330
1747403978376 0.06834045797586441 330
1747403982419 0.05563097819685936 340
1747403982419 0.05563097819685936 340
1747403986491 0.17290636897087097 350
1747403986491 0.17290636897087097 350
