1747403821796 4.943820224719101e-05 10
1747403821796 4.943820224719101e-05 10
1747403825583 4.8876404494382024e-05 20
1747403825583 4.8876404494382024e-05 20
1747403829475 4.831460674157304e-05 30
1747403829475 4.831460674157304e-05 30
1747403833419 4.7752808988764046e-05 40
1747403833419 4.7752808988764046e-05 40
1747403837313 4.719101123595506e-05 50
1747403837315 4.719101123595506e-05 50
1747403842905 4.662921348314607e-05 60
1747403842905 4.662921348314607e-05 60
1747403848446 4.606741573033708e-05 70
1747403848446 4.606741573033708e-05 70
1747403852321 4.550561797752809e-05 80
1747403852321 4.550561797752809e-05 80
1747403860493 4.4943820224719104e-05 90
1747403860493 4.4943820224719104e-05 90
1747403864485 4.438202247191011e-05 100
1747403864487 4.438202247191011e-05 100
1747403868446 4.3820224719101126e-05 110
1747403868446 4.3820224719101126e-05 110
1747403874053 4.3258426966292134e-05 120
1747403874053 4.3258426966292134e-05 120
1747403879639 4.269662921348315e-05 130
1747403879639 4.269662921348315e-05 130
1747403883590 4.2134831460674156e-05 140
1747403883590 4.2134831460674156e-05 140
1747403889173 4.157303370786517e-05 150
1747403889173 4.157303370786517e-05 150
1747403893112 4.1011235955056184e-05 160
1747403893112 4.1011235955056184e-05 160
1747403898704 4.044943820224719e-05 170
1747403898706 4.044943820224719e-05 170
1747403908531 3.98876404494382e-05 180
1747403908531 3.98876404494382e-05 180
1747403914270 3.9325842696629214e-05 190
1747403914270 3.9325842696629214e-05 190
1747403918324 3.876404494382023e-05 200
1747403918324 3.876404494382023e-05 200
1747403922331 3.8202247191011236e-05 210
1747403922331 3.8202247191011236e-05 210
1747403926350 3.764044943820225e-05 220
1747403926351 3.764044943820225e-05 220
1747403930353 3.7078651685393264e-05 230
1747403930353 3.7078651685393264e-05 230
1747403934421 3.651685393258427e-05 240
1747403934421 3.651685393258427e-05 240
1747403938521 3.595505617977528e-05 250
1747403938521 3.595505617977528e-05 250
1747403942637 3.5393258426966294e-05 260
1747403942637 3.5393258426966294e-05 260
1747403952298 3.483146067415731e-05 270
1747403952299 3.483146067415731e-05 270
1747403956321 3.4269662921348316e-05 280
1747403956321 3.4269662921348316e-05 280
1747403960353 3.370786516853933e-05 290
1747403960353 3.370786516853933e-05 290
1747403964423 3.314606741573034e-05 300
1747403964423 3.314606741573034e-05 300
1747403968588 3.258426966292135e-05 310
1747403968588 3.258426966292135e-05 310
1747403974342 3.202247191011236e-05 320
1747403974342 3.202247191011236e-05 320
1747403978375 3.1460674157303374e-05 330
1747403978376 3.1460674157303374e-05 330
1747403982419 3.089887640449438e-05 340
1747403982419 3.089887640449438e-05 340
1747403986491 3.0337078651685396e-05 350
1747403986491 3.0337078651685396e-05 350
