1747403821796 0.5882 10
1747403821796 0.5882 10
1747403825583 0.5874 20
1747403825583 0.5874 20
1747403829475 0.4609 30
1747403829475 0.4609 30
1747403833419 0.414 40
1747403833419 0.414 40
1747403837313 0.3707 50
1747403837315 0.3707 50
1747403842905 0.406 60
1747403842905 0.406 60
1747403848446 0.3634 70
1747403848446 0.3634 70
1747403852321 0.2965 80
1747403852321 0.2965 80
1747403860493 0.2536 90
1747403860493 0.2536 90
1747403864485 0.1571 100
1747403864487 0.1571 100
1747403868446 0.2047 110
1747403868446 0.2047 110
1747403874053 0.1576 120
1747403874053 0.1576 120
1747403879639 0.2364 130
1747403879639 0.2364 130
1747403883590 0.2193 140
1747403883590 0.2193 140
1747403889173 0.188 150
1747403889173 0.188 150
1747403893112 0.2371 160
1747403893112 0.2371 160
1747403898704 0.1709 170
1747403898706 0.1709 170
1747403908531 0.145 180
1747403908531 0.145 180
1747403914270 0.2293 190
1747403914270 0.2293 190
1747403918324 0.1246 200
1747403918324 0.1246 200
1747403922331 0.0658 210
1747403922331 0.0658 210
1747403926350 0.1434 220
1747403926351 0.1434 220
1747403930353 0.1337 230
1747403930353 0.1337 230
1747403934421 0.0477 240
1747403934421 0.0477 240
1747403938521 0.0727 250
1747403938521 0.0727 250
1747403942637 0.1015 260
1747403942637 0.1015 260
1747403952298 0.1527 270
1747403952299 0.1527 270
1747403956321 0.0507 280
1747403956321 0.0507 280
1747403960353 0.0272 290
1747403960353 0.0272 290
1747403964423 0.1494 300
1747403964423 0.1494 300
1747403968588 0.1943 310
1747403968588 0.1943 310
1747403974342 0.1263 320
1747403974342 0.1263 320
1747403978375 0.015 330
1747403978376 0.015 330
1747403982419 0.072 340
1747403982419 0.072 340
1747403986491 0.0696 350
1747403986491 0.0696 350
