1747395332910 0.0228310502283105 10
1747395332912 0.0228310502283105 10
1747395334802 0.045662100456621 20
1747395334803 0.045662100456621 20
1747395336697 0.0684931506849315 30
1747395336698 0.0684931506849315 30
1747395338599 0.091324200913242 40
1747395338601 0.091324200913242 40
1747395340509 0.1141552511415525 50
1747395340510 0.1141552511415525 50
1747395342431 0.136986301369863 60
1747395342432 0.136986301369863 60
1747395344350 0.1598173515981735 70
1747395344351 0.1598173515981735 70
1747395346274 0.182648401826484 80
1747395346276 0.182648401826484 80
1747395348210 0.2054794520547945 90
1747395348210 0.2054794520547945 90
1747395350149 0.228310502283105 100
1747395350150 0.228310502283105 100
1747395352130 0.2511415525114155 110
1747395352131 0.2511415525114155 110
1747395354079 0.273972602739726 120
1747395354080 0.273972602739726 120
1747395356019 0.2968036529680365 130
1747395356020 0.2968036529680365 130
1747395357962 0.319634703196347 140
1747395357963 0.319634703196347 140
1747395359911 0.3424657534246575 150
1747395359912 0.3424657534246575 150
1747395361863 0.365296803652968 160
1747395361864 0.365296803652968 160
1747395363817 0.3881278538812785 170
1747395363819 0.3881278538812785 170
1747395365778 0.410958904109589 180
1747395365779 0.410958904109589 180
1747395367736 0.4337899543378995 190
1747395367737 0.4337899543378995 190
1747395369687 0.45662100456621 200
1747395369688 0.45662100456621 200
1747395371638 0.4794520547945205 210
1747395371639 0.4794520547945205 210
1747395373593 0.502283105022831 220
1747395373595 0.502283105022831 220
1747395375557 0.5251141552511416 230
1747395375558 0.5251141552511416 230
1747395377517 0.547945205479452 240
1747395377518 0.547945205479452 240
1747395379483 0.5707762557077626 250
1747395379484 0.5707762557077626 250
1747395381444 0.593607305936073 260
1747395381445 0.593607305936073 260
1747395383413 0.6164383561643836 270
1747395383414 0.6164383561643836 270
1747395385400 0.639269406392694 280
1747395385405 0.639269406392694 280
1747395387385 0.6621004566210046 290
1747395387385 0.6621004566210046 290
1747395389353 0.684931506849315 300
1747395389354 0.684931506849315 300
1747395391337 0.7077625570776256 310
1747395391339 0.7077625570776256 310
1747395393325 0.730593607305936 320
1747395393323 0.730593607305936 320
1747395395301 0.7534246575342466 330
1747395395302 0.7534246575342466 330
1747395397267 0.776255707762557 340
1747395397269 0.776255707762557 340
1747395399271 0.7990867579908676 350
1747395399273 0.7990867579908676 350
1747395401281 0.821917808219178 360
1747395401282 0.821917808219178 360
1747395403276 0.8447488584474886 370
1747395403277 0.8447488584474886 370
1747395405266 0.867579908675799 380
1747395405267 0.867579908675799 380
1747395407248 0.8904109589041096 390
1747395407249 0.8904109589041096 390
1747395409245 0.91324200913242 400
1747395409247 0.91324200913242 400
1747395411231 0.9360730593607306 410
1747395411232 0.9360730593607306 410
1747395413208 0.958904109589041 420
1747395413209 0.958904109589041 420
1747395415187 0.9817351598173516 430
1747395415188 0.9817351598173516 430
1747395422740 1.0 438
1747395422739 1.0 438
1747395424514 1.004566210045662 440
1747395424515 1.004566210045662 440
1747395426504 1.0273972602739727 450
1747395426505 1.0273972602739727 450
1747395428510 1.0502283105022832 460
1747395428511 1.0502283105022832 460
1747395430504 1.0730593607305936 470
1747395430506 1.0730593607305936 470
1747395432496 1.095890410958904 480
1747395432496 1.095890410958904 480
1747395434480 1.1187214611872145 490
1747395434481 1.1187214611872145 490
1747395436477 1.1415525114155252 500
1747395436478 1.1415525114155252 500
1747395438545 1.1643835616438356 510
1747395438547 1.1643835616438356 510
1747395440558 1.187214611872146 520
1747395440559 1.187214611872146 520
1747395442570 1.2100456621004567 530
1747395442571 1.2100456621004567 530
1747395444583 1.2328767123287672 540
1747395444584 1.2328767123287672 540
1747395446587 1.2557077625570776 550
1747395446589 1.2557077625570776 550
1747395448590 1.278538812785388 560
1747395448591 1.278538812785388 560
1747395450579 1.3013698630136985 570
1747395450580 1.3013698630136985 570
1747395452576 1.3242009132420092 580
1747395452578 1.3242009132420092 580
1747395454588 1.3470319634703196 590
1747395454589 1.3470319634703196 590
1747395456588 1.36986301369863 600
1747395456590 1.36986301369863 600
1747395458594 1.3926940639269407 610
1747395458595 1.3926940639269407 610
1747395460598 1.4155251141552512 620
1747395460598 1.4155251141552512 620
1747395462597 1.4383561643835616 630
1747395462598 1.4383561643835616 630
1747395464611 1.461187214611872 640
1747395464614 1.461187214611872 640
1747395466646 1.4840182648401825 650
1747395466652 1.4840182648401825 650
1747395468654 1.5068493150684932 660
1747395468653 1.5068493150684932 660
1747395470652 1.5296803652968036 670
1747395470653 1.5296803652968036 670
1747395472720 1.5525114155251143 680
1747395472722 1.5525114155251143 680
1747395474725 1.5753424657534247 690
1747395474726 1.5753424657534247 690
1747395476733 1.5981735159817352 700
1747395476732 1.5981735159817352 700
1747395478728 1.6210045662100456 710
1747395478730 1.6210045662100456 710
1747395480744 1.643835616438356 720
1747395480745 1.643835616438356 720
1747395482768 1.6666666666666665 730
1747395482770 1.6666666666666665 730
1747395484784 1.6894977168949772 740
1747395484785 1.6894977168949772 740
1747395486795 1.7123287671232876 750
1747395486796 1.7123287671232876 750
1747395488811 1.7351598173515983 760
1747395488812 1.7351598173515983 760
1747395490832 1.7579908675799087 770
1747395490833 1.7579908675799087 770
1747395492851 1.7808219178082192 780
1747395492852 1.7808219178082192 780
1747395494863 1.8036529680365296 790
1747395494863 1.8036529680365296 790
1747395496865 1.82648401826484 800
1747395496866 1.82648401826484 800
1747395498877 1.8493150684931505 810
1747395498878 1.8493150684931505 810
1747395500893 1.8721461187214612 820
1747395500894 1.8721461187214612 820
1747395502900 1.8949771689497716 830
1747395502901 1.8949771689497716 830
1747395504912 1.9178082191780823 840
1747395504914 1.9178082191780823 840
1747395506984 1.9406392694063928 850
1747395506985 1.9406392694063928 850
1747395508992 1.9634703196347032 860
1747395508993 1.9634703196347032 860
1747395511002 1.9863013698630136 870
1747395511003 1.9863013698630136 870
1747395518184 2.0 876
1747395518183 2.0 876
1747395520372 2.009132420091324 880
1747395520373 2.009132420091324 880
1747395522385 2.0319634703196345 890
1747395522386 2.0319634703196345 890
1747395524409 2.0547945205479454 900
1747395524411 2.0547945205479454 900
1747395526428 2.077625570776256 910
1747395526429 2.077625570776256 910
1747395528438 2.1004566210045663 920
1747395528440 2.1004566210045663 920
1747395530460 2.1232876712328768 930
1747395530461 2.1232876712328768 930
1747395532482 2.146118721461187 940
1747395532483 2.146118721461187 940
1747395534503 2.1689497716894977 950
1747395534504 2.1689497716894977 950
1747395536501 2.191780821917808 960
1747395536502 2.191780821917808 960
1747395538526 2.2146118721461185 970
1747395538527 2.2146118721461185 970
1747395540541 2.237442922374429 980
1747395540542 2.237442922374429 980
1747395542574 2.26027397260274 990
1747395542576 2.26027397260274 990
1747395544592 2.2831050228310503 1000
1747395544593 2.2831050228310503 1000
1747395546600 2.3059360730593608 1010
1747395546601 2.3059360730593608 1010
1747395548617 2.328767123287671 1020
1747395548618 2.328767123287671 1020
1747395550638 2.3515981735159817 1030
1747395550640 2.3515981735159817 1030
1747395552662 2.374429223744292 1040
1747395552664 2.374429223744292 1040
1747395554683 2.3972602739726026 1050
1747395554684 2.3972602739726026 1050
1747395556691 2.4200913242009134 1060
1747395556692 2.4200913242009134 1060
1747395558721 2.442922374429224 1070
1747395558722 2.442922374429224 1070
1747395560744 2.4657534246575343 1080
1747395560745 2.4657534246575343 1080
1747395562774 2.4885844748858448 1090
1747395562775 2.4885844748858448 1090
1747395564798 2.5114155251141552 1100
1747395564800 2.5114155251141552 1100
1747395566827 2.5342465753424657 1110
1747395566828 2.5342465753424657 1110
1747395568849 2.557077625570776 1120
1747395568847 2.557077625570776 1120
1747395570877 2.5799086757990866 1130
1747395570879 2.5799086757990866 1130
1747395572900 2.602739726027397 1140
1747395572901 2.602739726027397 1140
1747395574911 2.625570776255708 1150
1747395574911 2.625570776255708 1150
1747395576923 2.6484018264840183 1160
1747395576924 2.6484018264840183 1160
1747395578944 2.671232876712329 1170
1747395578945 2.671232876712329 1170
1747395580971 2.6940639269406392 1180
1747395580973 2.6940639269406392 1180
1747395582995 2.7168949771689497 1190
1747395582996 2.7168949771689497 1190
1747395585013 2.73972602739726 1200
1747395585014 2.73972602739726 1200
1747395587032 2.762557077625571 1210
1747395587034 2.762557077625571 1210
1747395589057 2.7853881278538815 1220
1747395589058 2.7853881278538815 1220
1747395591091 2.808219178082192 1230
1747395591093 2.808219178082192 1230
1747395593108 2.8310502283105023 1240
1747395593109 2.8310502283105023 1240
1747395595123 2.853881278538813 1250
1747395595124 2.853881278538813 1250
1747395597148 2.8767123287671232 1260
1747395597149 2.8767123287671232 1260
1747395599173 2.8995433789954337 1270
1747395599175 2.8995433789954337 1270
1747395601198 2.922374429223744 1280
1747395601199 2.922374429223744 1280
1747395603222 2.9452054794520546 1290
1747395603223 2.9452054794520546 1290
1747395605238 2.968036529680365 1300
1747395605240 2.968036529680365 1300
1747395607267 2.990867579908676 1310
1747395607268 2.990867579908676 1310
1747395614097 3.0 1314
1747395614098 3.0 1314
1747395616649 3.0136986301369864 1320
1747395616650 3.0136986301369864 1320
1747395618675 3.036529680365297 1330
1747395618675 3.036529680365297 1330
1747395620694 3.0593607305936072 1340
1747395620695 3.0593607305936072 1340
1747395622723 3.0821917808219177 1350
1747395622725 3.0821917808219177 1350
1747395624768 3.105022831050228 1360
1747395624766 3.105022831050228 1360
1747395626789 3.127853881278539 1370
1747395626789 3.127853881278539 1370
1747395628815 3.1506849315068495 1380
1747395628816 3.1506849315068495 1380
1747395630831 3.17351598173516 1390
1747395630833 3.17351598173516 1390
1747395632857 3.1963470319634704 1400
1747395632858 3.1963470319634704 1400
1747395634886 3.219178082191781 1410
1747395634887 3.219178082191781 1410
1747395636921 3.2420091324200913 1420
1747395636922 3.2420091324200913 1420
1747395638945 3.2648401826484017 1430
1747395638946 3.2648401826484017 1430
1747395640969 3.287671232876712 1440
1747395640970 3.287671232876712 1440
1747395643007 3.3105022831050226 1450
1747395643008 3.3105022831050226 1450
1747395645032 3.3333333333333335 1460
1747395645034 3.3333333333333335 1460
1747395647059 3.356164383561644 1470
1747395647060 3.356164383561644 1470
1747395649094 3.3789954337899544 1480
1747395649095 3.3789954337899544 1480
1747395651116 3.401826484018265 1490
1747395651117 3.401826484018265 1490
1747395653144 3.4246575342465753 1500
1747395653145 3.4246575342465753 1500
1747395655167 3.4474885844748857 1510
1747395655168 3.4474885844748857 1510
1747395657191 3.470319634703196 1520
1747395657192 3.470319634703196 1520
1747395659212 3.493150684931507 1530
1747395659212 3.493150684931507 1530
1747395661233 3.5159817351598175 1540
1747395661235 3.5159817351598175 1540
1747395663258 3.538812785388128 1550
1747395663259 3.538812785388128 1550
1747395665285 3.5616438356164384 1560
1747395665287 3.5616438356164384 1560
1747395667326 3.584474885844749 1570
1747395667327 3.584474885844749 1570
1747395669348 3.6073059360730593 1580
1747395669349 3.6073059360730593 1580
1747395671368 3.6301369863013697 1590
1747395671369 3.6301369863013697 1590
1747395673398 3.65296803652968 1600
1747395673400 3.65296803652968 1600
1747395675448 3.6757990867579906 1610
1747395675450 3.6757990867579906 1610
1747395677481 3.6986301369863015 1620
1747395677482 3.6986301369863015 1620
1747395679517 3.721461187214612 1630
1747395679517 3.721461187214612 1630
1747395681539 3.7442922374429224 1640
1747395681541 3.7442922374429224 1640
1747395683566 3.767123287671233 1650
1747395683567 3.767123287671233 1650
1747395685595 3.7899543378995433 1660
1747395685597 3.7899543378995433 1660
1747395687641 3.8127853881278537 1670
1747395687642 3.8127853881278537 1670
1747395689676 3.8356164383561646 1680
1747395689677 3.8356164383561646 1680
1747395691692 3.858447488584475 1690
1747395691694 3.858447488584475 1690
1747395693723 3.8812785388127855 1700
1747395693725 3.8812785388127855 1700
1747395695766 3.904109589041096 1710
1747395695767 3.904109589041096 1710
1747395697803 3.9269406392694064 1720
1747395697805 3.9269406392694064 1720
1747395699829 3.949771689497717 1730
1747395699829 3.949771689497717 1730
1747395701851 3.9726027397260273 1740
1747395701853 3.9726027397260273 1740
1747395703880 3.9954337899543377 1750
1747395703881 3.9954337899543377 1750
1747395710300 4.0 1752
1747395710301 4.0 1752
1747395713220 4.018264840182648 1760
1747395713221 4.018264840182648 1760
1747395715241 4.041095890410959 1770
1747395715242 4.041095890410959 1770
1747395717276 4.063926940639269 1780
1747395717277 4.063926940639269 1780
1747395719315 4.0867579908675795 1790
1747395719316 4.0867579908675795 1790
1747395721351 4.109589041095891 1800
1747395721352 4.109589041095891 1800
1747395723376 4.132420091324201 1810
1747395723377 4.132420091324201 1810
1747395725398 4.155251141552512 1820
1747395725399 4.155251141552512 1820
1747395727420 4.178082191780822 1830
1747395727422 4.178082191780822 1830
1747395729450 4.200913242009133 1840
1747395729451 4.200913242009133 1840
1747395731490 4.223744292237443 1850
1747395731491 4.223744292237443 1850
1747395733524 4.2465753424657535 1860
1747395733525 4.2465753424657535 1860
1747395735550 4.269406392694064 1870
1747395735551 4.269406392694064 1870
1747395737581 4.292237442922374 1880
1747395737583 4.292237442922374 1880
1747395739622 4.315068493150685 1890
1747395739624 4.315068493150685 1890
1747395741660 4.337899543378995 1900
1747395741662 4.337899543378995 1900
1747395743705 4.360730593607306 1910
1747395743706 4.360730593607306 1910
1747395745728 4.383561643835616 1920
1747395745728 4.383561643835616 1920
1747395747755 4.406392694063927 1930
1747395747757 4.406392694063927 1930
1747395749801 4.429223744292237 1940
1747395749803 4.429223744292237 1940
1747395751843 4.4520547945205475 1950
1747395751844 4.4520547945205475 1950
1747395753872 4.474885844748858 1960
1747395753873 4.474885844748858 1960
1747395755910 4.497716894977169 1970
1747395755911 4.497716894977169 1970
1747395757941 4.52054794520548 1980
1747395757942 4.52054794520548 1980
1747395759972 4.54337899543379 1990
1747395759973 4.54337899543379 1990
1747395762018 4.566210045662101 2000
1747395762016 4.566210045662101 2000
1747395764050 4.589041095890411 2010
1747395764051 4.589041095890411 2010
1747395766094 4.6118721461187215 2020
1747395766095 4.6118721461187215 2020
1747395768125 4.634703196347032 2030
1747395768126 4.634703196347032 2030
1747395770170 4.657534246575342 2040
1747395770171 4.657534246575342 2040
1747395772201 4.680365296803653 2050
1747395772202 4.680365296803653 2050
1747395774240 4.703196347031963 2060
1747395774242 4.703196347031963 2060
1747395776273 4.726027397260274 2070
1747395776274 4.726027397260274 2070
1747395778303 4.748858447488584 2080
1747395778303 4.748858447488584 2080
1747395780326 4.771689497716895 2090
1747395780327 4.771689497716895 2090
1747395782367 4.794520547945205 2100
1747395782369 4.794520547945205 2100
1747395784417 4.817351598173516 2110
1747395784419 4.817351598173516 2110
1747395786477 4.840182648401827 2120
1747395786478 4.840182648401827 2120
1747395788497 4.863013698630137 2130
1747395788498 4.863013698630137 2130
1747395790526 4.885844748858448 2140
1747395790527 4.885844748858448 2140
1747395792568 4.908675799086758 2150
1747395792570 4.908675799086758 2150
1747395794619 4.931506849315069 2160
1747395794620 4.931506849315069 2160
1747395796653 4.954337899543379 2170
1747395796654 4.954337899543379 2170
1747395798676 4.9771689497716896 2180
1747395798677 4.9771689497716896 2180
1747395800631 5.0 2190
1747395800632 5.0 2190
1747395806786 5.0 2190
1747395806788 5.0 2190
1747395808127 5.0 2190
1747395808128 5.0 2190
