1747395332910 2.4400856494903564 10
1747395332912 2.4400856494903564 10
1747395334802 3.435880422592163 20
1747395334803 3.435880422592163 20
1747395336697 4.530523300170898 30
1747395336698 4.530523300170898 30
1747395338599 7.539572715759277 40
1747395338601 7.539572715759277 40
1747395340509 1.749047875404358 50
1747395340510 1.749047875404358 50
1747395342431 9.72862720489502 60
1747395342432 9.72862720489502 60
1747395344350 0.208781898021698 70
1747395344351 0.208781898021698 70
1747395346274 0.14860524237155914 80
1747395346276 0.14860524237155914 80
1747395348210 7.958014965057373 90
1747395348210 7.958014965057373 90
1747395350149 1.8051270246505737 100
1747395350150 1.8051270246505737 100
1747395352130 3.303652286529541 110
1747395352131 3.303652286529541 110
1747395354079 6.53214168548584 120
1747395354080 6.53214168548584 120
1747395356019 0.1262238323688507 130
1747395356020 0.1262238323688507 130
1747395357962 0.1359333097934723 140
1747395357963 0.1359333097934723 140
1747395359911 12.596648216247559 150
1747395359912 12.596648216247559 150
1747395361863 2.006387710571289 160
1747395361864 2.006387710571289 160
1747395363817 5.98761510848999 170
1747395363819 5.98761510848999 170
1747395365778 6.040375709533691 180
1747395365779 6.040375709533691 180
1747395367736 1.1702325344085693 190
1747395367737 1.1702325344085693 190
1747395369687 0.05313067138195038 200
1747395369688 0.05313067138195038 200
1747395371638 0.0329785980284214 210
1747395371639 0.0329785980284214 210
1747395373593 0.04134837165474892 220
1747395373595 0.04134837165474892 220
1747395375557 0.025678355246782303 230
1747395375558 0.025678355246782303 230
1747395377517 11.992669105529785 240
1747395377518 11.992669105529785 240
1747395379483 0.040084775537252426 250
1747395379484 0.040084775537252426 250
1747395381444 0.6276368498802185 260
1747395381445 0.6276368498802185 260
1747395383413 0.020972594618797302 270
1747395383414 0.020972594618797302 270
1747395385400 0.08256476372480392 280
1747395385405 0.08256476372480392 280
1747395387385 8.909271240234375 290
1747395387385 8.909271240234375 290
1747395389353 0.03567149117588997 300
1747395389354 0.03567149117588997 300
1747395391337 27.10293197631836 310
1747395391339 27.10293197631836 310
1747395393325 0.02598755992949009 320
1747395393323 0.02598755992949009 320
1747395395301 0.01883041113615036 330
1747395395302 0.01883041113615036 330
1747395397267 5.862430572509766 340
1747395397269 5.862430572509766 340
1747395399271 0.34253349900245667 350
1747395399273 0.34253349900245667 350
1747395401281 7.27107572555542 360
1747395401282 7.27107572555542 360
1747395403276 0.08392109721899033 370
1747395403277 0.08392109721899033 370
1747395405266 2.758151054382324 380
1747395405267 2.758151054382324 380
1747395407248 5.675655841827393 390
1747395407249 5.675655841827393 390
1747395409245 2.150552272796631 400
1747395409247 2.150552272796631 400
1747395411231 1.3179441690444946 410
1747395411232 1.3179441690444946 410
1747395413208 2.386563539505005 420
1747395413209 2.386563539505005 420
1747395415187 9.962814331054688 430
1747395415188 9.962814331054688 430
1747395424514 15.226534843444824 440
1747395424515 15.226534843444824 440
1747395426504 0.07799922674894333 450
1747395426505 0.07799922674894333 450
1747395428510 0.0401671938598156 460
1747395428511 0.0401671938598156 460
1747395430504 0.014606641605496407 470
1747395430506 0.014606641605496407 470
1747395432496 0.9517418146133423 480
1747395432496 0.9517418146133423 480
1747395434480 0.012535929679870605 490
1747395434481 0.012535929679870605 490
1747395436477 0.050188563764095306 500
1747395436478 0.050188563764095306 500
1747395438545 11.461872100830078 510
1747395438547 11.461872100830078 510
1747395440558 0.04364120215177536 520
1747395440559 0.04364120215177536 520
1747395442570 0.4423697888851166 530
1747395442571 0.4423697888851166 530
1747395444583 0.028092434629797935 540
1747395444584 0.028092434629797935 540
1747395446587 0.008301103487610817 550
1747395446589 0.008301103487610817 550
1747395448590 0.010049316100776196 560
1747395448591 0.010049316100776196 560
1747395450579 0.04927957057952881 570
1747395450580 0.04927957057952881 570
1747395452576 0.0058861589059233665 580
1747395452578 0.0058861589059233665 580
1747395454588 0.018085448071360588 590
1747395454589 0.018085448071360588 590
1747395456588 3.43072247505188 600
1747395456590 3.43072247505188 600
1747395458594 0.017151497304439545 610
1747395458595 0.017151497304439545 610
1747395460598 0.015952005982398987 620
1747395460598 0.015952005982398987 620
1747395462597 0.029067344963550568 630
1747395462598 0.029067344963550568 630
1747395464611 0.058797020465135574 640
1747395464614 0.058797020465135574 640
1747395466646 0.008853982202708721 650
1747395466652 0.008853982202708721 650
1747395468654 1.5936033725738525 660
1747395468653 1.5936033725738525 660
1747395470652 0.04334055259823799 670
1747395470653 0.04334055259823799 670
1747395472720 0.03453055024147034 680
1747395472722 0.03453055024147034 680
1747395474725 1.1040167808532715 690
1747395474726 1.1040167808532715 690
1747395476733 0.009889486245810986 700
1747395476732 0.009889486245810986 700
1747395478728 0.07086804509162903 710
1747395478730 0.07086804509162903 710
1747395480744 0.02159404568374157 720
1747395480745 0.02159404568374157 720
1747395482768 9.852209091186523 730
1747395482770 9.852209091186523 730
1747395484784 0.014929966069757938 740
1747395484785 0.014929966069757938 740
1747395486795 0.020128844305872917 750
1747395486796 0.020128844305872917 750
1747395488811 0.10098689794540405 760
1747395488812 0.10098689794540405 760
1747395490832 0.02052893489599228 770
1747395490833 0.02052893489599228 770
1747395492851 0.2762858271598816 780
1747395492852 0.2762858271598816 780
1747395494863 0.011594603769481182 790
1747395494863 0.011594603769481182 790
1747395496865 0.01656772755086422 800
1747395496866 0.01656772755086422 800
1747395498877 0.007914009504020214 810
1747395498878 0.007914009504020214 810
1747395500893 0.00946895219385624 820
1747395500894 0.00946895219385624 820
1747395502900 0.009260744787752628 830
1747395502901 0.009260744787752628 830
1747395504912 0.32490697503089905 840
1747395504914 0.32490697503089905 840
1747395506984 0.004998574964702129 850
1747395506985 0.004998574964702129 850
1747395508992 0.1275995671749115 860
1747395508993 0.1275995671749115 860
1747395511002 11.234500885009766 870
1747395511003 11.234500885009766 870
1747395520372 0.010586262680590153 880
1747395520373 0.010586262680590153 880
1747395522385 0.013799364678561687 890
1747395522386 0.013799364678561687 890
1747395524409 0.021457580849528313 900
1747395524411 0.021457580849528313 900
1747395526428 0.003408903954550624 910
1747395526429 0.003408903954550624 910
1747395528438 0.008380753919482231 920
1747395528440 0.008380753919482231 920
1747395530460 0.004129121545702219 930
1747395530461 0.004129121545702219 930
1747395532482 0.004226627293974161 940
1747395532483 0.004226627293974161 940
1747395534503 0.003018977353349328 950
1747395534504 0.003018977353349328 950
1747395536501 0.003889043116942048 960
1747395536502 0.003889043116942048 960
1747395538526 0.003287010360509157 970
1747395538527 0.003287010360509157 970
1747395540541 0.004045850597321987 980
1747395540542 0.004045850597321987 980
1747395542574 0.0023418774362653494 990
1747395542576 0.0023418774362653494 990
1747395544592 0.03346441686153412 1000
1747395544593 0.03346441686153412 1000
1747395546600 0.0026366107631474733 1010
1747395546601 0.0026366107631474733 1010
1747395548617 0.002829711651429534 1020
1747395548618 0.002829711651429534 1020
1747395550638 0.003135792212560773 1030
1747395550640 0.003135792212560773 1030
1747395552662 0.002233189297839999 1040
1747395552664 0.002233189297839999 1040
1747395554683 35.503379821777344 1050
1747395554684 35.503379821777344 1050
1747395556691 0.07055807113647461 1060
1747395556692 0.07055807113647461 1060
1747395558721 0.0033588064834475517 1070
1747395558722 0.0033588064834475517 1070
1747395560744 0.0024001779966056347 1080
1747395560745 0.0024001779966056347 1080
1747395562774 0.0019430549582466483 1090
1747395562775 0.0019430549582466483 1090
1747395564798 0.0021248625125736 1100
1747395564800 0.0021248625125736 1100
1747395566827 0.0012656021863222122 1110
1747395566828 0.0012656021863222122 1110
1747395568849 0.0024524021428078413 1120
1747395568847 0.0024524021428078413 1120
1747395570877 0.0014618386048823595 1130
1747395570879 0.0014618386048823595 1130
1747395572900 0.003247415879741311 1140
1747395572901 0.003247415879741311 1140
1747395574911 0.0012468879576772451 1150
1747395574911 0.0012468879576772451 1150
1747395576923 0.001549411565065384 1160
1747395576924 0.001549411565065384 1160
1747395578944 0.0015417707618325949 1170
1747395578945 0.0015417707618325949 1170
1747395580971 0.0018000239506363869 1180
1747395580973 0.0018000239506363869 1180
1747395582995 0.0013804465997964144 1190
1747395582996 0.0013804465997964144 1190
1747395585013 0.001653341925702989 1200
1747395585014 0.001653341925702989 1200
1747395587032 0.0012867592740803957 1210
1747395587034 0.0012867592740803957 1210
1747395589057 0.018442245200276375 1220
1747395589058 0.018442245200276375 1220
1747395591091 0.0012316616484895349 1230
1747395591093 0.0012316616484895349 1230
1747395593108 0.0026167985051870346 1240
1747395593109 0.0026167985051870346 1240
1747395595123 0.0027337942738085985 1250
1747395595124 0.0027337942738085985 1250
1747395597148 0.002805514493957162 1260
1747395597149 0.002805514493957162 1260
1747395599173 0.0029437418561428785 1270
1747395599175 0.0029437418561428785 1270
1747395601198 0.002126504899933934 1280
1747395601199 0.002126504899933934 1280
1747395603222 10.247392654418945 1290
1747395603223 10.247392654418945 1290
1747395605238 0.03250310942530632 1300
1747395605240 0.03250310942530632 1300
1747395607267 0.16136372089385986 1310
1747395607268 0.16136372089385986 1310
1747395616649 0.003511972026899457 1320
1747395616650 0.003511972026899457 1320
1747395618675 0.002774201100692153 1330
1747395618675 0.002774201100692153 1330
1747395620694 0.0031309500336647034 1340
1747395620695 0.0031309500336647034 1340
1747395622723 0.0042868722230196 1350
1747395622725 0.0042868722230196 1350
1747395624766 0.0037264320999383926 1360
1747395624768 0.0037264320999383926 1360
1747395626789 0.005180236883461475 1370
1747395626789 0.005180236883461475 1370
1747395628815 0.002229144098237157 1380
1747395628816 0.002229144098237157 1380
1747395630831 0.0017362403450533748 1390
1747395630833 0.0017362403450533748 1390
1747395632857 0.0020285940263420343 1400
1747395632858 0.0020285940263420343 1400
1747395634886 0.004057890269905329 1410
1747395634887 0.004057890269905329 1410
1747395636921 0.0012852641521021724 1420
1747395636922 0.0012852641521021724 1420
1747395638945 0.0023063139524310827 1430
1747395638946 0.0023063139524310827 1430
1747395640969 0.0022511002607643604 1440
1747395640970 0.0022511002607643604 1440
1747395643007 0.001177057041786611 1450
1747395643008 0.001177057041786611 1450
1747395645032 0.0011212255340069532 1460
1747395645034 0.0011212255340069532 1460
1747395647059 0.01174657791852951 1470
1747395647060 0.01174657791852951 1470
1747395649094 0.001011453103274107 1480
1747395649095 0.001011453103274107 1480
1747395651116 0.0015231872675940394 1490
1747395651117 0.0015231872675940394 1490
1747395653144 0.0012650404823943973 1500
1747395653145 0.0012650404823943973 1500
1747395655167 0.0014431331073865294 1510
1747395655168 0.0014431331073865294 1510
1747395657191 0.0009881769074127078 1520
1747395657192 0.0009881769074127078 1520
1747395659212 0.001171572133898735 1530
1747395659212 0.001171572133898735 1530
1747395661233 0.0016608367441222072 1540
1747395661235 0.0016608367441222072 1540
1747395663258 0.0009125971118919551 1550
1747395663259 0.0009125971118919551 1550
1747395665285 0.001761633320711553 1560
1747395665287 0.001761633320711553 1560
1747395667326 0.003264748491346836 1570
1747395667327 0.003264748491346836 1570
1747395669348 0.0007392163970507681 1580
1747395669349 0.0007392163970507681 1580
1747395671368 0.0006583341746591032 1590
1747395671369 0.0006583341746591032 1590
1747395673398 0.0005437682848423719 1600
1747395673400 0.0005437682848423719 1600
1747395675448 0.0008987919427454472 1610
1747395675450 0.0008987919427454472 1610
1747395677481 0.0011384082026779652 1620
1747395677482 0.0011384082026779652 1620
1747395679517 0.0007762406021356583 1630
1747395679517 0.0007762406021356583 1630
1747395681539 0.0008934991783462465 1640
1747395681541 0.0008934991783462465 1640
1747395683566 0.0009977519512176514 1650
1747395683567 0.0009977519512176514 1650
1747395685595 0.000768351077567786 1660
1747395685597 0.000768351077567786 1660
1747395687641 0.0008647134527564049 1670
1747395687642 0.0008647134527564049 1670
1747395689676 0.000891051662620157 1680
1747395689677 0.000891051662620157 1680
1747395691692 0.0007642838172614574 1690
1747395691694 0.0007642838172614574 1690
1747395693723 0.0017277545994147658 1700
1747395693725 0.0017277545994147658 1700
1747395695766 0.0006326364818960428 1710
1747395695767 0.0006326364818960428 1710
1747395697803 0.0007304102764464915 1720
1747395697805 0.0007304102764464915 1720
1747395699829 0.0007409866666421294 1730
1747395699829 0.0007409866666421294 1730
1747395701851 0.048823874443769455 1740
1747395701853 0.048823874443769455 1740
1747395703880 0.0009380406700074673 1750
1747395703881 0.0009380406700074673 1750
1747395713220 0.014063562266528606 1760
1747395713221 0.014063562266528606 1760
1747395715241 0.0011808557901531458 1770
1747395715242 0.0011808557901531458 1770
1747395717276 0.0011832424206659198 1780
1747395717277 0.0011832424206659198 1780
1747395719315 0.0010603111004456878 1790
1747395719316 0.0010603111004456878 1790
1747395721351 0.001192864845506847 1800
1747395721352 0.001192864845506847 1800
1747395723376 0.0008438876247964799 1810
1747395723377 0.0008438876247964799 1810
1747395725398 0.0014554327353835106 1820
1747395725399 0.0014554327353835106 1820
1747395727420 0.0006989025860093534 1830
1747395727422 0.0006989025860093534 1830
1747395729450 0.0008690007962286472 1840
1747395729451 0.0008690007962286472 1840
1747395731490 0.0007377627189271152 1850
1747395731491 0.0007377627189271152 1850
1747395733524 0.0008261337061412632 1860
1747395733525 0.0008261337061412632 1860
1747395735550 0.0006450690561905503 1870
1747395735551 0.0006450690561905503 1870
1747395737581 0.0006986490334384143 1880
1747395737583 0.0006986490334384143 1880
1747395739622 0.028239689767360687 1890
1747395739624 0.028239689767360687 1890
1747395741660 16.009170532226562 1900
1747395741662 16.009170532226562 1900
1747395743705 0.0007773947436362505 1910
1747395743706 0.0007773947436362505 1910
1747395745728 0.0017947956221178174 1920
1747395745728 0.0017947956221178174 1920
1747395747755 0.0006958581507205963 1930
1747395747757 0.0006958581507205963 1930
1747395749801 0.0008475126815028489 1940
1747395749803 0.0008475126815028489 1940
1747395751843 0.0007941711228340864 1950
1747395751844 0.0007941711228340864 1950
1747395753872 0.0008023799164220691 1960
1747395753873 0.0008023799164220691 1960
1747395755910 0.0009496372076682746 1970
1747395755911 0.0009496372076682746 1970
1747395757941 0.0014272978296503425 1980
1747395757942 0.0014272978296503425 1980
1747395759972 0.25014910101890564 1990
1747395759973 0.25014910101890564 1990
1747395762018 0.000580828869715333 2000
1747395762016 0.000580828869715333 2000
1747395764050 0.0012228040723130107 2010
1747395764051 0.0012228040723130107 2010
1747395766094 0.0005567683256231248 2020
1747395766095 0.0005567683256231248 2020
1747395768125 0.0005559353739954531 2030
1747395768126 0.0005559353739954531 2030
1747395770170 0.0005740299820899963 2040
1747395770171 0.0005740299820899963 2040
1747395772201 0.000652932736556977 2050
1747395772202 0.000652932736556977 2050
1747395774240 0.0006297132931649685 2060
1747395774242 0.0006297132931649685 2060
1747395776273 0.0005925315781496465 2070
1747395776274 0.0005925315781496465 2070
1747395778303 0.0008394898031838238 2080
1747395778303 0.0008394898031838238 2080
1747395780326 0.0009469740907661617 2090
1747395780327 0.0009469740907661617 2090
1747395782367 0.001160536427050829 2100
1747395782369 0.001160536427050829 2100
1747395784417 0.0008515426306985319 2110
1747395784419 0.0008515426306985319 2110
1747395786477 0.003583693178370595 2120
1747395786478 0.003583693178370595 2120
1747395788497 0.000559178413823247 2130
1747395788498 0.000559178413823247 2130
1747395790526 0.0006665557157248259 2140
1747395790527 0.0006665557157248259 2140
1747395792568 0.0005325781530700624 2150
1747395792570 0.0005325781530700624 2150
1747395794619 0.0004932873416692019 2160
1747395794620 0.0004932873416692019 2160
1747395796653 0.0004616041260305792 2170
1747395796654 0.0004616041260305792 2170
1747395798676 0.0006422000587917864 2180
1747395798677 0.0006422000587917864 2180
1747395800631 0.000595003308262676 2190
1747395800632 0.000595003308262676 2190
