1747395332910 4.988584474885845e-05 10
1747395332912 4.988584474885845e-05 10
1747395334802 4.977168949771689e-05 20
1747395334803 4.977168949771689e-05 20
1747395336697 4.9657534246575346e-05 30
1747395336698 4.9657534246575346e-05 30
1747395338599 4.9543378995433794e-05 40
1747395338601 4.9543378995433794e-05 40
1747395340509 4.942922374429224e-05 50
1747395340510 4.942922374429224e-05 50
1747395342431 4.9315068493150684e-05 60
1747395342432 4.9315068493150684e-05 60
1747395344350 4.920091324200913e-05 70
1747395344351 4.920091324200913e-05 70
1747395346274 4.908675799086758e-05 80
1747395346276 4.908675799086758e-05 80
1747395348210 4.8972602739726034e-05 90
1747395348210 4.8972602739726034e-05 90
1747395350149 4.8858447488584476e-05 100
1747395350150 4.8858447488584476e-05 100
1747395352130 4.8744292237442924e-05 110
1747395352131 4.8744292237442924e-05 110
1747395354079 4.863013698630137e-05 120
1747395354080 4.863013698630137e-05 120
1747395356019 4.851598173515982e-05 130
1747395356020 4.851598173515982e-05 130
1747395357962 4.840182648401827e-05 140
1747395357963 4.840182648401827e-05 140
1747395359911 4.8287671232876716e-05 150
1747395359912 4.8287671232876716e-05 150
1747395361863 4.8173515981735164e-05 160
1747395361864 4.8173515981735164e-05 160
1747395363817 4.805936073059361e-05 170
1747395363819 4.805936073059361e-05 170
1747395365778 4.794520547945205e-05 180
1747395365779 4.794520547945205e-05 180
1747395367736 4.78310502283105e-05 190
1747395367737 4.78310502283105e-05 190
1747395369687 4.7716894977168955e-05 200
1747395369688 4.7716894977168955e-05 200
1747395371638 4.7602739726027403e-05 210
1747395371639 4.7602739726027403e-05 210
1747395373593 4.7488584474885845e-05 220
1747395373595 4.7488584474885845e-05 220
1747395375557 4.737442922374429e-05 230
1747395375558 4.737442922374429e-05 230
1747395377517 4.726027397260274e-05 240
1747395377518 4.726027397260274e-05 240
1747395379483 4.714611872146119e-05 250
1747395379484 4.714611872146119e-05 250
1747395381444 4.703196347031964e-05 260
1747395381445 4.703196347031964e-05 260
1747395383413 4.6917808219178085e-05 270
1747395383414 4.6917808219178085e-05 270
1747395385400 4.680365296803653e-05 280
1747395385405 4.680365296803653e-05 280
1747395387385 4.668949771689498e-05 290
1747395387385 4.668949771689498e-05 290
1747395389353 4.657534246575342e-05 300
1747395389354 4.657534246575342e-05 300
1747395391337 4.646118721461187e-05 310
1747395391339 4.646118721461187e-05 310
1747395393325 4.6347031963470325e-05 320
1747395393323 4.6347031963470325e-05 320
1747395395301 4.623287671232877e-05 330
1747395395302 4.623287671232877e-05 330
1747395397267 4.6118721461187214e-05 340
1747395397269 4.6118721461187214e-05 340
1747395399271 4.600456621004566e-05 350
1747395399273 4.600456621004566e-05 350
1747395401281 4.589041095890411e-05 360
1747395401282 4.589041095890411e-05 360
1747395403276 4.577625570776256e-05 370
1747395403277 4.577625570776256e-05 370
1747395405266 4.5662100456621006e-05 380
1747395405267 4.5662100456621006e-05 380
1747395407248 4.5547945205479454e-05 390
1747395407249 4.5547945205479454e-05 390
1747395409245 4.54337899543379e-05 400
1747395409247 4.54337899543379e-05 400
1747395411231 4.531963470319635e-05 410
1747395411232 4.531963470319635e-05 410
1747395413208 4.520547945205479e-05 420
1747395413209 4.520547945205479e-05 420
1747395415187 4.5091324200913246e-05 430
1747395415188 4.5091324200913246e-05 430
1747395424514 4.4977168949771694e-05 440
1747395424515 4.4977168949771694e-05 440
1747395426504 4.486301369863014e-05 450
1747395426505 4.486301369863014e-05 450
1747395428510 4.474885844748858e-05 460
1747395428511 4.474885844748858e-05 460
1747395430504 4.463470319634703e-05 470
1747395430506 4.463470319634703e-05 470
1747395432496 4.452054794520548e-05 480
1747395432496 4.452054794520548e-05 480
1747395434480 4.4406392694063934e-05 490
1747395434481 4.4406392694063934e-05 490
1747395436477 4.4292237442922375e-05 500
1747395436478 4.4292237442922375e-05 500
1747395438545 4.417808219178082e-05 510
1747395438547 4.417808219178082e-05 510
1747395440558 4.406392694063927e-05 520
1747395440559 4.406392694063927e-05 520
1747395442570 4.394977168949772e-05 530
1747395442571 4.394977168949772e-05 530
1747395444583 4.383561643835617e-05 540
1747395444584 4.383561643835617e-05 540
1747395446587 4.3721461187214615e-05 550
1747395446589 4.3721461187214615e-05 550
1747395448590 4.360730593607306e-05 560
1747395448591 4.360730593607306e-05 560
1747395450579 4.349315068493151e-05 570
1747395450580 4.349315068493151e-05 570
1747395452576 4.337899543378995e-05 580
1747395452578 4.337899543378995e-05 580
1747395454588 4.32648401826484e-05 590
1747395454589 4.32648401826484e-05 590
1747395456588 4.3150684931506855e-05 600
1747395456590 4.3150684931506855e-05 600
1747395458594 4.30365296803653e-05 610
1747395458595 4.30365296803653e-05 610
1747395460598 4.2922374429223744e-05 620
1747395460598 4.2922374429223744e-05 620
1747395462597 4.280821917808219e-05 630
1747395462598 4.280821917808219e-05 630
1747395464611 4.269406392694064e-05 640
1747395464614 4.269406392694064e-05 640
1747395466646 4.257990867579909e-05 650
1747395466652 4.257990867579909e-05 650
1747395468654 4.2465753424657536e-05 660
1747395468653 4.2465753424657536e-05 660
1747395470652 4.2351598173515984e-05 670
1747395470653 4.2351598173515984e-05 670
1747395472720 4.223744292237443e-05 680
1747395472722 4.223744292237443e-05 680
1747395474725 4.212328767123288e-05 690
1747395474726 4.212328767123288e-05 690
1747395476733 4.200913242009132e-05 700
1747395476732 4.200913242009132e-05 700
1747395478728 4.1894977168949776e-05 710
1747395478730 4.1894977168949776e-05 710
1747395480744 4.1780821917808224e-05 720
1747395480745 4.1780821917808224e-05 720
1747395482768 4.166666666666667e-05 730
1747395482770 4.166666666666667e-05 730
1747395484784 4.155251141552511e-05 740
1747395484785 4.155251141552511e-05 740
1747395486795 4.143835616438356e-05 750
1747395486796 4.143835616438356e-05 750
1747395488811 4.132420091324201e-05 760
1747395488812 4.132420091324201e-05 760
1747395490832 4.121004566210046e-05 770
1747395490833 4.121004566210046e-05 770
1747395492851 4.1095890410958905e-05 780
1747395492852 4.1095890410958905e-05 780
1747395494863 4.098173515981735e-05 790
1747395494863 4.098173515981735e-05 790
1747395496865 4.08675799086758e-05 800
1747395496866 4.08675799086758e-05 800
1747395498877 4.075342465753425e-05 810
1747395498878 4.075342465753425e-05 810
1747395500893 4.063926940639269e-05 820
1747395500894 4.063926940639269e-05 820
1747395502900 4.0525114155251145e-05 830
1747395502901 4.0525114155251145e-05 830
1747395504912 4.041095890410959e-05 840
1747395504914 4.041095890410959e-05 840
1747395506984 4.029680365296804e-05 850
1747395506985 4.029680365296804e-05 850
1747395508992 4.018264840182648e-05 860
1747395508993 4.018264840182648e-05 860
1747395511002 4.006849315068493e-05 870
1747395511003 4.006849315068493e-05 870
1747395520372 3.995433789954338e-05 880
1747395520373 3.995433789954338e-05 880
1747395522385 3.984018264840183e-05 890
1747395522386 3.984018264840183e-05 890
1747395524409 3.9726027397260274e-05 900
1747395524411 3.9726027397260274e-05 900
1747395526428 3.961187214611872e-05 910
1747395526429 3.961187214611872e-05 910
1747395528438 3.949771689497717e-05 920
1747395528440 3.949771689497717e-05 920
1747395530460 3.938356164383562e-05 930
1747395530461 3.938356164383562e-05 930
1747395532482 3.9269406392694066e-05 940
1747395532483 3.9269406392694066e-05 940
1747395534503 3.9155251141552514e-05 950
1747395534504 3.9155251141552514e-05 950
1747395536501 3.904109589041096e-05 960
1747395536502 3.904109589041096e-05 960
1747395538526 3.892694063926941e-05 970
1747395538527 3.892694063926941e-05 970
1747395540541 3.881278538812785e-05 980
1747395540542 3.881278538812785e-05 980
1747395542574 3.86986301369863e-05 990
1747395542576 3.86986301369863e-05 990
1747395544592 3.8584474885844754e-05 1000
1747395544593 3.8584474885844754e-05 1000
1747395546600 3.84703196347032e-05 1010
1747395546601 3.84703196347032e-05 1010
1747395548617 3.8356164383561644e-05 1020
1747395548618 3.8356164383561644e-05 1020
1747395550638 3.824200913242009e-05 1030
1747395550640 3.824200913242009e-05 1030
1747395552662 3.812785388127854e-05 1040
1747395552664 3.812785388127854e-05 1040
1747395554683 3.801369863013699e-05 1050
1747395554684 3.801369863013699e-05 1050
1747395556691 3.7899543378995436e-05 1060
1747395556692 3.7899543378995436e-05 1060
1747395558721 3.7785388127853884e-05 1070
1747395558722 3.7785388127853884e-05 1070
1747395560744 3.767123287671233e-05 1080
1747395560745 3.767123287671233e-05 1080
1747395562774 3.755707762557078e-05 1090
1747395562775 3.755707762557078e-05 1090
1747395564798 3.744292237442922e-05 1100
1747395564800 3.744292237442922e-05 1100
1747395566827 3.7328767123287675e-05 1110
1747395566828 3.7328767123287675e-05 1110
1747395568849 3.7214611872146123e-05 1120
1747395568847 3.7214611872146123e-05 1120
1747395570877 3.710045662100457e-05 1130
1747395570879 3.710045662100457e-05 1130
1747395572900 3.698630136986301e-05 1140
1747395572901 3.698630136986301e-05 1140
1747395574911 3.687214611872146e-05 1150
1747395574911 3.687214611872146e-05 1150
1747395576923 3.675799086757991e-05 1160
1747395576924 3.675799086757991e-05 1160
1747395578944 3.664383561643836e-05 1170
1747395578945 3.664383561643836e-05 1170
1747395580971 3.6529680365296805e-05 1180
1747395580973 3.6529680365296805e-05 1180
1747395582995 3.641552511415525e-05 1190
1747395582996 3.641552511415525e-05 1190
1747395585013 3.63013698630137e-05 1200
1747395585014 3.63013698630137e-05 1200
1747395587032 3.618721461187215e-05 1210
1747395587034 3.618721461187215e-05 1210
1747395589057 3.60730593607306e-05 1220
1747395589058 3.60730593607306e-05 1220
1747395591091 3.5958904109589045e-05 1230
1747395591093 3.5958904109589045e-05 1230
1747395593108 3.584474885844749e-05 1240
1747395593109 3.584474885844749e-05 1240
1747395595123 3.573059360730594e-05 1250
1747395595124 3.573059360730594e-05 1250
1747395597148 3.561643835616438e-05 1260
1747395597149 3.561643835616438e-05 1260
1747395599173 3.550228310502283e-05 1270
1747395599175 3.550228310502283e-05 1270
1747395601198 3.538812785388128e-05 1280
1747395601199 3.538812785388128e-05 1280
1747395603222 3.527397260273973e-05 1290
1747395603223 3.527397260273973e-05 1290
1747395605238 3.5159817351598174e-05 1300
1747395605240 3.5159817351598174e-05 1300
1747395607267 3.504566210045662e-05 1310
1747395607268 3.504566210045662e-05 1310
1747395616649 3.493150684931507e-05 1320
1747395616650 3.493150684931507e-05 1320
1747395618675 3.481735159817352e-05 1330
1747395618675 3.481735159817352e-05 1330
1747395620694 3.4703196347031966e-05 1340
1747395620695 3.4703196347031966e-05 1340
1747395622723 3.4589041095890414e-05 1350
1747395622725 3.4589041095890414e-05 1350
1747395624768 3.447488584474886e-05 1360
1747395624766 3.447488584474886e-05 1360
1747395626789 3.436073059360731e-05 1370
1747395626789 3.436073059360731e-05 1370
1747395628815 3.424657534246575e-05 1380
1747395628816 3.424657534246575e-05 1380
1747395630831 3.41324200913242e-05 1390
1747395630833 3.41324200913242e-05 1390
1747395632857 3.4018264840182654e-05 1400
1747395632858 3.4018264840182654e-05 1400
1747395634886 3.39041095890411e-05 1410
1747395634887 3.39041095890411e-05 1410
1747395636921 3.378995433789954e-05 1420
1747395636922 3.378995433789954e-05 1420
1747395638945 3.367579908675799e-05 1430
1747395638946 3.367579908675799e-05 1430
1747395640969 3.356164383561644e-05 1440
1747395640970 3.356164383561644e-05 1440
1747395643007 3.344748858447489e-05 1450
1747395643008 3.344748858447489e-05 1450
1747395645032 3.3333333333333335e-05 1460
1747395645034 3.3333333333333335e-05 1460
1747395647059 3.321917808219178e-05 1470
1747395647060 3.321917808219178e-05 1470
1747395649094 3.310502283105023e-05 1480
1747395649095 3.310502283105023e-05 1480
1747395651116 3.299086757990868e-05 1490
1747395651117 3.299086757990868e-05 1490
1747395653144 3.287671232876712e-05 1500
1747395653145 3.287671232876712e-05 1500
1747395655167 3.2762557077625575e-05 1510
1747395655168 3.2762557077625575e-05 1510
1747395657191 3.264840182648402e-05 1520
1747395657192 3.264840182648402e-05 1520
1747395659212 3.253424657534247e-05 1530
1747395659212 3.253424657534247e-05 1530
1747395661233 3.242009132420091e-05 1540
1747395661235 3.242009132420091e-05 1540
1747395663258 3.230593607305936e-05 1550
1747395663259 3.230593607305936e-05 1550
1747395665285 3.219178082191781e-05 1560
1747395665287 3.219178082191781e-05 1560
1747395667326 3.207762557077626e-05 1570
1747395667327 3.207762557077626e-05 1570
1747395669348 3.1963470319634704e-05 1580
1747395669349 3.1963470319634704e-05 1580
1747395671368 3.184931506849315e-05 1590
1747395671369 3.184931506849315e-05 1590
1747395673398 3.17351598173516e-05 1600
1747395673400 3.17351598173516e-05 1600
1747395675448 3.162100456621005e-05 1610
1747395675450 3.162100456621005e-05 1610
1747395677481 3.1506849315068496e-05 1620
1747395677482 3.1506849315068496e-05 1620
1747395679517 3.1392694063926944e-05 1630
1747395679517 3.1392694063926944e-05 1630
1747395681539 3.127853881278539e-05 1640
1747395681541 3.127853881278539e-05 1640
1747395683566 3.116438356164384e-05 1650
1747395683567 3.116438356164384e-05 1650
1747395685595 3.105022831050228e-05 1660
1747395685597 3.105022831050228e-05 1660
1747395687641 3.093607305936073e-05 1670
1747395687642 3.093607305936073e-05 1670
1747395689676 3.082191780821918e-05 1680
1747395689677 3.082191780821918e-05 1680
1747395691692 3.070776255707763e-05 1690
1747395691694 3.070776255707763e-05 1690
1747395693723 3.059360730593607e-05 1700
1747395693725 3.059360730593607e-05 1700
1747395695766 3.047945205479452e-05 1710
1747395695767 3.047945205479452e-05 1710
1747395697803 3.036529680365297e-05 1720
1747395697805 3.036529680365297e-05 1720
1747395699829 3.025114155251142e-05 1730
1747395699829 3.025114155251142e-05 1730
1747395701851 3.0136986301369862e-05 1740
1747395701853 3.0136986301369862e-05 1740
1747395703880 3.0022831050228313e-05 1750
1747395703881 3.0022831050228313e-05 1750
1747395713220 2.990867579908676e-05 1760
1747395713221 2.990867579908676e-05 1760
1747395715241 2.979452054794521e-05 1770
1747395715242 2.979452054794521e-05 1770
1747395717276 2.9680365296803654e-05 1780
1747395717277 2.9680365296803654e-05 1780
1747395719315 2.9566210045662102e-05 1790
1747395719316 2.9566210045662102e-05 1790
1747395721351 2.945205479452055e-05 1800
1747395721352 2.945205479452055e-05 1800
1747395723376 2.9337899543378998e-05 1810
1747395723377 2.9337899543378998e-05 1810
1747395725398 2.9223744292237442e-05 1820
1747395725399 2.9223744292237442e-05 1820
1747395727420 2.910958904109589e-05 1830
1747395727422 2.910958904109589e-05 1830
1747395729450 2.8995433789954342e-05 1840
1747395729451 2.8995433789954342e-05 1840
1747395731490 2.888127853881279e-05 1850
1747395731491 2.888127853881279e-05 1850
1747395733524 2.8767123287671234e-05 1860
1747395733525 2.8767123287671234e-05 1860
1747395735550 2.8652968036529682e-05 1870
1747395735551 2.8652968036529682e-05 1870
1747395737581 2.853881278538813e-05 1880
1747395737583 2.853881278538813e-05 1880
1747395739622 2.842465753424658e-05 1890
1747395739624 2.842465753424658e-05 1890
1747395741660 2.8310502283105023e-05 1900
1747395741662 2.8310502283105023e-05 1900
1747395743705 2.819634703196347e-05 1910
1747395743706 2.819634703196347e-05 1910
1747395745728 2.808219178082192e-05 1920
1747395745728 2.808219178082192e-05 1920
1747395747755 2.796803652968037e-05 1930
1747395747757 2.796803652968037e-05 1930
1747395749801 2.785388127853881e-05 1940
1747395749803 2.785388127853881e-05 1940
1747395751843 2.7739726027397263e-05 1950
1747395751844 2.7739726027397263e-05 1950
1747395753872 2.762557077625571e-05 1960
1747395753873 2.762557077625571e-05 1960
1747395755910 2.751141552511416e-05 1970
1747395755911 2.751141552511416e-05 1970
1747395757941 2.7397260273972603e-05 1980
1747395757942 2.7397260273972603e-05 1980
1747395759972 2.728310502283105e-05 1990
1747395759973 2.728310502283105e-05 1990
1747395762018 2.71689497716895e-05 2000
1747395762016 2.71689497716895e-05 2000
1747395764050 2.7054794520547947e-05 2010
1747395764051 2.7054794520547947e-05 2010
1747395766094 2.6940639269406392e-05 2020
1747395766095 2.6940639269406392e-05 2020
1747395768125 2.682648401826484e-05 2030
1747395768126 2.682648401826484e-05 2030
1747395770170 2.671232876712329e-05 2040
1747395770171 2.671232876712329e-05 2040
1747395772201 2.659817351598174e-05 2050
1747395772202 2.659817351598174e-05 2050
1747395774240 2.6484018264840184e-05 2060
1747395774242 2.6484018264840184e-05 2060
1747395776273 2.6369863013698632e-05 2070
1747395776274 2.6369863013698632e-05 2070
1747395778303 2.625570776255708e-05 2080
1747395778303 2.625570776255708e-05 2080
1747395780326 2.6141552511415528e-05 2090
1747395780327 2.6141552511415528e-05 2090
1747395782367 2.6027397260273973e-05 2100
1747395782369 2.6027397260273973e-05 2100
1747395784417 2.591324200913242e-05 2110
1747395784419 2.591324200913242e-05 2110
1747395786477 2.579908675799087e-05 2120
1747395786478 2.579908675799087e-05 2120
1747395788497 2.568493150684932e-05 2130
1747395788498 2.568493150684932e-05 2130
1747395790526 2.557077625570776e-05 2140
1747395790527 2.557077625570776e-05 2140
1747395792568 2.5456621004566213e-05 2150
1747395792570 2.5456621004566213e-05 2150
1747395794619 2.534246575342466e-05 2160
1747395794620 2.534246575342466e-05 2160
1747395796653 2.522831050228311e-05 2170
1747395796654 2.522831050228311e-05 2170
1747395798676 2.5114155251141553e-05 2180
1747395798677 2.5114155251141553e-05 2180
1747395800631 2.5e-05 2190
1747395800632 2.5e-05 2190
