1747395332910 0.5869 10
1747395332912 0.5869 10
1747395334802 0.2614 20
1747395334803 0.2614 20
1747395336697 0.1785 30
1747395336698 0.1785 30
1747395338599 0.178 40
1747395338601 0.178 40
1747395340509 0.12 50
1747395340510 0.12 50
1747395342431 0.1088 60
1747395342432 0.1088 60
1747395344350 0.1071 70
1747395344351 0.1071 70
1747395346274 0.0757 80
1747395346276 0.0757 80
1747395348210 0.1144 90
1747395348210 0.1144 90
1747395350149 0.1106 100
1747395350150 0.1106 100
1747395352130 0.1128 110
1747395352131 0.1128 110
1747395354079 0.0808 120
1747395354080 0.0808 120
1747395356019 0.108 130
1747395356020 0.108 130
1747395357962 0.0652 140
1747395357963 0.0652 140
1747395359911 0.0261 150
1747395359912 0.0261 150
1747395361863 0.1054 160
1747395361864 0.1054 160
1747395363817 0.0914 170
1747395363819 0.0914 170
1747395365778 0.0839 180
1747395365779 0.0839 180
1747395367736 0.0278 190
1747395367737 0.0278 190
1747395369687 0.072 200
1747395369688 0.072 200
1747395371638 0.0026 210
1747395371639 0.0026 210
1747395373593 0.0478 220
1747395373595 0.0478 220
1747395375557 0.1204 230
1747395375558 0.1204 230
1747395377517 0.0395 240
1747395377518 0.0395 240
1747395379483 0.0115 250
1747395379484 0.0115 250
1747395381444 0.0826 260
1747395381445 0.0826 260
1747395383413 0.1151 270
1747395383414 0.1151 270
1747395385400 0.0767 280
1747395385405 0.0767 280
1747395387385 0.0687 290
1747395387385 0.0687 290
1747395389353 0.0153 300
1747395389354 0.0153 300
1747395391337 0.2031 310
1747395391339 0.2031 310
1747395393325 0.0547 320
1747395393323 0.0547 320
1747395395301 0.0407 330
1747395395302 0.0407 330
1747395397267 0.0989 340
1747395397269 0.0989 340
1747395399271 0.0054 350
1747395399273 0.0054 350
1747395401281 0.101 360
1747395401282 0.101 360
1747395403276 0.0272 370
1747395403277 0.0272 370
1747395405267 0.0354 380
1747395407248 0.0673 390
1747395407249 0.0673 390
1747395409245 0.0662 400
1747395409247 0.0662 400
1747395411231 0.0988 410
1747395411232 0.0988 410
1747395413208 0.0532 420
1747395413209 0.0532 420
1747395415187 0.0345 430
1747395415188 0.0345 430
1747395424514 0.088 440
1747395424515 0.088 440
1747395426504 0.1116 450
1747395426505 0.1116 450
1747395428510 0.0161 460
1747395428511 0.0161 460
1747395430504 0.0512 470
1747395430506 0.0512 470
1747395432496 0.002 480
1747395432496 0.002 480
1747395434480 0.0317 490
1747395434481 0.0317 490
1747395436477 0.0123 500
1747395436478 0.0123 500
1747395438545 0.0507 510
1747395438547 0.0507 510
1747395440558 0.0553 520
1747395440559 0.0553 520
1747395442570 0.0012 530
1747395442571 0.0012 530
1747395444583 0.0192 540
1747395444584 0.0192 540
1747395446587 0.0031 550
1747395446589 0.0031 550
1747395448590 0.0008 560
1747395448591 0.0008 560
1747395450579 0.0013 570
1747395450580 0.0013 570
1747395452576 0.0003 580
1747395452578 0.0003 580
1747395454588 0.0252 590
1747395454589 0.0252 590
1747395456588 0.084 600
1747395456590 0.084 600
1747395458594 0.0518 610
1747395458595 0.0518 610
1747395460598 0.0053 620
1747395460598 0.0053 620
1747395462597 0.0235 630
1747395462598 0.0235 630
1747395464611 0.0137 640
1747395464614 0.0137 640
1747395466646 0.0375 650
1747395466652 0.0375 650
1747395468654 0.0723 660
1747395468653 0.0723 660
1747395470652 0.0035 670
1747395470653 0.0035 670
1747395472720 0.0345 680
1747395472722 0.0345 680
1747395474725 0.0011 690
1747395474726 0.0011 690
1747395476733 0.0032 700
1747395476732 0.0032 700
1747395478728 0.0383 710
1747395478730 0.0383 710
1747395480744 0.001 720
1747395480745 0.001 720
1747395482768 0.1082 730
1747395482770 0.1082 730
1747395484784 0.0596 740
1747395484785 0.0596 740
1747395486795 0.0074 750
1747395486796 0.0074 750
1747395488811 0.0695 760
1747395488812 0.0695 760
1747395490832 0.001 770
1747395490833 0.001 770
1747395492851 0.0332 780
1747395492852 0.0332 780
1747395494863 0.0154 790
1747395494863 0.0154 790
1747395496865 0.0207 800
1747395496866 0.0207 800
1747395498877 0.0021 810
1747395498878 0.0021 810
1747395500893 0.0005 820
1747395500894 0.0005 820
1747395502900 0.0005 830
1747395502901 0.0005 830
1747395504912 0.0004 840
1747395504914 0.0004 840
1747395506984 0.0434 850
1747395506985 0.0434 850
1747395508992 0.0011 860
1747395508993 0.0011 860
1747395511002 0.0778 870
1747395511003 0.0778 870
1747395520372 0.0267 880
1747395520373 0.0267 880
1747395522385 0.0005 890
1747395522386 0.0005 890
1747395524409 0.0006 900
1747395524411 0.0006 900
1747395526428 0.0006 910
1747395526429 0.0006 910
1747395528438 0.0003 920
1747395528440 0.0003 920
1747395530460 0.0003 930
1747395530461 0.0003 930
1747395532482 0.0002 940
1747395532483 0.0002 940
1747395534503 0.0002 950
1747395534504 0.0002 950
1747395536501 0.0002 960
1747395536502 0.0002 960
1747395538526 0.0015 970
1747395538527 0.0015 970
1747395540541 0.0361 980
1747395540542 0.0361 980
1747395542574 0.0164 990
1747395542576 0.0164 990
1747395544592 0.0002 1000
1747395544593 0.0002 1000
1747395546600 0.0001 1010
1747395546601 0.0001 1010
1747395548617 0.0001 1020
1747395548618 0.0001 1020
1747395550638 0.0043 1030
1747395550640 0.0043 1030
1747395552662 0.0201 1040
1747395552664 0.0201 1040
1747395554683 0.0252 1050
1747395554684 0.0252 1050
1747395556691 0.0004 1060
1747395556692 0.0004 1060
1747395558721 0.0001 1070
1747395558722 0.0001 1070
1747395560744 0.0001 1080
1747395560745 0.0001 1080
1747395562774 0.0001 1090
1747395562775 0.0001 1090
1747395564798 0.0001 1100
1747395564800 0.0001 1100
1747395566827 0.0001 1110
1747395566828 0.0001 1110
1747395568849 0.0001 1120
1747395568847 0.0001 1120
1747395570877 0.0001 1130
1747395570879 0.0001 1130
1747395572900 0.0001 1140
1747395572901 0.0001 1140
1747395574911 0.0001 1150
1747395574911 0.0001 1150
1747395576923 0.0001 1160
1747395576924 0.0001 1160
1747395578944 0.0001 1170
1747395578945 0.0001 1170
1747395580971 0.0001 1180
1747395580973 0.0001 1180
1747395582995 0.0166 1190
1747395582996 0.0166 1190
1747395585013 0.0001 1200
1747395585014 0.0001 1200
1747395587032 0.0001 1210
1747395587034 0.0001 1210
1747395589057 0.0001 1220
1747395589058 0.0001 1220
1747395591091 0.057 1230
1747395591093 0.057 1230
1747395593108 0.0001 1240
1747395593109 0.0001 1240
1747395595123 0.0002 1250
1747395595124 0.0002 1250
1747395597148 0.0003 1260
1747395597149 0.0003 1260
1747395599173 0.0006 1270
1747395599175 0.0006 1270
1747395601198 0.0002 1280
1747395601199 0.0002 1280
1747395603222 0.0226 1290
1747395603223 0.0226 1290
1747395605238 0.0002 1300
1747395605240 0.0002 1300
1747395607267 0.0324 1310
1747395607268 0.0324 1310
1747395616649 0.0413 1320
1747395616650 0.0413 1320
1747395618675 0.0002 1330
1747395618675 0.0002 1330
1747395620694 0.0001 1340
1747395620695 0.0001 1340
1747395622723 0.0001 1350
1747395622725 0.0001 1350
1747395624766 0.0001 1360
1747395624768 0.0001 1360
1747395626789 0.0002 1370
1747395626789 0.0002 1370
1747395628815 0.0001 1380
1747395628816 0.0001 1380
1747395630831 0.0001 1390
1747395630833 0.0001 1390
1747395632857 0.0001 1400
1747395632858 0.0001 1400
1747395634886 0.0004 1410
1747395634887 0.0004 1410
1747395636921 0.0001 1420
1747395636922 0.0001 1420
1747395638945 0.0446 1430
1747395638946 0.0446 1430
1747395640969 0.0001 1440
1747395640970 0.0001 1440
1747395643007 0.0001 1450
1747395643008 0.0001 1450
1747395645032 0.0001 1460
1747395645034 0.0001 1460
1747395647059 0.0001 1470
1747395647060 0.0001 1470
1747395649094 0.0001 1480
1747395649095 0.0001 1480
1747395651116 0.0001 1490
1747395651117 0.0001 1490
1747395653144 0.0003 1500
1747395653145 0.0003 1500
1747395655167 0.0 1510
1747395655168 0.0 1510
1747395657191 0.0001 1520
1747395657192 0.0001 1520
1747395659212 0.0 1530
1747395659212 0.0 1530
1747395661233 0.0005 1540
1747395661235 0.0005 1540
1747395663258 0.0001 1550
1747395663259 0.0001 1550
1747395665285 0.0001 1560
1747395665287 0.0001 1560
1747395667326 0.0001 1570
1747395667327 0.0001 1570
1747395669348 0.0 1580
1747395669349 0.0 1580
1747395671368 0.0 1590
1747395671369 0.0 1590
1747395673398 0.0001 1600
1747395673400 0.0001 1600
1747395675448 0.0 1610
1747395675450 0.0 1610
1747395677481 0.0001 1620
1747395677482 0.0001 1620
1747395679517 0.0 1630
1747395679517 0.0 1630
1747395681539 0.0 1640
1747395681541 0.0 1640
1747395683566 0.0034 1650
1747395683567 0.0034 1650
1747395685595 0.0 1660
1747395685597 0.0 1660
1747395687641 0.0 1670
1747395687642 0.0 1670
1747395689676 0.0027 1680
1747395689677 0.0027 1680
1747395691692 0.0 1690
1747395691694 0.0 1690
1747395693723 0.0 1700
1747395693725 0.0 1700
1747395695766 0.0001 1710
1747395695767 0.0001 1710
1747395697803 0.0 1720
1747395697805 0.0 1720
1747395699829 0.0 1730
1747395699829 0.0 1730
1747395701851 0.0327 1740
1747395701853 0.0327 1740
1747395703880 0.0001 1750
1747395703881 0.0001 1750
1747395713220 0.0612 1760
1747395713221 0.0612 1760
1747395715241 0.0004 1770
1747395715242 0.0004 1770
1747395717276 0.0 1780
1747395717277 0.0 1780
1747395719315 0.0001 1790
1747395719316 0.0001 1790
1747395721351 0.0002 1800
1747395721352 0.0002 1800
1747395723376 0.0 1810
1747395723377 0.0 1810
1747395725398 0.0 1820
1747395725399 0.0 1820
1747395727420 0.0018 1830
1747395727422 0.0018 1830
1747395729450 0.0 1840
1747395729451 0.0 1840
1747395731490 0.0003 1850
1747395731491 0.0003 1850
1747395733524 0.0 1860
1747395733525 0.0 1860
1747395735550 0.0213 1870
1747395735551 0.0213 1870
1747395737581 0.0002 1880
1747395737583 0.0002 1880
1747395739622 0.0001 1890
1747395739624 0.0001 1890
1747395741660 0.0454 1900
1747395741662 0.0454 1900
1747395743705 0.0 1910
1747395743706 0.0 1910
1747395745728 0.0023 1920
1747395745728 0.0023 1920
1747395747755 0.0 1930
1747395747757 0.0 1930
1747395749801 0.0 1940
1747395749803 0.0 1940
1747395751843 0.0 1950
1747395751844 0.0 1950
1747395753872 0.0001 1960
1747395753873 0.0001 1960
1747395755910 0.0 1970
1747395755911 0.0 1970
1747395757941 0.0 1980
1747395757942 0.0 1980
1747395759972 0.0001 1990
1747395759973 0.0001 1990
1747395762018 0.0 2000
1747395762016 0.0 2000
1747395764050 0.0 2010
1747395764051 0.0 2010
1747395766094 0.0 2020
1747395766095 0.0 2020
1747395768125 0.0 2030
1747395768126 0.0 2030
1747395770170 0.0 2040
1747395770171 0.0 2040
1747395772201 0.0 2050
1747395772202 0.0 2050
1747395774240 0.0 2060
1747395774242 0.0 2060
1747395776273 0.0 2070
1747395776274 0.0 2070
1747395778303 0.0 2080
1747395778303 0.0 2080
1747395780326 0.0004 2090
1747395780327 0.0004 2090
1747395782367 0.0001 2100
1747395782369 0.0001 2100
1747395784417 0.0 2110
1747395784419 0.0 2110
1747395786477 0.0006 2120
1747395786478 0.0006 2120
1747395788497 0.0 2130
1747395788498 0.0 2130
1747395790526 0.0 2140
1747395790527 0.0 2140
1747395792568 0.0 2150
1747395792570 0.0 2150
1747395794619 0.0 2160
1747395794620 0.0 2160
1747395796653 0.0 2170
1747395796654 0.0 2170
1747395798676 0.0 2180
1747395798677 0.0 2180
1747395800631 0.0 2190
1747395800632 0.0 2190
