1747378735808 0.10638297872340426 10
1747378735806 0.10638297872340426 10
1747378742696 0.2127659574468085 20
1747378742696 0.2127659574468085 20
1747378746392 0.3191489361702128 30
1747378746392 0.3191489361702128 30
1747378750103 0.425531914893617 40
1747378750103 0.425531914893617 40
1747378753809 0.5319148936170213 50
1747378753809 0.5319148936170213 50
1747378757534 0.6382978723404256 60
1747378757534 0.6382978723404256 60
1747378761260 0.7446808510638298 70
1747378761260 0.7446808510638298 70
1747378764984 0.851063829787234 80
1747378764984 0.851063829787234 80
1747378770353 0.9574468085106383 90
1747378770353 0.9574468085106383 90
1747378774136 1.0 94
1747378774136 1.0 94
1747378777749 1.0638297872340425 100
1747378777749 1.0638297872340425 100
1747378783115 1.1702127659574468 110
1747378783115 1.1702127659574468 110
1747378788445 1.2765957446808511 120
1747378788445 1.2765957446808511 120
1747378792153 1.3829787234042552 130
1747378792153 1.3829787234042552 130
1747378795894 1.4893617021276595 140
1747378795894 1.4893617021276595 140
1747378801215 1.5957446808510638 150
1747378801215 1.5957446808510638 150
1747378806556 1.702127659574468 160
1747378806556 1.702127659574468 160
1747378811909 1.8085106382978724 170
1747378811909 1.8085106382978724 170
1747378815620 1.9148936170212765 180
1747378815620 1.9148936170212765 180
1747378820902 2.0 188
1747378820902 2.0 188
1747378822974 2.021276595744681 190
1747378822974 2.021276595744681 190
1747378826734 2.127659574468085 200
1747378826734 2.127659574468085 200
1747378833751 2.2340425531914896 210
1747378833766 2.2340425531914896 210
1747378839263 2.3404255319148937 220
1747378839263 2.3404255319148937 220
1747378843026 2.4468085106382977 230
1747378843026 2.4468085106382977 230
1747378846899 2.5531914893617023 240
1747378846900 2.5531914893617023 240
1747378852415 2.6595744680851063 250
1747378852416 2.6595744680851063 250
1747378856380 2.7659574468085104 260
1747378856381 2.7659574468085104 260
1747378861979 2.872340425531915 270
1747378861980 2.872340425531915 270
1747378865944 2.978723404255319 280
1747378865945 2.978723404255319 280
1747378869163 3.0 282
1747378869164 3.0 282
1747378874213 3.0851063829787235 290
1747378874214 3.0851063829787235 290
1747378878087 3.1914893617021276 300
1747378878088 3.1914893617021276 300
1747378881877 3.297872340425532 310
1747378881877 3.297872340425532 310
1747378885687 3.404255319148936 320
1747378885687 3.404255319148936 320
1747378889479 3.5106382978723403 330
1747378889479 3.5106382978723403 330
1747378893346 3.617021276595745 340
1747378893346 3.617021276595745 340
1747378897201 3.723404255319149 350
1747378897201 3.723404255319149 350
1747378901267 3.829787234042553 360
1747378901267 3.829787234042553 360
1747378905239 3.9361702127659575 370
1747378905239 3.9361702127659575 370
1747378910031 4.0 376
1747378910031 4.0 376
1747378913139 4.042553191489362 380
1747378913139 4.042553191489362 380
1747378916932 4.148936170212766 390
1747378916932 4.148936170212766 390
1747378920728 4.25531914893617 400
1747378920728 4.25531914893617 400
1747378924612 4.361702127659575 410
1747378924613 4.361702127659575 410
1747378928569 4.468085106382979 420
1747378928569 4.468085106382979 420
1747378932400 4.574468085106383 430
1747378932401 4.574468085106383 430
1747378936292 4.680851063829787 440
1747378936304 4.680851063829787 440
1747378940220 4.787234042553192 450
1747378940220 4.787234042553192 450
1747378944034 4.8936170212765955 460
1747378944034 4.8936170212765955 460
1747378947723 5.0 470
1747378947723 5.0 470
1747378950227 5.0 470
1747378950227 5.0 470
1747378955513 5.1063829787234045 480
1747378955513 5.1063829787234045 480
1747378959363 5.212765957446808 490
1747378959363 5.212765957446808 490
1747378964847 5.319148936170213 500
1747378964847 5.319148936170213 500
1747378970442 5.425531914893617 510
1747378970444 5.425531914893617 510
1747378975958 5.531914893617021 520
1747378975958 5.531914893617021 520
1747378979750 5.638297872340425 530
1747378979750 5.638297872340425 530
1747378983540 5.74468085106383 540
1747378983540 5.74468085106383 540
1747378987340 5.851063829787234 550
1747378987340 5.851063829787234 550
1747378991142 5.957446808510638 560
1747378991142 5.957446808510638 560
1747378995006 6.0 564
1747378995006 6.0 564
1747378996345 6.0 564
1747378996361 6.0 564
