1747378735808 6.913975238800049 10
1747378735806 6.913975238800049 10
1747378742696 3.1309306621551514 20
1747378742696 3.1309306621551514 20
1747378746392 5.86230993270874 30
1747378746392 5.86230993270874 30
1747378750103 3.4816198348999023 40
1747378750103 3.4816198348999023 40
1747378753809 0.14429864287376404 50
1747378753809 0.14429864287376404 50
1747378757534 0.4448348879814148 60
1747378757534 0.4448348879814148 60
1747378761260 0.27216199040412903 70
1747378761260 0.27216199040412903 70
1747378764984 27.279508590698242 80
1747378764984 27.279508590698242 80
1747378770353 18.260780334472656 90
1747378770353 18.260780334472656 90
1747378777749 0.07864722609519958 100
1747378777749 0.07864722609519958 100
1747378783115 0.023879073560237885 110
1747378783115 0.023879073560237885 110
1747378788445 3.5417258739471436 120
1747378788445 3.5417258739471436 120
1747378792153 0.02641814947128296 130
1747378792153 0.02641814947128296 130
1747378795894 0.026126649230718613 140
1747378795894 0.026126649230718613 140
1747378801215 0.042071353644132614 150
1747378801215 0.042071353644132614 150
1747378806556 0.04770598188042641 160
1747378806556 0.04770598188042641 160
1747378811909 0.0379694439470768 170
1747378811909 0.0379694439470768 170
1747378815620 0.016376638785004616 180
1747378815620 0.016376638785004616 180
1747378822974 3.5060410499572754 190
1747378822974 3.5060410499572754 190
1747378826734 0.03340226039290428 200
1747378826734 0.03340226039290428 200
1747378833751 0.005939445924013853 210
1747378833766 0.005939445924013853 210
1747378839263 0.007018762640655041 220
1747378839263 0.007018762640655041 220
1747378843026 0.04854010045528412 230
1747378843026 0.04854010045528412 230
1747378846899 0.004937013611197472 240
1747378846900 0.004937013611197472 240
1747378852415 0.0035170239862054586 250
1747378852416 0.0035170239862054586 250
1747378856380 0.04209400340914726 260
1747378856381 0.04209400340914726 260
1747378861979 0.0035789727699011564 270
1747378861980 0.0035789727699011564 270
1747378865944 0.0037414515390992165 280
1747378865945 0.0037414515390992165 280
1747378874213 1.2056390047073364 290
1747378874214 1.2056390047073364 290
1747378878087 0.003065668512135744 300
1747378878088 0.003065668512135744 300
1747378881877 0.0027100485749542713 310
1747378881877 0.0027100485749542713 310
1747378885687 0.002558831125497818 320
1747378885687 0.002558831125497818 320
1747378889479 0.0024193907156586647 330
1747378889479 0.0024193907156586647 330
1747378893346 0.03950301557779312 340
1747378893346 0.03950301557779312 340
1747378897201 0.10535599291324615 350
1747378897201 0.10535599291324615 350
1747378901267 0.01193209644407034 360
1747378901267 0.01193209644407034 360
1747378905239 0.014957739971578121 370
1747378905239 0.014957739971578121 370
1747378913139 0.011340227909386158 380
1747378913139 0.011340227909386158 380
1747378916932 0.007795548532158136 390
1747378916932 0.007795548532158136 390
1747378920728 0.006396011915057898 400
1747378920728 0.006396011915057898 400
1747378924612 0.006555347703397274 410
1747378924613 0.006555347703397274 410
1747378928569 0.005799254402518272 420
1747378928569 0.005799254402518272 420
1747378932400 0.004095459822565317 430
1747378932401 0.004095459822565317 430
1747378936292 0.0031326645985245705 440
1747378936304 0.0031326645985245705 440
1747378940220 0.0028029540553689003 450
1747378940220 0.0028029540553689003 450
1747378944034 0.0030917783733457327 460
1747378944034 0.0030917783733457327 460
1747378947723 0.002415379974991083 470
1747378947723 0.002415379974991083 470
1747378955513 0.002369993831962347 480
1747378955513 0.002369993831962347 480
1747378959363 0.001866168575361371 490
1747378959363 0.001866168575361371 490
1747378964847 0.0035477066412568092 500
1747378964847 0.0035477066412568092 500
1747378970442 0.0017201139125972986 510
1747378970444 0.0017201139125972986 510
1747378975958 0.0014366222312673926 520
1747378975958 0.0014366222312673926 520
1747378979750 0.0017061765538528562 530
1747378979750 0.0017061765538528562 530
1747378983540 0.0019018875900655985 540
1747378983540 0.0019018875900655985 540
1747378987340 0.0013957415940240026 550
1747378987340 0.0013957415940240026 550
1747378991142 0.0014353113947436213 560
1747378991142 0.0014353113947436213 560
