1747378735808 4.946808510638298e-05 10
1747378735806 4.946808510638298e-05 10
1747378742696 4.893617021276596e-05 20
1747378742696 4.893617021276596e-05 20
1747378746392 4.840425531914894e-05 30
1747378746392 4.840425531914894e-05 30
1747378750103 4.787234042553192e-05 40
1747378750103 4.787234042553192e-05 40
1747378753809 4.734042553191489e-05 50
1747378753809 4.734042553191489e-05 50
1747378757534 4.680851063829788e-05 60
1747378757534 4.680851063829788e-05 60
1747378761260 4.627659574468085e-05 70
1747378761260 4.627659574468085e-05 70
1747378764984 4.574468085106383e-05 80
1747378764984 4.574468085106383e-05 80
1747378770353 4.5212765957446815e-05 90
1747378770353 4.5212765957446815e-05 90
1747378777749 4.468085106382979e-05 100
1747378777749 4.468085106382979e-05 100
1747378783115 4.414893617021277e-05 110
1747378783115 4.414893617021277e-05 110
1747378788445 4.3617021276595746e-05 120
1747378788445 4.3617021276595746e-05 120
1747378792153 4.3085106382978725e-05 130
1747378792153 4.3085106382978725e-05 130
1747378795894 4.2553191489361704e-05 140
1747378795894 4.2553191489361704e-05 140
1747378801215 4.2021276595744684e-05 150
1747378801215 4.2021276595744684e-05 150
1747378806556 4.148936170212766e-05 160
1747378806556 4.148936170212766e-05 160
1747378811909 4.095744680851064e-05 170
1747378811909 4.095744680851064e-05 170
1747378815620 4.0425531914893614e-05 180
1747378815620 4.0425531914893614e-05 180
1747378822974 3.9893617021276594e-05 190
1747378822974 3.9893617021276594e-05 190
1747378826734 3.936170212765958e-05 200
1747378826734 3.936170212765958e-05 200
1747378833751 3.882978723404255e-05 210
1747378833766 3.882978723404255e-05 210
1747378839263 3.829787234042553e-05 220
1747378839263 3.829787234042553e-05 220
1747378843026 3.776595744680852e-05 230
1747378843026 3.776595744680852e-05 230
1747378846899 3.723404255319149e-05 240
1747378846900 3.723404255319149e-05 240
1747378852415 3.670212765957447e-05 250
1747378852416 3.670212765957447e-05 250
1747378856380 3.617021276595745e-05 260
1747378856381 3.617021276595745e-05 260
1747378861979 3.563829787234043e-05 270
1747378861980 3.563829787234043e-05 270
1747378865944 3.5106382978723407e-05 280
1747378865945 3.5106382978723407e-05 280
1747378874213 3.4574468085106386e-05 290
1747378874214 3.4574468085106386e-05 290
1747378878087 3.4042553191489365e-05 300
1747378878088 3.4042553191489365e-05 300
1747378881877 3.3510638297872344e-05 310
1747378881877 3.3510638297872344e-05 310
1747378885687 3.2978723404255317e-05 320
1747378885687 3.2978723404255317e-05 320
1747378889479 3.2446808510638296e-05 330
1747378889479 3.2446808510638296e-05 330
1747378893346 3.191489361702128e-05 340
1747378893346 3.191489361702128e-05 340
1747378897201 3.1382978723404254e-05 350
1747378897201 3.1382978723404254e-05 350
1747378901267 3.085106382978723e-05 360
1747378901267 3.085106382978723e-05 360
1747378905239 3.0319148936170216e-05 370
1747378905239 3.0319148936170216e-05 370
1747378913139 2.9787234042553192e-05 380
1747378913139 2.9787234042553192e-05 380
1747378916932 2.925531914893617e-05 390
1747378916932 2.925531914893617e-05 390
1747378920728 2.8723404255319154e-05 400
1747378920728 2.8723404255319154e-05 400
1747378924612 2.819148936170213e-05 410
1747378924613 2.819148936170213e-05 410
1747378928569 2.765957446808511e-05 420
1747378928569 2.765957446808511e-05 420
1747378932400 2.7127659574468084e-05 430
1747378932401 2.7127659574468084e-05 430
1747378936292 2.6595744680851064e-05 440
1747378936304 2.6595744680851064e-05 440
1747378940220 2.6063829787234046e-05 450
1747378940220 2.6063829787234046e-05 450
1747378944034 2.5531914893617022e-05 460
1747378944034 2.5531914893617022e-05 460
1747378947723 2.5e-05 470
1747378947723 2.5e-05 470
1747378955513 2.446808510638298e-05 480
1747378955513 2.446808510638298e-05 480
1747378959363 2.393617021276596e-05 490
1747378959363 2.393617021276596e-05 490
1747378964847 2.340425531914894e-05 500
1747378964847 2.340425531914894e-05 500
1747378970442 2.2872340425531915e-05 510
1747378970444 2.2872340425531915e-05 510
1747378975958 2.2340425531914894e-05 520
1747378975958 2.2340425531914894e-05 520
1747378979750 2.1808510638297873e-05 530
1747378979750 2.1808510638297873e-05 530
1747378983540 2.1276595744680852e-05 540
1747378983540 2.1276595744680852e-05 540
1747378987340 2.074468085106383e-05 550
1747378987340 2.074468085106383e-05 550
1747378991142 2.0212765957446807e-05 560
1747378991142 2.0212765957446807e-05 560
