1747378735806 0.5296 10
1747378735808 0.5296 10
1747378742696 0.1989 20
1747378742696 0.1989 20
1747378746392 0.1628 30
1747378746392 0.1628 30
1747378750103 0.1036 40
1747378750103 0.1036 40
1747378753809 0.0919 50
1747378753809 0.0919 50
1747378757534 0.1504 60
1747378757534 0.1504 60
1747378761260 0.0624 70
1747378761260 0.0624 70
1747378764984 0.0951 80
1747378764984 0.0951 80
1747378770353 0.0443 90
1747378770353 0.0443 90
1747378777749 0.0447 100
1747378777749 0.0447 100
1747378783115 0.0379 110
1747378783115 0.0379 110
1747378788445 0.0424 120
1747378788445 0.0424 120
1747378792153 0.0486 130
1747378795894 0.0682 140
1747378795894 0.0682 140
1747378801215 0.0795 150
1747378801215 0.0795 150
1747378806556 0.0275 160
1747378806556 0.0275 160
1747378811909 0.001 170
1747378811909 0.001 170
1747378815620 0.0007 180
1747378815620 0.0007 180
1747378822974 0.0124 190
1747378822974 0.0124 190
1747378826734 0.0283 200
1747378826734 0.0283 200
1747378833751 0.026 210
1747378833766 0.026 210
1747378839263 0.0003 220
1747378839263 0.0003 220
1747378843026 0.0002 230
1747378843026 0.0002 230
1747378846899 0.001 240
1747378846900 0.001 240
1747378852415 0.0002 250
1747378852416 0.0002 250
1747378856380 0.0004 260
1747378856381 0.0004 260
1747378861979 0.0002 270
1747378861980 0.0002 270
1747378865944 0.0467 280
1747378865945 0.0467 280
1747378874213 0.0003 290
1747378874214 0.0003 290
1747378878087 0.0035 300
1747378878088 0.0035 300
1747378881877 0.0023 310
1747378881877 0.0023 310
1747378885687 0.0001 320
1747378885687 0.0001 320
1747378889479 0.0001 330
1747378889479 0.0001 330
1747378893346 0.089 340
1747378893346 0.089 340
1747378897201 0.0037 350
1747378897201 0.0037 350
1747378901267 0.0006 360
1747378901267 0.0006 360
1747378905239 0.0019 370
1747378905239 0.0019 370
1747378913139 0.0004 380
1747378913139 0.0004 380
1747378916932 0.0024 390
1747378916932 0.0024 390
1747378920728 0.0002 400
1747378920728 0.0002 400
1747378924612 0.1471 410
1747378924613 0.1471 410
1747378928569 0.0025 420
1747378928569 0.0025 420
1747378932400 0.0001 430
1747378932401 0.0001 430
1747378936292 0.0001 440
1747378936304 0.0001 440
1747378940220 0.0001 450
1747378940220 0.0001 450
1747378944034 0.0001 460
1747378944034 0.0001 460
1747378947723 0.0001 470
1747378947723 0.0001 470
1747378955513 0.0001 480
1747378955513 0.0001 480
1747378959363 0.0001 490
1747378959363 0.0001 490
1747378964847 0.0001 500
1747378964847 0.0001 500
1747378970442 0.0001 510
1747378970444 0.0001 510
1747378975958 0.0001 520
1747378975958 0.0001 520
1747378979750 0.0001 530
1747378979750 0.0001 530
1747378983540 0.0001 540
1747378983540 0.0001 540
1747378987340 0.0011 550
1747378987340 0.0011 550
1747378991142 0.0001 560
1747378991142 0.0001 560
