1747350276266 1.0 3
1747350276267 1.0 3
1747350277991 2.0 6
1747350277992 2.0 6
1747350279741 3.0 9
1747350279742 3.0 9
1747350281347 3.3333333333333335 10
1747350281348 3.3333333333333335 10
1747350281617 4.0 12
1747350281618 4.0 12
1747350283380 5.0 15
1747350283381 5.0 15
1747350285020 6.0 18
1747350285020 6.0 18
1747350286501 6.666666666666667 20
1747350286502 6.666666666666667 20
1747350286587 7.0 21
1747350286588 7.0 21
1747350288554 8.0 24
1747350288555 8.0 24
1747350290168 9.0 27
1747350290170 9.0 27
1747350291856 10.0 30
1747350291857 10.0 30
1747350291913 10.0 30
1747350291914 10.0 30
1747350293111 10.0 30
1747350293111 10.0 30
