1747066957242 0.5555555555555556 10
1747066957242 0.5555555555555556 10
1747066966176 1.0 18
1747066966177 1.0 18
1747066969572 1.1111111111111112 20
1747066969576 1.1111111111111112 20
1747066982398 1.6666666666666665 30
1747066982399 1.6666666666666665 30
1747066989771 2.0 36
1747066989772 2.0 36
1747066996939 2.2222222222222223 40
1747066996939 2.2222222222222223 40
1747067005194 2.7777777777777777 50
1747067005195 2.7777777777777777 50
1747067012560 3.0 54
1747067012561 3.0 54
1747067021740 3.3333333333333335 60
1747067021741 3.3333333333333335 60
1747067030148 3.888888888888889 70
1747067030149 3.888888888888889 70
1747067033253 4.0 72
1747067033258 4.0 72
1747067044822 4.444444444444445 80
1747067044825 4.444444444444445 80
1747067056034 5.0 90
1747067056035 5.0 90
1747067056992 5.0 90
1747067056992 5.0 90
1747067058801 5.0 90
1747067058801 5.0 90
