1747066957242 3.973862409591675 10
1747066957242 3.973862409591675 10
1747066969572 3.2388901710510254 20
1747066969576 3.2388901710510254 20
1747066982398 4.014734745025635 30
1747066982399 4.014734745025635 30
1747066996939 1.7858669757843018 40
1747066996939 1.7858669757843018 40
1747067005194 7.251989364624023 50
1747067005195 7.251989364624023 50
1747067021740 24.77225685119629 60
1747067021741 24.77225685119629 60
1747067030148 4.168615818023682 70
1747067030149 4.168615818023682 70
1747067044822 4.70916223526001 80
1747067044825 4.70916223526001 80
1747067056034 0.3627258837223053 90
1747067056035 0.3627258837223053 90
