1747066957242 4.4444444444444447e-05 10
1747066957242 4.4444444444444447e-05 10
1747066969572 3.888888888888889e-05 20
1747066969576 3.888888888888889e-05 20
1747066982398 3.3333333333333335e-05 30
1747066982399 3.3333333333333335e-05 30
1747066996939 2.777777777777778e-05 40
1747066996939 2.777777777777778e-05 40
1747067005194 2.2222222222222223e-05 50
1747067005195 2.2222222222222223e-05 50
1747067021740 1.6666666666666667e-05 60
1747067021741 1.6666666666666667e-05 60
1747067030148 1.1111111111111112e-05 70
1747067030149 1.1111111111111112e-05 70
1747067044822 5.555555555555556e-06 80
1747067044825 5.555555555555556e-06 80
1747067056034 0.0 90
1747067056035 0.0 90
