1747391014723 0.11235955056179775 10
1747391014723 0.11235955056179775 10
1747391018435 0.2247191011235955 20
1747391018435 0.2247191011235955 20
1747391022149 0.33707865168539325 30
1747391022149 0.33707865168539325 30
1747391025870 0.449438202247191 40
1747391025870 0.449438202247191 40
1747391029640 0.5617977528089888 50
1747391029640 0.5617977528089888 50
1747391035050 0.6741573033707865 60
1747391035052 0.6741573033707865 60
1747391038840 0.7865168539325843 70
1747391038840 0.7865168539325843 70
1747391042561 0.898876404494382 80
1747391042561 0.898876404494382 80
1747391048188 1.0 89
1747391048188 1.0 89
1747391049534 1.0112359550561798 90
1747391049534 1.0112359550561798 90
1747391053383 1.1235955056179776 100
1747391053383 1.1235955056179776 100
1747391057229 1.2359550561797752 110
1747391057229 1.2359550561797752 110
1747391061105 1.348314606741573 120
1747391061105 1.348314606741573 120
1747391064871 1.4606741573033708 130
1747391064869 1.4606741573033708 130
1747391068705 1.5730337078651684 140
1747391068706 1.5730337078651684 140
1747391074198 1.6853932584269664 150
1747391074198 1.6853932584269664 150
1747391078047 1.797752808988764 160
1747391078048 1.797752808988764 160
1747391081850 1.9101123595505618 170
1747391081850 1.9101123595505618 170
1747391087115 2.0 178
1747391087115 2.0 178
1747391088881 2.0224719101123596 180
1747391088881 2.0224719101123596 180
1747391095101 2.134831460674157 190
1747391095101 2.134831460674157 190
1747391099833 2.247191011235955 200
1747391099833 2.247191011235955 200
1747391103593 2.359550561797753 210
1747391103593 2.359550561797753 210
1747391109037 2.4719101123595504 220
1747391109037 2.4719101123595504 220
1747391112855 2.5842696629213484 230
1747391112869 2.5842696629213484 230
1747391116705 2.696629213483146 240
1747391116705 2.696629213483146 240
1747391122139 2.808988764044944 250
1747391122155 2.808988764044944 250
1747391125955 2.9213483146067416 260
1747391125957 2.9213483146067416 260
1747391130826 3.0 267
1747391130826 3.0 267
1747391132972 3.033707865168539 270
1747391132972 3.033707865168539 270
1747391138425 3.146067415730337 280
1747391138425 3.146067415730337 280
1747391142213 3.258426966292135 290
1747391142213 3.258426966292135 290
1747391145968 3.370786516853933 300
1747391145968 3.370786516853933 300
1747391149817 3.4831460674157304 310
1747391149817 3.4831460674157304 310
1747391153639 3.595505617977528 320
1747391153639 3.595505617977528 320
1747391157392 3.7078651685393256 330
1747391157392 3.7078651685393256 330
1747391161180 3.8202247191011236 340
1747391161181 3.8202247191011236 340
1747391165121 3.932584269662921 350
1747391165121 3.932584269662921 350
1747391169741 4.0 356
1747391169741 4.0 356
1747391173705 4.044943820224719 360
1747391173721 4.044943820224719 360
1747391181273 4.157303370786517 370
1747391181277 4.157303370786517 370
1747391185237 4.269662921348314 380
1747391185236 4.269662921348314 380
