1747391014723 1.8493280410766602 10
1747391014723 1.8493280410766602 10
1747391018435 0.9207250475883484 20
1747391018435 0.9207250475883484 20
1747391022149 1.2967751026153564 30
1747391022149 1.2967751026153564 30
1747391025870 1.790429949760437 40
1747391025870 1.790429949760437 40
1747391029640 1.8177207708358765 50
1747391029640 1.8177207708358765 50
1747391035050 2.1109392642974854 60
1747391035052 2.1109392642974854 60
1747391038840 2.0748367309570312 70
1747391038840 2.0748367309570312 70
1747391042561 6.441430568695068 80
1747391042561 6.441430568695068 80
1747391049534 3.908869743347168 90
1747391049534 3.908869743347168 90
1747391053383 6.325255393981934 100
1747391053383 6.325255393981934 100
1747391057229 6.618941307067871 110
1747391057229 6.618941307067871 110
1747391061105 3.5529394149780273 120
1747391061105 3.5529394149780273 120
1747391064871 11.62366008758545 130
1747391064869 11.62366008758545 130
1747391068705 4.156983375549316 140
1747391068706 4.156983375549316 140
1747391074198 8.832318305969238 150
1747391074198 8.832318305969238 150
1747391078047 2.092442750930786 160
1747391078048 2.092442750930786 160
1747391081850 4.682857990264893 170
1747391081850 4.682857990264893 170
1747391088881 3.319392442703247 180
1747391088881 3.319392442703247 180
1747391095101 1.2174537181854248 190
1747391095101 1.2174537181854248 190
1747391099833 1.4440006017684937 200
1747391099833 1.4440006017684937 200
1747391103593 0.07982976734638214 210
1747391103593 0.07982976734638214 210
1747391109037 15.709192276000977 220
1747391109037 15.709192276000977 220
1747391112855 14.641357421875 230
1747391112869 14.641357421875 230
1747391116705 8.220422744750977 240
1747391116705 8.220422744750977 240
1747391122139 10.45264720916748 250
1747391122155 10.45264720916748 250
1747391125955 3.454928159713745 260
1747391125957 3.454928159713745 260
1747391132972 0.21771755814552307 270
1747391132972 0.21771755814552307 270
1747391138425 0.18879936635494232 280
1747391138425 0.18879936635494232 280
1747391142213 0.1382092535495758 290
1747391142213 0.1382092535495758 290
1747391145968 10.12436294555664 300
1747391145968 10.12436294555664 300
1747391149817 0.8965374827384949 310
1747391149817 0.8965374827384949 310
1747391153639 0.055512964725494385 320
1747391153639 0.055512964725494385 320
1747391157392 2.6895337104797363 330
1747391157392 2.6895337104797363 330
1747391161180 0.03491527959704399 340
1747391161181 0.03491527959704399 340
1747391165121 0.027714459225535393 350
1747391165121 0.027714459225535393 350
1747391173705 0.027541710063815117 360
1747391173721 0.027541710063815117 360
1747391181273 0.04174191132187843 370
1747391181277 0.04174191132187843 370
1747391185237 0.027443189173936844 380
1747391185236 0.027443189173936844 380
