1747391014723 4.943820224719101e-05 10
1747391014723 4.943820224719101e-05 10
1747391018435 4.8876404494382024e-05 20
1747391018435 4.8876404494382024e-05 20
1747391022149 4.831460674157304e-05 30
1747391022149 4.831460674157304e-05 30
1747391025870 4.7752808988764046e-05 40
1747391025870 4.7752808988764046e-05 40
1747391029640 4.719101123595506e-05 50
1747391029640 4.719101123595506e-05 50
1747391035050 4.662921348314607e-05 60
1747391035052 4.662921348314607e-05 60
1747391038840 4.606741573033708e-05 70
1747391038840 4.606741573033708e-05 70
1747391042561 4.550561797752809e-05 80
1747391042561 4.550561797752809e-05 80
1747391049534 4.4943820224719104e-05 90
1747391049534 4.4943820224719104e-05 90
1747391053383 4.438202247191011e-05 100
1747391053383 4.438202247191011e-05 100
1747391057229 4.3820224719101126e-05 110
1747391057229 4.3820224719101126e-05 110
1747391061105 4.3258426966292134e-05 120
1747391061105 4.3258426966292134e-05 120
1747391064871 4.269662921348315e-05 130
1747391064869 4.269662921348315e-05 130
1747391068705 4.2134831460674156e-05 140
1747391068706 4.2134831460674156e-05 140
1747391074198 4.157303370786517e-05 150
1747391074198 4.157303370786517e-05 150
1747391078047 4.1011235955056184e-05 160
1747391078048 4.1011235955056184e-05 160
1747391081850 4.044943820224719e-05 170
1747391081850 4.044943820224719e-05 170
1747391088881 3.98876404494382e-05 180
1747391088881 3.98876404494382e-05 180
1747391095101 3.9325842696629214e-05 190
1747391095101 3.9325842696629214e-05 190
1747391099833 3.876404494382023e-05 200
1747391099833 3.876404494382023e-05 200
1747391103593 3.8202247191011236e-05 210
1747391103593 3.8202247191011236e-05 210
1747391109037 3.764044943820225e-05 220
1747391109037 3.764044943820225e-05 220
1747391112855 3.7078651685393264e-05 230
1747391112869 3.7078651685393264e-05 230
1747391116705 3.651685393258427e-05 240
1747391116705 3.651685393258427e-05 240
1747391122139 3.595505617977528e-05 250
1747391122155 3.595505617977528e-05 250
1747391125955 3.5393258426966294e-05 260
1747391125957 3.5393258426966294e-05 260
1747391132972 3.483146067415731e-05 270
1747391132972 3.483146067415731e-05 270
1747391138425 3.4269662921348316e-05 280
1747391138425 3.4269662921348316e-05 280
1747391142213 3.370786516853933e-05 290
1747391142213 3.370786516853933e-05 290
1747391145968 3.314606741573034e-05 300
1747391145968 3.314606741573034e-05 300
1747391149817 3.258426966292135e-05 310
1747391149817 3.258426966292135e-05 310
1747391153639 3.202247191011236e-05 320
1747391153639 3.202247191011236e-05 320
1747391157392 3.1460674157303374e-05 330
1747391157392 3.1460674157303374e-05 330
1747391161180 3.089887640449438e-05 340
1747391161181 3.089887640449438e-05 340
1747391165121 3.0337078651685396e-05 350
1747391165121 3.0337078651685396e-05 350
1747391173705 2.9775280898876406e-05 360
1747391173721 2.9775280898876406e-05 360
1747391181273 2.9213483146067417e-05 370
1747391181277 2.9213483146067417e-05 370
1747391185237 2.8651685393258425e-05 380
1747391185236 2.8651685393258425e-05 380
