1747391014723 0.6656 10
1747391014723 0.6656 10
1747391018435 0.6341 20
1747391018435 0.6341 20
1747391022149 0.5777 30
1747391022149 0.5777 30
1747391025870 0.5266 40
1747391025870 0.5266 40
1747391029640 0.482 50
1747391029640 0.482 50
1747391035050 0.4907 60
1747391035052 0.4907 60
1747391038840 0.4561 70
1747391038840 0.4561 70
1747391042561 0.4601 80
1747391042561 0.4601 80
1747391049534 0.3382 90
1747391049534 0.3382 90
1747391053383 0.2939 100
1747391053383 0.2939 100
1747391057229 0.2306 110
1747391057229 0.2306 110
1747391061105 0.3312 120
1747391061105 0.3312 120
1747391064871 0.2945 130
1747391064869 0.2945 130
1747391068705 0.2309 140
1747391068706 0.2309 140
1747391074198 0.2475 150
1747391074198 0.2475 150
1747391078047 0.3433 160
1747391078048 0.3433 160
1747391081850 0.3307 170
1747391081850 0.3307 170
1747391088881 0.1645 180
1747391088881 0.1645 180
1747391095101 0.0863 190
1747391095101 0.0863 190
1747391099833 0.0918 200
1747391099833 0.0918 200
1747391103593 0.1026 210
1747391103593 0.1026 210
1747391109037 0.2223 220
1747391109037 0.2223 220
1747391112855 0.2334 230
1747391112869 0.2334 230
1747391116705 0.1392 240
1747391116705 0.1392 240
1747391122139 0.1633 250
1747391122155 0.1633 250
1747391125955 0.1021 260
1747391125957 0.1021 260
1747391132972 0.1691 270
1747391132972 0.1691 270
1747391138425 0.0168 280
1747391138425 0.0168 280
1747391142213 0.0759 290
1747391142213 0.0759 290
1747391145968 0.0777 300
1747391145968 0.0777 300
1747391149817 0.0416 310
1747391149817 0.0416 310
1747391153639 0.0043 320
1747391153639 0.0043 320
1747391157392 0.0349 330
1747391157392 0.0349 330
1747391161180 0.0289 340
1747391161181 0.0289 340
1747391165121 0.0026 350
1747391165121 0.0026 350
1747391173705 0.0389 360
1747391173721 0.0389 360
1747391181273 0.0028 370
1747391181277 0.0028 370
1747391185237 0.0016 380
1747391185236 0.0016 380
