1747396824821 0.0228310502283105 10
1747396824822 0.0228310502283105 10
1747396826817 0.045662100456621 20
1747396826818 0.045662100456621 20
1747396828770 0.0684931506849315 30
1747396828771 0.0684931506849315 30
1747396830715 0.091324200913242 40
1747396830717 0.091324200913242 40
1747396832658 0.1141552511415525 50
1747396832659 0.1141552511415525 50
1747396834611 0.136986301369863 60
1747396834612 0.136986301369863 60
1747396836600 0.1598173515981735 70
1747396836599 0.1598173515981735 70
1747396838590 0.182648401826484 80
1747396838591 0.182648401826484 80
1747396840541 0.2054794520547945 90
1747396840542 0.2054794520547945 90
1747396842503 0.228310502283105 100
1747396842505 0.228310502283105 100
1747396844622 0.2511415525114155 110
1747396844623 0.2511415525114155 110
1747396846573 0.273972602739726 120
1747396846574 0.273972602739726 120
1747396848570 0.2968036529680365 130
1747396848568 0.2968036529680365 130
1747396852137 0.319634703196347 140
1747396852138 0.319634703196347 140
1747396854090 0.3424657534246575 150
1747396854091 0.3424657534246575 150
1747396856095 0.365296803652968 160
1747396856095 0.365296803652968 160
1747396858060 0.3881278538812785 170
1747396858058 0.3881278538812785 170
1747396860679 0.410958904109589 180
1747396860685 0.410958904109589 180
1747396863634 0.4337899543378995 190
1747396863633 0.4337899543378995 190
1747396865605 0.45662100456621 200
1747396865607 0.45662100456621 200
1747396869322 0.4794520547945205 210
1747396869323 0.4794520547945205 210
1747396871312 0.502283105022831 220
1747396871311 0.502283105022831 220
1747396873268 0.5251141552511416 230
1747396873270 0.5251141552511416 230
1747396875238 0.547945205479452 240
1747396875239 0.547945205479452 240
1747396877275 0.5707762557077626 250
1747396877276 0.5707762557077626 250
1747396879248 0.593607305936073 260
1747396879250 0.593607305936073 260
1747396882895 0.6164383561643836 270
1747396882896 0.6164383561643836 270
1747396884901 0.639269406392694 280
1747396884902 0.639269406392694 280
1747396888575 0.6621004566210046 290
1747396888576 0.6621004566210046 290
1747396892228 0.684931506849315 300
1747396892226 0.684931506849315 300
1747396894196 0.7077625570776256 310
1747396894198 0.7077625570776256 310
1747396896165 0.730593607305936 320
1747396896166 0.730593607305936 320
1747396899751 0.7534246575342466 330
1747396899752 0.7534246575342466 330
1747396901706 0.776255707762557 340
1747396901706 0.776255707762557 340
1747396903734 0.7990867579908676 350
1747396903735 0.7990867579908676 350
1747396905754 0.821917808219178 360
1747396905756 0.821917808219178 360
1747396907930 0.8447488584474886 370
1747396907931 0.8447488584474886 370
1747396910116 0.867579908675799 380
1747396910118 0.867579908675799 380
1747396912155 0.8904109589041096 390
1747396912157 0.8904109589041096 390
1747396914250 0.91324200913242 400
1747396914251 0.91324200913242 400
1747396916532 0.9360730593607306 410
1747396916533 0.9360730593607306 410
1747396918635 0.958904109589041 420
1747396918637 0.958904109589041 420
1747396920699 0.9817351598173516 430
1747396920706 0.9817351598173516 430
1747396928343 1.0 438
1747396928345 1.0 438
1747396930300 1.004566210045662 440
1747396930299 1.004566210045662 440
1747396932306 1.0273972602739727 450
1747396932304 1.0273972602739727 450
1747396934311 1.0502283105022832 460
1747396934312 1.0502283105022832 460
1747396938074 1.0730593607305936 470
1747396938076 1.0730593607305936 470
1747396940086 1.095890410958904 480
1747396940087 1.095890410958904 480
1747396942091 1.1187214611872145 490
1747396942091 1.1187214611872145 490
1747396944094 1.1415525114155252 500
1747396944095 1.1415525114155252 500
1747396946134 1.1643835616438356 510
1747396946136 1.1643835616438356 510
1747396948153 1.187214611872146 520
1747396948155 1.187214611872146 520
1747396950198 1.2100456621004567 530
1747396950199 1.2100456621004567 530
1747396952239 1.2328767123287672 540
1747396952241 1.2328767123287672 540
1747396954264 1.2557077625570776 550
1747396954265 1.2557077625570776 550
1747396956260 1.278538812785388 560
1747396956262 1.278538812785388 560
1747396958269 1.3013698630136985 570
1747396958268 1.3013698630136985 570
1747396960255 1.3242009132420092 580
1747396960256 1.3242009132420092 580
1747396962248 1.3470319634703196 590
1747396962249 1.3470319634703196 590
1747396964238 1.36986301369863 600
1747396964240 1.36986301369863 600
1747396966232 1.3926940639269407 610
1747396966233 1.3926940639269407 610
1747396968263 1.4155251141552512 620
1747396968264 1.4155251141552512 620
1747396970337 1.4383561643835616 630
1747396970338 1.4383561643835616 630
1747396972418 1.461187214611872 640
1747396972420 1.461187214611872 640
1747396974467 1.4840182648401825 650
1747396974465 1.4840182648401825 650
1747396976523 1.5068493150684932 660
1747396976524 1.5068493150684932 660
1747396978551 1.5296803652968036 670
1747396978552 1.5296803652968036 670
1747396982229 1.5525114155251143 680
1747396982230 1.5525114155251143 680
1747396984237 1.5753424657534247 690
1747396984238 1.5753424657534247 690
1747396986320 1.5981735159817352 700
1747396986322 1.5981735159817352 700
1747396988457 1.6210045662100456 710
1747396988459 1.6210045662100456 710
1747396990562 1.643835616438356 720
1747396990564 1.643835616438356 720
1747396992601 1.6666666666666665 730
1747396992603 1.6666666666666665 730
1747396994622 1.6894977168949772 740
1747396994624 1.6894977168949772 740
1747396996653 1.7123287671232876 750
1747396996655 1.7123287671232876 750
1747397000509 1.7351598173515983 760
1747397000510 1.7351598173515983 760
1747397002578 1.7579908675799087 770
1747397002580 1.7579908675799087 770
1747397004680 1.7808219178082192 780
1747397004682 1.7808219178082192 780
1747397008625 1.8036529680365296 790
1747397008628 1.8036529680365296 790
1747397010701 1.82648401826484 800
1747397010703 1.82648401826484 800
1747397012760 1.8493150684931505 810
1747397012762 1.8493150684931505 810
1747397014817 1.8721461187214612 820
1747397014819 1.8721461187214612 820
1747397016853 1.8949771689497716 830
1747397016854 1.8949771689497716 830
1747397018865 1.9178082191780823 840
1747397018866 1.9178082191780823 840
1747397020888 1.9406392694063928 850
1747397020889 1.9406392694063928 850
1747397022934 1.9634703196347032 860
1747397022936 1.9634703196347032 860
1747397024957 1.9863013698630136 870
1747397024958 1.9863013698630136 870
1747397032173 2.0 876
1747397032175 2.0 876
1747397034886 2.009132420091324 880
1747397034888 2.009132420091324 880
1747397036981 2.0319634703196345 890
1747397036982 2.0319634703196345 890
1747397039114 2.0547945205479454 900
1747397039115 2.0547945205479454 900
1747397041229 2.077625570776256 910
1747397041230 2.077625570776256 910
1747397043298 2.1004566210045663 920
1747397043299 2.1004566210045663 920
1747397045369 2.1232876712328768 930
1747397045370 2.1232876712328768 930
1747397047459 2.146118721461187 940
1747397047461 2.146118721461187 940
1747397051199 2.1689497716894977 950
1747397051200 2.1689497716894977 950
1747397053267 2.191780821917808 960
1747397053269 2.191780821917808 960
1747397055333 2.2146118721461185 970
1747397055334 2.2146118721461185 970
1747397057375 2.237442922374429 980
1747397057377 2.237442922374429 980
1747397059472 2.26027397260274 990
1747397059473 2.26027397260274 990
1747397061616 2.2831050228310503 1000
1747397061618 2.2831050228310503 1000
1747397063720 2.3059360730593608 1010
1747397063719 2.3059360730593608 1010
1747397065812 2.328767123287671 1020
1747397065814 2.328767123287671 1020
1747397067874 2.3515981735159817 1030
1747397067875 2.3515981735159817 1030
1747397069957 2.374429223744292 1040
1747397069959 2.374429223744292 1040
1747397072042 2.3972602739726026 1050
1747397072043 2.3972602739726026 1050
1747397074108 2.4200913242009134 1060
1747397074109 2.4200913242009134 1060
1747397076175 2.442922374429224 1070
1747397076175 2.442922374429224 1070
1747397078296 2.4657534246575343 1080
1747397078294 2.4657534246575343 1080
1747397080373 2.4885844748858448 1090
1747397080374 2.4885844748858448 1090
1747397082507 2.5114155251141552 1100
1747397082509 2.5114155251141552 1100
1747397084566 2.5342465753424657 1110
1747397084568 2.5342465753424657 1110
1747397086652 2.557077625570776 1120
1747397086654 2.557077625570776 1120
1747397088793 2.5799086757990866 1130
1747397088794 2.5799086757990866 1130
1747397090886 2.602739726027397 1140
1747397090888 2.602739726027397 1140
1747397092985 2.625570776255708 1150
1747397092987 2.625570776255708 1150
1747397095068 2.6484018264840183 1160
1747397095066 2.6484018264840183 1160
1747397097133 2.671232876712329 1170
1747397097135 2.671232876712329 1170
1747397099275 2.6940639269406392 1180
1747397099276 2.6940639269406392 1180
1747397101345 2.7168949771689497 1190
1747397101344 2.7168949771689497 1190
1747397105092 2.73972602739726 1200
1747397105093 2.73972602739726 1200
1747397107156 2.762557077625571 1210
1747397107158 2.762557077625571 1210
1747397109220 2.7853881278538815 1220
1747397109221 2.7853881278538815 1220
1747397111290 2.808219178082192 1230
1747397111291 2.808219178082192 1230
1747397113369 2.8310502283105023 1240
1747397113371 2.8310502283105023 1240
1747397115416 2.853881278538813 1250
1747397115416 2.853881278538813 1250
1747397117530 2.8767123287671232 1260
1747397117531 2.8767123287671232 1260
1747397120316 2.8995433789954337 1270
1747397120320 2.8995433789954337 1270
1747397123347 2.922374429223744 1280
1747397123348 2.922374429223744 1280
1747397125452 2.9452054794520546 1290
1747397125453 2.9452054794520546 1290
1747397127560 2.968036529680365 1300
1747397127562 2.968036529680365 1300
1747397129653 2.990867579908676 1310
1747397129655 2.990867579908676 1310
1747397136710 3.0 1314
1747397136711 3.0 1314
1747397139708 3.0136986301369864 1320
1747397139711 3.0136986301369864 1320
1747397141815 3.036529680365297 1330
1747397141817 3.036529680365297 1330
1747397143894 3.0593607305936072 1340
1747397143895 3.0593607305936072 1340
1747397146003 3.0821917808219177 1350
1747397146005 3.0821917808219177 1350
1747397148132 3.105022831050228 1360
1747397148133 3.105022831050228 1360
1747397150230 3.127853881278539 1370
1747397150233 3.127853881278539 1370
1747397152369 3.1506849315068495 1380
1747397152370 3.1506849315068495 1380
1747397154485 3.17351598173516 1390
1747397154484 3.17351598173516 1390
1747397156577 3.1963470319634704 1400
1747397156578 3.1963470319634704 1400
1747397158655 3.219178082191781 1410
1747397158657 3.219178082191781 1410
1747397160772 3.2420091324200913 1420
1747397160774 3.2420091324200913 1420
1747397162874 3.2648401826484017 1430
1747397162875 3.2648401826484017 1430
1747397164921 3.287671232876712 1440
1747397164923 3.287671232876712 1440
1747397167040 3.3105022831050226 1450
1747397167042 3.3105022831050226 1450
1747397169197 3.3333333333333335 1460
1747397169199 3.3333333333333335 1460
1747397171314 3.356164383561644 1470
1747397171313 3.356164383561644 1470
1747397173449 3.3789954337899544 1480
1747397173450 3.3789954337899544 1480
1747397175600 3.401826484018265 1490
1747397175601 3.401826484018265 1490
1747397177748 3.4246575342465753 1500
1747397177749 3.4246575342465753 1500
1747397179884 3.4474885844748857 1510
1747397179885 3.4474885844748857 1510
1747397181993 3.470319634703196 1520
1747397181994 3.470319634703196 1520
1747397184196 3.493150684931507 1530
1747397184198 3.493150684931507 1530
1747397186366 3.5159817351598175 1540
1747397186364 3.5159817351598175 1540
1747397188475 3.538812785388128 1550
1747397188476 3.538812785388128 1550
1747397190595 3.5616438356164384 1560
1747397190597 3.5616438356164384 1560
1747397192698 3.584474885844749 1570
1747397192699 3.584474885844749 1570
1747397194793 3.6073059360730593 1580
1747397194795 3.6073059360730593 1580
1747397196893 3.6301369863013697 1590
1747397196895 3.6301369863013697 1590
1747397199044 3.65296803652968 1600
1747397199046 3.65296803652968 1600
1747397201164 3.6757990867579906 1610
1747397201165 3.6757990867579906 1610
1747397203288 3.6986301369863015 1620
1747397203290 3.6986301369863015 1620
1747397205444 3.721461187214612 1630
1747397205446 3.721461187214612 1630
1747397207585 3.7442922374429224 1640
1747397207587 3.7442922374429224 1640
1747397209733 3.767123287671233 1650
1747397209731 3.767123287671233 1650
1747397211870 3.7899543378995433 1660
1747397211872 3.7899543378995433 1660
1747397214020 3.8127853881278537 1670
1747397214018 3.8127853881278537 1670
1747397216175 3.8356164383561646 1680
1747397216176 3.8356164383561646 1680
1747397218296 3.858447488584475 1690
1747397218298 3.858447488584475 1690
1747397220414 3.8812785388127855 1700
1747397220415 3.8812785388127855 1700
1747397222523 3.904109589041096 1710
1747397222524 3.904109589041096 1710
1747397224651 3.9269406392694064 1720
1747397224653 3.9269406392694064 1720
1747397226820 3.949771689497717 1730
1747397226821 3.949771689497717 1730
1747397228950 3.9726027397260273 1740
1747397228951 3.9726027397260273 1740
1747397231156 3.9954337899543377 1750
1747397231158 3.9954337899543377 1750
1747397237973 4.0 1752
1747397237974 4.0 1752
1747397240001 4.0 1752
1747397240003 4.0 1752
