1747396824821 3.5529356002807617 10
1747396824822 3.5529356002807617 10
1747396826817 8.660375595092773 20
1747396826818 8.660375595092773 20
1747396828770 8.681327819824219 30
1747396828771 8.681327819824219 30
1747396830715 4.763657093048096 40
1747396830717 4.763657093048096 40
1747396832658 10.460936546325684 50
1747396832659 10.460936546325684 50
1747396834611 0.32558733224868774 60
1747396834612 0.32558733224868774 60
1747396836600 26.838043212890625 70
1747396836599 26.838043212890625 70
1747396838590 0.34635239839553833 80
1747396838591 0.34635239839553833 80
1747396840541 2.1478872299194336 90
1747396840542 2.1478872299194336 90
1747396842503 9.631183624267578 100
1747396842505 9.631183624267578 100
1747396844622 3.4794652462005615 110
1747396844623 3.4794652462005615 110
1747396846573 0.7145575881004333 120
1747396846574 0.7145575881004333 120
1747396848570 0.9734725952148438 130
1747396848568 0.9734725952148438 130
1747396852137 4.525665760040283 140
1747396852138 4.525665760040283 140
1747396854090 1.0982987880706787 150
1747396854091 1.0982987880706787 150
1747396856095 2.58518123626709 160
1747396856095 2.58518123626709 160
1747396858058 0.5559064149856567 170
1747396858060 0.5559064149856567 170
1747396860679 6.929747104644775 180
1747396860685 6.929747104644775 180
1747396863633 9.047874450683594 190
1747396863634 9.047874450683594 190
1747396865605 1.1146966218948364 200
1747396865607 1.1146966218948364 200
1747396869322 0.04668232798576355 210
1747396869323 0.04668232798576355 210
1747396871312 11.718561172485352 220
1747396871311 11.718561172485352 220
1747396873268 4.4001784324646 230
1747396873270 4.4001784324646 230
1747396875238 8.342886924743652 240
1747396875239 8.342886924743652 240
1747396877275 0.09961820393800735 250
1747396877276 0.09961820393800735 250
1747396879248 0.06221640110015869 260
1747396879250 0.06221640110015869 260
1747396882895 0.055065084248781204 270
1747396882896 0.055065084248781204 270
1747396884901 1.6293989419937134 280
1747396884902 1.6293989419937134 280
1747396888575 7.729190349578857 290
1747396888576 7.729190349578857 290
1747396892228 0.17153367400169373 300
1747396892226 0.17153367400169373 300
1747396894196 1.898134708404541 310
1747396894198 1.898134708404541 310
1747396896165 0.2880612313747406 320
1747396896166 0.2880612313747406 320
1747396899751 0.3275960683822632 330
1747396899752 0.3275960683822632 330
1747396901706 10.870270729064941 340
1747396901706 10.870270729064941 340
1747396903734 1.972712755203247 350
1747396903735 1.972712755203247 350
1747396905754 0.49250298738479614 360
1747396905756 0.49250298738479614 360
1747396907930 8.970130920410156 370
1747396907931 8.970130920410156 370
1747396910116 0.4752142131328583 380
1747396910118 0.4752142131328583 380
1747396912155 1.1418203115463257 390
1747396912157 1.1418203115463257 390
1747396914250 0.2206839621067047 400
1747396914251 0.2206839621067047 400
1747396916532 0.029425032436847687 410
1747396916533 0.029425032436847687 410
1747396918635 0.041475746780633926 420
1747396918637 0.041475746780633926 420
1747396920699 2.5303053855895996 430
1747396920706 2.5303053855895996 430
1747396930300 0.11621762067079544 440
1747396930299 0.11621762067079544 440
1747396932306 0.6260724663734436 450
1747396932304 0.6260724663734436 450
1747396934311 0.028058398514986038 460
1747396934312 0.028058398514986038 460
1747396938074 0.044567789882421494 470
1747396938076 0.044567789882421494 470
1747396940086 0.013443194329738617 480
1747396940087 0.013443194329738617 480
1747396942091 0.014289883896708488 490
1747396942091 0.014289883896708488 490
1747396944094 0.01088117528706789 500
1747396944095 0.01088117528706789 500
1747396946134 0.009953029453754425 510
1747396946136 0.009953029453754425 510
1747396948153 0.009761691093444824 520
1747396948155 0.009761691093444824 520
1747396950198 0.033559564501047134 530
1747396950199 0.033559564501047134 530
1747396952239 0.03044886142015457 540
1747396952241 0.03044886142015457 540
1747396954264 0.014543935656547546 550
1747396954265 0.014543935656547546 550
1747396956260 0.21654385328292847 560
1747396956262 0.21654385328292847 560
1747396958269 0.013141555711627007 570
1747396958268 0.013141555711627007 570
1747396960255 13.375195503234863 580
1747396960256 13.375195503234863 580
1747396962248 24.087814331054688 590
1747396962249 24.087814331054688 590
1747396964238 0.36062467098236084 600
1747396964240 0.36062467098236084 600
1747396966232 2.576542854309082 610
1747396966233 2.576542854309082 610
1747396968263 6.954191207885742 620
1747396968264 6.954191207885742 620
1747396970337 0.03136622905731201 630
1747396970338 0.03136622905731201 630
1747396972418 0.023554101586341858 640
1747396972420 0.023554101586341858 640
1747396974467 0.016580909490585327 650
1747396974465 0.016580909490585327 650
1747396976523 13.956793785095215 660
1747396976524 13.956793785095215 660
1747396978551 0.09205605834722519 670
1747396978552 0.09205605834722519 670
1747396982229 0.012437849305570126 680
1747396982230 0.012437849305570126 680
1747396984237 0.011202774941921234 690
1747396984238 0.011202774941921234 690
1747396986320 0.022397423163056374 700
1747396986322 0.022397423163056374 700
1747396988457 0.014996043406426907 710
1747396988459 0.014996043406426907 710
1747396990562 0.07853971421718597 720
1747396990564 0.07853971421718597 720
1747396992601 0.02179577946662903 730
1747396992603 0.02179577946662903 730
1747396994622 0.014126358553767204 740
1747396994624 0.014126358553767204 740
1747396996653 0.018423214554786682 750
1747396996655 0.018423214554786682 750
1747397000509 8.969194412231445 760
1747397000510 8.969194412231445 760
1747397002578 0.005762165412306786 770
1747397002580 0.005762165412306786 770
1747397004680 0.011469273827970028 780
1747397004682 0.011469273827970028 780
1747397008625 0.00568024069070816 790
1747397008628 0.00568024069070816 790
1747397010701 0.0044946991838514805 800
1747397010703 0.0044946991838514805 800
1747397012760 0.005714874714612961 810
1747397012762 0.005714874714612961 810
1747397014817 0.007119317539036274 820
1747397014819 0.007119317539036274 820
1747397016853 0.003915822599083185 830
1747397016854 0.003915822599083185 830
1747397018865 0.0036021003033965826 840
1747397018866 0.0036021003033965826 840
1747397020888 0.005847590044140816 850
1747397020889 0.005847590044140816 850
1747397022934 0.010435092262923717 860
1747397022936 0.010435092262923717 860
1747397024957 1.3543047904968262 870
1747397024958 1.3543047904968262 870
1747397034886 0.027213212102651596 880
1747397034888 0.027213212102651596 880
1747397036981 0.1507299542427063 890
1747397036982 0.1507299542427063 890
1747397039114 0.016939671710133553 900
1747397039115 0.016939671710133553 900
1747397041229 0.01419865619391203 910
1747397041230 0.01419865619391203 910
1747397043298 0.005538104567676783 920
1747397043299 0.005538104567676783 920
1747397045369 0.021561721339821815 930
1747397045370 0.021561721339821815 930
1747397047459 0.012020515277981758 940
1747397047461 0.012020515277981758 940
1747397051199 0.013650464825332165 950
1747397051200 0.013650464825332165 950
1747397053267 0.013182051479816437 960
1747397053269 0.013182051479816437 960
1747397055333 0.01025402545928955 970
1747397055334 0.01025402545928955 970
1747397057375 0.011251175776124 980
1747397057377 0.011251175776124 980
1747397059472 0.009237304329872131 990
1747397059473 0.009237304329872131 990
1747397061616 0.0052366130985319614 1000
1747397061618 0.0052366130985319614 1000
1747397063720 0.004140408243983984 1010
1747397063719 0.004140408243983984 1010
1747397065812 2.542024850845337 1020
1747397065814 2.542024850845337 1020
1747397067874 10.208189964294434 1030
1747397067875 10.208189964294434 1030
1747397069957 0.09980122745037079 1040
1747397069959 0.09980122745037079 1040
1747397072042 0.0037044754717499018 1050
1747397072043 0.0037044754717499018 1050
1747397074108 0.005839101504534483 1060
1747397074109 0.005839101504534483 1060
1747397076175 4.661356449127197 1070
1747397076175 4.661356449127197 1070
1747397078296 0.004377488512545824 1080
1747397078294 0.004377488512545824 1080
1747397080373 39.69412612915039 1090
1747397080374 39.69412612915039 1090
1747397082507 0.0035513178445398808 1100
1747397082509 0.0035513178445398808 1100
1747397084566 0.0028357584960758686 1110
1747397084568 0.0028357584960758686 1110
1747397086652 0.012157713063061237 1120
1747397086654 0.012157713063061237 1120
1747397088793 0.019045863300561905 1130
1747397088794 0.019045863300561905 1130
1747397090886 0.002567276358604431 1140
1747397090888 0.002567276358604431 1140
1747397092985 0.006781867239624262 1150
1747397092987 0.006781867239624262 1150
1747397095068 0.00685023982077837 1160
1747397095066 0.00685023982077837 1160
1747397097133 0.011544618755578995 1170
1747397097135 0.011544618755578995 1170
1747397099275 0.018081059679389 1180
1747397099276 0.018081059679389 1180
1747397101345 0.00991559587419033 1190
1747397101344 0.00991559587419033 1190
1747397105092 0.007881910540163517 1200
1747397105093 0.007881910540163517 1200
1747397107156 0.0036122340243309736 1210
1747397107158 0.0036122340243309736 1210
1747397109220 0.003857723902910948 1220
1747397109221 0.003857723902910948 1220
1747397111290 0.003370281308889389 1230
1747397111291 0.003370281308889389 1230
1747397113369 0.008360722102224827 1240
1747397113371 0.008360722102224827 1240
1747397115416 0.03140774741768837 1250
1747397115416 0.03140774741768837 1250
1747397117530 0.012355769984424114 1260
1747397117531 0.012355769984424114 1260
1747397120316 0.012269162572920322 1270
1747397120320 0.012269162572920322 1270
1747397123347 0.006100657861679792 1280
1747397123348 0.006100657861679792 1280
1747397125452 0.005945019889622927 1290
1747397125453 0.005945019889622927 1290
1747397127560 0.054871462285518646 1300
1747397127562 0.054871462285518646 1300
1747397129653 0.007620217278599739 1310
1747397129655 0.007620217278599739 1310
1747397139708 0.006040035281330347 1320
1747397139711 0.006040035281330347 1320
1747397141815 0.004035900346934795 1330
1747397141817 0.004035900346934795 1330
1747397143894 0.0034411863889545202 1340
1747397143895 0.0034411863889545202 1340
1747397146003 0.0017148316837847233 1350
1747397146005 0.0017148316837847233 1350
1747397148132 0.012683927081525326 1360
1747397148133 0.012683927081525326 1360
1747397150230 0.0028320152778178453 1370
1747397150233 0.0028320152778178453 1370
1747397152369 0.003177130362018943 1380
1747397152370 0.003177130362018943 1380
1747397154485 0.01771700382232666 1390
1747397154484 0.01771700382232666 1390
1747397156577 0.0037115714512765408 1400
1747397156578 0.0037115714512765408 1400
1747397158655 0.002792574930936098 1410
1747397158657 0.002792574930936098 1410
1747397160772 0.0036044432781636715 1420
1747397160774 0.0036044432781636715 1420
1747397162874 0.0036520420107990503 1430
1747397162875 0.0036520420107990503 1430
1747397164921 0.2279556691646576 1440
1747397164923 0.2279556691646576 1440
1747397167040 0.0057357000187039375 1450
1747397167042 0.0057357000187039375 1450
1747397169197 0.005337237846106291 1460
1747397169199 0.005337237846106291 1460
1747397171314 0.04601938650012016 1470
1747397171313 0.04601938650012016 1470
1747397173449 0.010868709534406662 1480
1747397173450 0.010868709534406662 1480
1747397175600 0.007114166859537363 1490
1747397175601 0.007114166859537363 1490
1747397177748 0.006428459659218788 1500
1747397177749 0.006428459659218788 1500
1747397179884 0.0044657886028289795 1510
1747397179885 0.0044657886028289795 1510
1747397181993 0.003693145466968417 1520
1747397181994 0.003693145466968417 1520
1747397184196 0.0032066269777715206 1530
1747397184198 0.0032066269777715206 1530
1747397186366 0.0029050440061837435 1540
1747397186364 0.0029050440061837435 1540
1747397188475 0.003935494460165501 1550
1747397188476 0.003935494460165501 1550
1747397190595 0.002701869932934642 1560
1747397190597 0.002701869932934642 1560
1747397192698 0.0026567759923636913 1570
1747397192699 0.0026567759923636913 1570
1747397194793 0.0033250334672629833 1580
1747397194795 0.0033250334672629833 1580
1747397196893 0.0028744174633175135 1590
1747397196895 0.0028744174633175135 1590
1747397199044 0.0019533580634742975 1600
1747397199046 0.0019533580634742975 1600
1747397201164 0.002813355065882206 1610
1747397201165 0.002813355065882206 1610
1747397203288 0.002077047945931554 1620
1747397203290 0.002077047945931554 1620
1747397205444 0.0022851270623505116 1630
1747397205446 0.0022851270623505116 1630
1747397207585 46.5858039855957 1640
1747397207587 46.5858039855957 1640
1747397209733 0.0009359727264381945 1650
1747397209731 0.0009359727264381945 1650
1747397211870 0.002085241721943021 1660
1747397211872 0.002085241721943021 1660
1747397214020 0.0031774891540408134 1670
1747397214018 0.0031774891540408134 1670
1747397216175 0.0037285559810698032 1680
1747397216176 0.0037285559810698032 1680
1747397218296 0.009225700050592422 1690
1747397218298 0.009225700050592422 1690
1747397220414 0.008945312350988388 1700
1747397220415 0.008945312350988388 1700
1747397222523 0.00377064011991024 1710
1747397222524 0.00377064011991024 1710
1747397224651 0.004058349411934614 1720
1747397224653 0.004058349411934614 1720
1747397226820 0.004273229278624058 1730
1747397226821 0.004273229278624058 1730
1747397228950 0.010169369168579578 1740
1747397228951 0.010169369168579578 1740
1747397231156 0.00898254569619894 1750
1747397231158 0.00898254569619894 1750
