1747396824821 4.988584474885845e-05 10
1747396824822 4.988584474885845e-05 10
1747396826817 4.977168949771689e-05 20
1747396826818 4.977168949771689e-05 20
1747396828770 4.9657534246575346e-05 30
1747396828771 4.9657534246575346e-05 30
1747396830715 4.9543378995433794e-05 40
1747396830717 4.9543378995433794e-05 40
1747396832658 4.942922374429224e-05 50
1747396832659 4.942922374429224e-05 50
1747396834611 4.9315068493150684e-05 60
1747396834612 4.9315068493150684e-05 60
1747396836600 4.920091324200913e-05 70
1747396836599 4.920091324200913e-05 70
1747396838590 4.908675799086758e-05 80
1747396838591 4.908675799086758e-05 80
1747396840541 4.8972602739726034e-05 90
1747396840542 4.8972602739726034e-05 90
1747396842503 4.8858447488584476e-05 100
1747396842505 4.8858447488584476e-05 100
1747396844622 4.8744292237442924e-05 110
1747396844623 4.8744292237442924e-05 110
1747396846573 4.863013698630137e-05 120
1747396846574 4.863013698630137e-05 120
1747396848570 4.851598173515982e-05 130
1747396848568 4.851598173515982e-05 130
1747396852137 4.840182648401827e-05 140
1747396852138 4.840182648401827e-05 140
1747396854090 4.8287671232876716e-05 150
1747396854091 4.8287671232876716e-05 150
1747396856095 4.8173515981735164e-05 160
1747396856095 4.8173515981735164e-05 160
1747396858058 4.805936073059361e-05 170
1747396858060 4.805936073059361e-05 170
1747396860679 4.794520547945205e-05 180
1747396860685 4.794520547945205e-05 180
1747396863633 4.78310502283105e-05 190
1747396863634 4.78310502283105e-05 190
1747396865605 4.7716894977168955e-05 200
1747396865607 4.7716894977168955e-05 200
1747396869322 4.7602739726027403e-05 210
1747396869323 4.7602739726027403e-05 210
1747396871312 4.7488584474885845e-05 220
1747396871311 4.7488584474885845e-05 220
1747396873268 4.737442922374429e-05 230
1747396873270 4.737442922374429e-05 230
1747396875238 4.726027397260274e-05 240
1747396875239 4.726027397260274e-05 240
1747396877275 4.714611872146119e-05 250
1747396877276 4.714611872146119e-05 250
1747396879248 4.703196347031964e-05 260
1747396879250 4.703196347031964e-05 260
1747396882895 4.6917808219178085e-05 270
1747396882896 4.6917808219178085e-05 270
1747396884901 4.680365296803653e-05 280
1747396884902 4.680365296803653e-05 280
1747396888575 4.668949771689498e-05 290
1747396888576 4.668949771689498e-05 290
1747396892228 4.657534246575342e-05 300
1747396892226 4.657534246575342e-05 300
1747396894196 4.646118721461187e-05 310
1747396894198 4.646118721461187e-05 310
1747396896165 4.6347031963470325e-05 320
1747396896166 4.6347031963470325e-05 320
1747396899751 4.623287671232877e-05 330
1747396899752 4.623287671232877e-05 330
1747396901706 4.6118721461187214e-05 340
1747396901706 4.6118721461187214e-05 340
1747396903734 4.600456621004566e-05 350
1747396903735 4.600456621004566e-05 350
1747396905754 4.589041095890411e-05 360
1747396905756 4.589041095890411e-05 360
1747396907930 4.577625570776256e-05 370
1747396907931 4.577625570776256e-05 370
1747396910116 4.5662100456621006e-05 380
1747396910118 4.5662100456621006e-05 380
1747396912155 4.5547945205479454e-05 390
1747396912157 4.5547945205479454e-05 390
1747396914250 4.54337899543379e-05 400
1747396914251 4.54337899543379e-05 400
1747396916532 4.531963470319635e-05 410
1747396916533 4.531963470319635e-05 410
1747396918635 4.520547945205479e-05 420
1747396918637 4.520547945205479e-05 420
1747396920699 4.5091324200913246e-05 430
1747396920706 4.5091324200913246e-05 430
1747396930300 4.4977168949771694e-05 440
1747396930299 4.4977168949771694e-05 440
1747396932306 4.486301369863014e-05 450
1747396932304 4.486301369863014e-05 450
1747396934311 4.474885844748858e-05 460
1747396934312 4.474885844748858e-05 460
1747396938074 4.463470319634703e-05 470
1747396938076 4.463470319634703e-05 470
1747396940086 4.452054794520548e-05 480
1747396940087 4.452054794520548e-05 480
1747396942091 4.4406392694063934e-05 490
1747396942091 4.4406392694063934e-05 490
1747396944094 4.4292237442922375e-05 500
1747396944095 4.4292237442922375e-05 500
1747396946134 4.417808219178082e-05 510
1747396946136 4.417808219178082e-05 510
1747396948153 4.406392694063927e-05 520
1747396948155 4.406392694063927e-05 520
1747396950198 4.394977168949772e-05 530
1747396950199 4.394977168949772e-05 530
1747396952239 4.383561643835617e-05 540
1747396952241 4.383561643835617e-05 540
1747396954264 4.3721461187214615e-05 550
1747396954265 4.3721461187214615e-05 550
1747396956260 4.360730593607306e-05 560
1747396956262 4.360730593607306e-05 560
1747396958269 4.349315068493151e-05 570
1747396958268 4.349315068493151e-05 570
1747396960255 4.337899543378995e-05 580
1747396960256 4.337899543378995e-05 580
1747396962248 4.32648401826484e-05 590
1747396962249 4.32648401826484e-05 590
1747396964238 4.3150684931506855e-05 600
1747396964240 4.3150684931506855e-05 600
1747396966232 4.30365296803653e-05 610
1747396966233 4.30365296803653e-05 610
1747396968263 4.2922374429223744e-05 620
1747396968264 4.2922374429223744e-05 620
1747396970337 4.280821917808219e-05 630
1747396970338 4.280821917808219e-05 630
1747396972418 4.269406392694064e-05 640
1747396972420 4.269406392694064e-05 640
1747396974467 4.257990867579909e-05 650
1747396974465 4.257990867579909e-05 650
1747396976523 4.2465753424657536e-05 660
1747396976524 4.2465753424657536e-05 660
1747396978551 4.2351598173515984e-05 670
1747396978552 4.2351598173515984e-05 670
1747396982229 4.223744292237443e-05 680
1747396982230 4.223744292237443e-05 680
1747396984237 4.212328767123288e-05 690
1747396984238 4.212328767123288e-05 690
1747396986320 4.200913242009132e-05 700
1747396986322 4.200913242009132e-05 700
1747396988457 4.1894977168949776e-05 710
1747396988459 4.1894977168949776e-05 710
1747396990562 4.1780821917808224e-05 720
1747396990564 4.1780821917808224e-05 720
1747396992601 4.166666666666667e-05 730
1747396992603 4.166666666666667e-05 730
1747396994622 4.155251141552511e-05 740
1747396994624 4.155251141552511e-05 740
1747396996653 4.143835616438356e-05 750
1747396996655 4.143835616438356e-05 750
1747397000509 4.132420091324201e-05 760
1747397000510 4.132420091324201e-05 760
1747397002578 4.121004566210046e-05 770
1747397002580 4.121004566210046e-05 770
1747397004680 4.1095890410958905e-05 780
1747397004682 4.1095890410958905e-05 780
1747397008625 4.098173515981735e-05 790
1747397008628 4.098173515981735e-05 790
1747397010701 4.08675799086758e-05 800
1747397010703 4.08675799086758e-05 800
1747397012760 4.075342465753425e-05 810
1747397012762 4.075342465753425e-05 810
1747397014817 4.063926940639269e-05 820
1747397014819 4.063926940639269e-05 820
1747397016853 4.0525114155251145e-05 830
1747397016854 4.0525114155251145e-05 830
1747397018865 4.041095890410959e-05 840
1747397018866 4.041095890410959e-05 840
1747397020888 4.029680365296804e-05 850
1747397020889 4.029680365296804e-05 850
1747397022934 4.018264840182648e-05 860
1747397022936 4.018264840182648e-05 860
1747397024957 4.006849315068493e-05 870
1747397024958 4.006849315068493e-05 870
1747397034886 3.995433789954338e-05 880
1747397034888 3.995433789954338e-05 880
1747397036981 3.984018264840183e-05 890
1747397036982 3.984018264840183e-05 890
1747397039114 3.9726027397260274e-05 900
1747397039115 3.9726027397260274e-05 900
1747397041229 3.961187214611872e-05 910
1747397041230 3.961187214611872e-05 910
1747397043298 3.949771689497717e-05 920
1747397043299 3.949771689497717e-05 920
1747397045369 3.938356164383562e-05 930
1747397045370 3.938356164383562e-05 930
1747397047459 3.9269406392694066e-05 940
1747397047461 3.9269406392694066e-05 940
1747397051199 3.9155251141552514e-05 950
1747397051200 3.9155251141552514e-05 950
1747397053267 3.904109589041096e-05 960
1747397053269 3.904109589041096e-05 960
1747397055333 3.892694063926941e-05 970
1747397055334 3.892694063926941e-05 970
1747397057375 3.881278538812785e-05 980
1747397057377 3.881278538812785e-05 980
1747397059472 3.86986301369863e-05 990
1747397059473 3.86986301369863e-05 990
1747397061616 3.8584474885844754e-05 1000
1747397061618 3.8584474885844754e-05 1000
1747397063720 3.84703196347032e-05 1010
1747397063719 3.84703196347032e-05 1010
1747397065812 3.8356164383561644e-05 1020
1747397065814 3.8356164383561644e-05 1020
1747397067874 3.824200913242009e-05 1030
1747397067875 3.824200913242009e-05 1030
1747397069957 3.812785388127854e-05 1040
1747397069959 3.812785388127854e-05 1040
1747397072042 3.801369863013699e-05 1050
1747397072043 3.801369863013699e-05 1050
1747397074108 3.7899543378995436e-05 1060
1747397074109 3.7899543378995436e-05 1060
1747397076175 3.7785388127853884e-05 1070
1747397076175 3.7785388127853884e-05 1070
1747397078296 3.767123287671233e-05 1080
1747397078294 3.767123287671233e-05 1080
1747397080373 3.755707762557078e-05 1090
1747397080374 3.755707762557078e-05 1090
1747397082507 3.744292237442922e-05 1100
1747397082509 3.744292237442922e-05 1100
1747397084566 3.7328767123287675e-05 1110
1747397084568 3.7328767123287675e-05 1110
1747397086652 3.7214611872146123e-05 1120
1747397086654 3.7214611872146123e-05 1120
1747397088793 3.710045662100457e-05 1130
1747397088794 3.710045662100457e-05 1130
1747397090886 3.698630136986301e-05 1140
1747397090888 3.698630136986301e-05 1140
1747397092985 3.687214611872146e-05 1150
1747397092987 3.687214611872146e-05 1150
1747397095068 3.675799086757991e-05 1160
1747397095066 3.675799086757991e-05 1160
1747397097133 3.664383561643836e-05 1170
1747397097135 3.664383561643836e-05 1170
1747397099275 3.6529680365296805e-05 1180
1747397099276 3.6529680365296805e-05 1180
1747397101345 3.641552511415525e-05 1190
1747397101344 3.641552511415525e-05 1190
1747397105092 3.63013698630137e-05 1200
1747397105093 3.63013698630137e-05 1200
1747397107156 3.618721461187215e-05 1210
1747397107158 3.618721461187215e-05 1210
1747397109220 3.60730593607306e-05 1220
1747397109221 3.60730593607306e-05 1220
1747397111290 3.5958904109589045e-05 1230
1747397111291 3.5958904109589045e-05 1230
1747397113369 3.584474885844749e-05 1240
1747397113371 3.584474885844749e-05 1240
1747397115416 3.573059360730594e-05 1250
1747397115416 3.573059360730594e-05 1250
1747397117530 3.561643835616438e-05 1260
1747397117531 3.561643835616438e-05 1260
1747397120316 3.550228310502283e-05 1270
1747397120320 3.550228310502283e-05 1270
1747397123347 3.538812785388128e-05 1280
1747397123348 3.538812785388128e-05 1280
1747397125452 3.527397260273973e-05 1290
1747397125453 3.527397260273973e-05 1290
1747397127560 3.5159817351598174e-05 1300
1747397127562 3.5159817351598174e-05 1300
1747397129653 3.504566210045662e-05 1310
1747397129655 3.504566210045662e-05 1310
1747397139708 3.493150684931507e-05 1320
1747397139711 3.493150684931507e-05 1320
1747397141815 3.481735159817352e-05 1330
1747397141817 3.481735159817352e-05 1330
1747397143894 3.4703196347031966e-05 1340
1747397143895 3.4703196347031966e-05 1340
1747397146003 3.4589041095890414e-05 1350
1747397146005 3.4589041095890414e-05 1350
1747397148132 3.447488584474886e-05 1360
1747397148133 3.447488584474886e-05 1360
1747397150230 3.436073059360731e-05 1370
1747397150233 3.436073059360731e-05 1370
1747397152369 3.424657534246575e-05 1380
1747397152370 3.424657534246575e-05 1380
1747397154485 3.41324200913242e-05 1390
1747397154484 3.41324200913242e-05 1390
1747397156577 3.4018264840182654e-05 1400
1747397156578 3.4018264840182654e-05 1400
1747397158655 3.39041095890411e-05 1410
1747397158657 3.39041095890411e-05 1410
1747397160772 3.378995433789954e-05 1420
1747397160774 3.378995433789954e-05 1420
1747397162874 3.367579908675799e-05 1430
1747397162875 3.367579908675799e-05 1430
1747397164921 3.356164383561644e-05 1440
1747397164923 3.356164383561644e-05 1440
1747397167040 3.344748858447489e-05 1450
1747397167042 3.344748858447489e-05 1450
1747397169197 3.3333333333333335e-05 1460
1747397169199 3.3333333333333335e-05 1460
1747397171314 3.321917808219178e-05 1470
1747397171313 3.321917808219178e-05 1470
1747397173449 3.310502283105023e-05 1480
1747397173450 3.310502283105023e-05 1480
1747397175600 3.299086757990868e-05 1490
1747397175601 3.299086757990868e-05 1490
1747397177748 3.287671232876712e-05 1500
1747397177749 3.287671232876712e-05 1500
1747397179884 3.2762557077625575e-05 1510
1747397179885 3.2762557077625575e-05 1510
1747397181993 3.264840182648402e-05 1520
1747397181994 3.264840182648402e-05 1520
1747397184196 3.253424657534247e-05 1530
1747397184198 3.253424657534247e-05 1530
1747397186366 3.242009132420091e-05 1540
1747397186364 3.242009132420091e-05 1540
1747397188475 3.230593607305936e-05 1550
1747397188476 3.230593607305936e-05 1550
1747397190595 3.219178082191781e-05 1560
1747397190597 3.219178082191781e-05 1560
1747397192698 3.207762557077626e-05 1570
1747397192699 3.207762557077626e-05 1570
1747397194793 3.1963470319634704e-05 1580
1747397194795 3.1963470319634704e-05 1580
1747397196893 3.184931506849315e-05 1590
1747397196895 3.184931506849315e-05 1590
1747397199044 3.17351598173516e-05 1600
1747397199046 3.17351598173516e-05 1600
1747397201164 3.162100456621005e-05 1610
1747397201165 3.162100456621005e-05 1610
1747397203288 3.1506849315068496e-05 1620
1747397203290 3.1506849315068496e-05 1620
1747397205444 3.1392694063926944e-05 1630
1747397205446 3.1392694063926944e-05 1630
1747397207585 3.127853881278539e-05 1640
1747397207587 3.127853881278539e-05 1640
1747397209733 3.116438356164384e-05 1650
1747397209731 3.116438356164384e-05 1650
1747397211870 3.105022831050228e-05 1660
1747397211872 3.105022831050228e-05 1660
1747397214020 3.093607305936073e-05 1670
1747397214018 3.093607305936073e-05 1670
1747397216175 3.082191780821918e-05 1680
1747397216176 3.082191780821918e-05 1680
1747397218296 3.070776255707763e-05 1690
1747397218298 3.070776255707763e-05 1690
1747397220414 3.059360730593607e-05 1700
1747397220415 3.059360730593607e-05 1700
1747397222523 3.047945205479452e-05 1710
1747397222524 3.047945205479452e-05 1710
1747397224651 3.036529680365297e-05 1720
1747397224653 3.036529680365297e-05 1720
1747397226820 3.025114155251142e-05 1730
1747397226821 3.025114155251142e-05 1730
1747397228950 3.0136986301369862e-05 1740
1747397228951 3.0136986301369862e-05 1740
1747397231156 3.0022831050228313e-05 1750
1747397231158 3.0022831050228313e-05 1750
