1747396824821 0.5484 10
1747396824822 0.5484 10
1747396826817 0.2687 20
1747396826818 0.2687 20
1747396828770 0.1954 30
1747396828771 0.1954 30
1747396830715 0.1317 40
1747396830717 0.1317 40
1747396832658 0.1996 50
1747396832659 0.1996 50
1747396834611 0.2094 60
1747396834612 0.2094 60
1747396836600 0.1515 70
1747396836599 0.1515 70
1747396838590 0.1009 80
1747396838591 0.1009 80
1747396840541 0.0651 90
1747396840542 0.0651 90
1747396842503 0.2346 100
1747396842505 0.2346 100
1747396844622 0.1996 110
1747396844623 0.1996 110
1747396846573 0.0585 120
1747396846574 0.0585 120
1747396848570 0.0923 130
1747396848568 0.0923 130
1747396852137 0.2269 140
1747396852138 0.2269 140
1747396854090 0.1546 150
1747396854091 0.1546 150
1747396856095 0.1519 160
1747396856095 0.1519 160
1747396858058 0.0908 170
1747396858060 0.0908 170
1747396860679 0.0852 180
1747396860685 0.0852 180
1747396863633 0.0573 190
1747396863634 0.0573 190
1747396865605 0.0172 200
1747396865607 0.0172 200
1747396869322 0.119 210
1747396869323 0.119 210
1747396871312 0.2066 220
1747396871311 0.2066 220
1747396873268 0.0449 230
1747396873270 0.0449 230
1747396875238 0.117 240
1747396875239 0.117 240
1747396877275 0.0895 250
1747396877276 0.0895 250
1747396879248 0.0586 260
1747396879250 0.0586 260
1747396882895 0.027 270
1747396882896 0.027 270
1747396884901 0.0601 280
1747396884902 0.0601 280
1747396888575 0.1122 290
1747396888576 0.1122 290
1747396892228 0.1496 300
1747396892226 0.1496 300
1747396894196 0.0872 310
1747396894198 0.0872 310
1747396896165 0.1656 320
1747396896166 0.1656 320
1747396899751 0.0588 330
1747396899752 0.0588 330
1747396901706 0.1391 340
1747396901706 0.1391 340
1747396903734 0.0619 350
1747396903735 0.0619 350
1747396905754 0.0748 360
1747396905756 0.0748 360
1747396907930 0.0779 370
1747396907931 0.0779 370
1747396910116 0.0465 380
1747396910118 0.0465 380
1747396912155 0.0997 390
1747396912157 0.0997 390
1747396914250 0.0073 400
1747396914251 0.0073 400
1747396916532 0.0507 410
1747396916533 0.0507 410
1747396918635 0.072 420
1747396918637 0.072 420
1747396920699 0.1376 430
1747396920706 0.1376 430
1747396930299 0.0273 440
1747396930300 0.0273 440
1747396932306 0.0414 450
1747396932304 0.0414 450
1747396934311 0.0182 460
1747396934312 0.0182 460
1747396938074 0.0076 470
1747396938076 0.0076 470
1747396940086 0.0733 480
1747396940087 0.0733 480
1747396942091 0.001 490
1747396942091 0.001 490
1747396944094 0.002 500
1747396944095 0.002 500
1747396946134 0.0371 510
1747396946136 0.0371 510
1747396948153 0.0007 520
1747396948155 0.0007 520
1747396950198 0.1663 530
1747396950199 0.1663 530
1747396952239 0.0345 540
1747396952241 0.0345 540
1747396954264 0.0012 550
1747396954265 0.0012 550
1747396956260 0.0261 560
1747396956262 0.0261 560
1747396958269 0.0081 570
1747396958268 0.0081 570
1747396960255 0.0517 580
1747396960256 0.0517 580
1747396962248 0.032 590
1747396962249 0.032 590
1747396964238 0.0838 600
1747396964240 0.0838 600
1747396966232 0.0985 610
1747396966233 0.0985 610
1747396968263 0.0233 620
1747396968264 0.0233 620
1747396970337 0.0031 630
1747396970338 0.0031 630
1747396972418 0.0355 640
1747396972420 0.0355 640
1747396974467 0.0045 650
1747396974465 0.0045 650
1747396976523 0.0433 660
1747396976524 0.0433 660
1747396978551 0.0307 670
1747396978552 0.0307 670
1747396982229 0.0287 680
1747396982230 0.0287 680
1747396984237 0.0657 690
1747396984238 0.0657 690
1747396986320 0.0103 700
1747396986322 0.0103 700
1747396988457 0.0147 710
1747396988459 0.0147 710
1747396990562 0.0599 720
1747396990564 0.0599 720
1747396992601 0.031 730
1747396992603 0.031 730
1747396994622 0.0044 740
1747396994624 0.0044 740
1747396996653 0.0096 750
1747396996655 0.0096 750
1747397000509 0.041 760
1747397000510 0.041 760
1747397002578 0.0042 770
1747397002580 0.0042 770
1747397004680 0.0136 780
1747397004682 0.0136 780
1747397008625 0.0352 790
1747397008628 0.0352 790
1747397010701 0.0225 800
1747397010703 0.0225 800
1747397012760 0.0003 810
1747397012762 0.0003 810
1747397014817 0.0086 820
1747397014819 0.0086 820
1747397016853 0.0003 830
1747397016854 0.0003 830
1747397018865 0.0006 840
1747397018866 0.0006 840
1747397020888 0.0005 850
1747397020889 0.0005 850
1747397022934 0.0126 860
1747397022936 0.0126 860
1747397024957 0.0578 870
1747397024958 0.0578 870
1747397034886 0.0515 880
1747397034888 0.0515 880
1747397036981 0.0426 890
1747397036982 0.0426 890
1747397039114 0.0018 900
1747397039115 0.0018 900
1747397041229 0.0028 910
1747397041230 0.0028 910
1747397043298 0.0091 920
1747397043299 0.0091 920
1747397045369 0.0923 930
1747397045370 0.0923 930
1747397047459 0.006 940
1747397047461 0.006 940
1747397051199 0.0015 950
1747397051200 0.0015 950
1747397053267 0.0263 960
1747397053269 0.0263 960
1747397055333 0.0005 970
1747397055334 0.0005 970
1747397057375 0.0339 980
1747397057377 0.0339 980
1747397059472 0.0006 990
1747397059473 0.0006 990
1747397061616 0.0028 1000
1747397061618 0.0028 1000
1747397063719 0.0004 1010
1747397063720 0.0004 1010
1747397065812 0.0009 1020
1747397065814 0.0009 1020
1747397067874 0.0475 1030
1747397067875 0.0475 1030
1747397069957 0.0003 1040
1747397069959 0.0003 1040
1747397072042 0.0022 1050
1747397072043 0.0022 1050
1747397074108 0.0438 1060
1747397074109 0.0438 1060
1747397076175 0.0009 1070
1747397076175 0.0009 1070
1747397078294 0.0022 1080
1747397080373 0.0982 1090
1747397080374 0.0982 1090
1747397082507 0.0003 1100
1747397082509 0.0003 1100
1747397084566 0.0003 1110
1747397084568 0.0003 1110
1747397086652 0.0003 1120
1747397086654 0.0003 1120
1747397088793 0.0021 1130
1747397088794 0.0021 1130
1747397090886 0.0002 1140
1747397090888 0.0002 1140
1747397092985 0.0478 1150
1747397092987 0.0478 1150
1747397095066 0.0004 1160
1747397095068 0.0004 1160
1747397097133 0.0421 1170
1747397097135 0.0421 1170
1747397099275 0.0005 1180
1747397099276 0.0005 1180
1747397101345 0.0006 1190
1747397101344 0.0006 1190
1747397105092 0.0006 1200
1747397105093 0.0006 1200
1747397107156 0.007 1210
1747397107158 0.007 1210
1747397109220 0.0003 1220
1747397109221 0.0003 1220
1747397111290 0.0146 1230
1747397111291 0.0146 1230
1747397113369 0.0507 1240
1747397113371 0.0507 1240
1747397115416 0.0006 1250
1747397115416 0.0006 1250
1747397117530 0.0006 1260
1747397120316 0.0004 1270
1747397120320 0.0004 1270
1747397123347 0.0006 1280
1747397123348 0.0006 1280
1747397125452 0.0029 1290
1747397125453 0.0029 1290
1747397127560 0.0342 1300
1747397127562 0.0342 1300
1747397129653 0.0003 1310
1747397129655 0.0003 1310
1747397139708 0.0002 1320
1747397139711 0.0002 1320
1747397141815 0.0002 1330
1747397141817 0.0002 1330
1747397143894 0.0002 1340
1747397143895 0.0002 1340
1747397146003 0.0008 1350
1747397146005 0.0008 1350
1747397148132 0.0003 1360
1747397148133 0.0003 1360
1747397150230 0.0008 1370
1747397150233 0.0008 1370
1747397152369 0.0001 1380
1747397152370 0.0001 1380
1747397154485 0.0001 1390
1747397154484 0.0001 1390
1747397156577 0.0002 1400
1747397156578 0.0002 1400
1747397158655 0.0001 1410
1747397158657 0.0001 1410
1747397160772 0.0001 1420
1747397160774 0.0001 1420
1747397162874 0.0365 1430
1747397162875 0.0365 1430
1747397164921 0.0003 1440
1747397164923 0.0003 1440
1747397167040 0.0002 1450
1747397167042 0.0002 1450
1747397169197 0.0002 1460
1747397169199 0.0002 1460
1747397171313 0.0387 1470
1747397173449 0.0004 1480
1747397173450 0.0004 1480
1747397175600 0.0008 1490
1747397175601 0.0008 1490
1747397177748 0.0003 1500
1747397177749 0.0003 1500
1747397179884 0.0003 1510
1747397179885 0.0003 1510
1747397181993 0.0305 1520
1747397181994 0.0305 1520
1747397184196 0.0002 1530
1747397184198 0.0002 1530
1747397186366 0.0284 1540
1747397186364 0.0284 1540
1747397188475 0.0007 1550
1747397188476 0.0007 1550
1747397190595 0.0007 1560
1747397190597 0.0007 1560
1747397192698 0.0001 1570
1747397192699 0.0001 1570
1747397194793 0.0001 1580
1747397194795 0.0001 1580
1747397196893 0.0001 1590
1747397196895 0.0001 1590
1747397199044 0.0001 1600
1747397199046 0.0001 1600
1747397201164 0.0188 1610
1747397201165 0.0188 1610
1747397203288 0.0001 1620
1747397203290 0.0001 1620
1747397205444 0.0007 1630
1747397205446 0.0007 1630
1747397207585 0.0131 1640
1747397207587 0.0131 1640
1747397209733 0.0132 1650
1747397209731 0.0132 1650
1747397211870 0.0001 1660
1747397211872 0.0001 1660
1747397214018 0.0522 1670
1747397214020 0.0522 1670
1747397216175 0.0003 1680
1747397216176 0.0003 1680
1747397218296 0.0004 1690
1747397218298 0.0004 1690
1747397220414 0.0003 1700
1747397220415 0.0003 1700
1747397222523 0.0002 1710
1747397222524 0.0002 1710
1747397224651 0.0006 1720
1747397224653 0.0006 1720
1747397226820 0.0002 1730
1747397226821 0.0002 1730
1747397228950 0.0002 1740
1747397228951 0.0002 1740
1747397231156 0.0002 1750
1747397231158 0.0002 1750
