1744206749262 4.906367041198502e-05 10
1744206749263 4.906367041198502e-05 10
1744206783300 4.812734082397004e-05 20
1744206783301 4.812734082397004e-05 20
1744206834168 4.719101123595506e-05 30
1744206834167 4.719101123595506e-05 30
1744206870093 4.625468164794008e-05 40
1744206870094 4.625468164794008e-05 40
1744206906374 4.531835205992509e-05 50
1744206906375 4.531835205992509e-05 50
1744206940250 4.438202247191011e-05 60
1744206940251 4.438202247191011e-05 60
1744206972854 4.344569288389513e-05 70
1744206972855 4.344569288389513e-05 70
1744207007571 4.250936329588015e-05 80
1744207007572 4.250936329588015e-05 80
1744207042934 4.157303370786517e-05 90
1744207042935 4.157303370786517e-05 90
1744207077387 4.063670411985019e-05 100
1744207077388 4.063670411985019e-05 100
1744207113055 3.970037453183521e-05 110
1744207113056 3.970037453183521e-05 110
1744207147536 3.876404494382023e-05 120
1744207147537 3.876404494382023e-05 120
1744207182017 3.782771535580524e-05 130
1744207182017 3.782771535580524e-05 130
1744207216755 3.689138576779027e-05 140
1744207216756 3.689138576779027e-05 140
1744207251032 3.595505617977528e-05 150
1744207251033 3.595505617977528e-05 150
1744207285614 3.5018726591760305e-05 160
1744207285614 3.5018726591760305e-05 160
1744207319968 3.408239700374532e-05 170
1744207319969 3.408239700374532e-05 170
1744207390729 3.314606741573034e-05 180
1744207390730 3.314606741573034e-05 180
1744207425149 3.220973782771536e-05 190
1744207425150 3.220973782771536e-05 190
1744207459924 3.1273408239700376e-05 200
1744207459925 3.1273408239700376e-05 200
1744207495527 3.0337078651685396e-05 210
1744207495530 3.0337078651685396e-05 210
1744207531080 2.940074906367041e-05 220
1744207531081 2.940074906367041e-05 220
1744207565576 2.846441947565543e-05 230
1744207565577 2.846441947565543e-05 230
1744207600336 2.752808988764045e-05 240
1744207600337 2.752808988764045e-05 240
1744207634889 2.6591760299625466e-05 250
1744207634890 2.6591760299625466e-05 250
1744207669363 2.565543071161049e-05 260
1744207669364 2.565543071161049e-05 260
1744207704062 2.4719101123595505e-05 270
1744207704062 2.4719101123595505e-05 270
1744207738558 2.3782771535580524e-05 280
1744207738559 2.3782771535580524e-05 280
1744207773132 2.2846441947565544e-05 290
1744207773133 2.2846441947565544e-05 290
1744207807548 2.1910112359550563e-05 300
1744207807548 2.1910112359550563e-05 300
1744207843449 2.0973782771535582e-05 310
1744207843450 2.0973782771535582e-05 310
1744207877974 2.00374531835206e-05 320
1744207877975 2.00374531835206e-05 320
1744207912271 1.9101123595505618e-05 330
1744207912272 1.9101123595505618e-05 330
1744207946806 1.8164794007490637e-05 340
1744207946807 1.8164794007490637e-05 340
1744207981453 1.7228464419475657e-05 350
1744207981454 1.7228464419475657e-05 350
1744208052705 1.6292134831460676e-05 360
1744208052706 1.6292134831460676e-05 360
1744208086946 1.5355805243445692e-05 370
1744208086947 1.5355805243445692e-05 370
1744208121174 1.4419475655430711e-05 380
1744208121175 1.4419475655430711e-05 380
1744208155853 1.348314606741573e-05 390
1744208155854 1.348314606741573e-05 390
1744208190631 1.254681647940075e-05 400
1744208190632 1.254681647940075e-05 400
1744208226182 1.161048689138577e-05 410
1744208226183 1.161048689138577e-05 410
1744208259199 1.0674157303370787e-05 420
1744208259200 1.0674157303370787e-05 420
1744208293344 9.737827715355806e-06 430
1744208293346 9.737827715355806e-06 430
1744208327801 8.801498127340826e-06 440
1744208327801 8.801498127340826e-06 440
1744208358182 7.865168539325843e-06 450
1744208358182 7.865168539325843e-06 450
1744208388576 6.928838951310862e-06 460
1744208388577 6.928838951310862e-06 460
1744208422231 5.9925093632958805e-06 470
1744208422232 5.9925093632958805e-06 470
1744208459291 5.056179775280899e-06 480
1744208459291 5.056179775280899e-06 480
1744208496627 4.1198501872659175e-06 490
1744208496628 4.1198501872659175e-06 490
1744208530786 3.1835205992509364e-06 500
1744208530787 3.1835205992509364e-06 500
1744208562559 2.247191011235955e-06 510
1744208562560 2.247191011235955e-06 510
1744208598450 1.310861423220974e-06 520
1744208598451 1.310861423220974e-06 520
1744208634206 3.7453183520599253e-07 530
1744208634207 3.7453183520599253e-07 530
