1744564361051 4.906367041198502e-05 10
1744564361050 4.906367041198502e-05 10
1744564364915 4.812734082397004e-05 20
1744564364916 4.812734082397004e-05 20
1744564368780 4.719101123595506e-05 30
1744564368779 4.719101123595506e-05 30
1744564373903 4.625468164794008e-05 40
1744564373908 4.625468164794008e-05 40
1744564378234 4.531835205992509e-05 50
1744564378235 4.531835205992509e-05 50
1744564382188 4.438202247191011e-05 60
1744564382188 4.438202247191011e-05 60
1744564386106 4.344569288389513e-05 70
1744564386105 4.344569288389513e-05 70
1744564389995 4.250936329588015e-05 80
1744564389996 4.250936329588015e-05 80
1744564393896 4.157303370786517e-05 90
1744564393898 4.157303370786517e-05 90
1744564399436 4.063670411985019e-05 100
1744564399437 4.063670411985019e-05 100
1744564403462 3.970037453183521e-05 110
1744564403463 3.970037453183521e-05 110
1744564410697 3.876404494382023e-05 120
1744564410698 3.876404494382023e-05 120
1744564416993 3.782771535580524e-05 130
1744564416997 3.782771535580524e-05 130
1744564421822 3.689138576779027e-05 140
1744564421823 3.689138576779027e-05 140
1744564425822 3.595505617977528e-05 150
1744564425823 3.595505617977528e-05 150
1744564429834 3.5018726591760305e-05 160
1744564429835 3.5018726591760305e-05 160
1744564435430 3.408239700374532e-05 170
1744564435430 3.408239700374532e-05 170
1744564447159 3.314606741573034e-05 180
1744564447160 3.314606741573034e-05 180
1744564451357 3.220973782771536e-05 190
1744564451359 3.220973782771536e-05 190
1744564455340 3.1273408239700376e-05 200
1744564455339 3.1273408239700376e-05 200
1744564459411 3.0337078651685396e-05 210
1744564459412 3.0337078651685396e-05 210
1744564463432 2.940074906367041e-05 220
1744564463433 2.940074906367041e-05 220
1744564467474 2.846441947565543e-05 230
1744564467475 2.846441947565543e-05 230
1744564471556 2.752808988764045e-05 240
1744564471557 2.752808988764045e-05 240
1744564475719 2.6591760299625466e-05 250
1744564475721 2.6591760299625466e-05 250
1744564480036 2.565543071161049e-05 260
1744564480037 2.565543071161049e-05 260
1744564484120 2.4719101123595505e-05 270
1744564484120 2.4719101123595505e-05 270
1744564488382 2.3782771535580524e-05 280
1744564488383 2.3782771535580524e-05 280
1744564494164 2.2846441947565544e-05 290
1744564494163 2.2846441947565544e-05 290
1744564500038 2.1910112359550563e-05 300
1744564500037 2.1910112359550563e-05 300
1744564504139 2.0973782771535582e-05 310
1744564504140 2.0973782771535582e-05 310
1744564508278 2.00374531835206e-05 320
1744564508279 2.00374531835206e-05 320
1744564512394 1.9101123595505618e-05 330
1744564512395 1.9101123595505618e-05 330
1744564516543 1.8164794007490637e-05 340
1744564516543 1.8164794007490637e-05 340
1744564522234 1.7228464419475657e-05 350
1744564522235 1.7228464419475657e-05 350
1744564534708 1.6292134831460676e-05 360
1744564534711 1.6292134831460676e-05 360
1744564543071 1.5355805243445692e-05 370
1744564543072 1.5355805243445692e-05 370
1744564547152 1.4419475655430711e-05 380
1744564547153 1.4419475655430711e-05 380
1744564551191 1.348314606741573e-05 390
1744564551192 1.348314606741573e-05 390
1744564558516 1.254681647940075e-05 400
1744564558516 1.254681647940075e-05 400
1744564562562 1.161048689138577e-05 410
1744564562563 1.161048689138577e-05 410
1744564566597 1.0674157303370787e-05 420
1744564566599 1.0674157303370787e-05 420
1744564572244 9.737827715355806e-06 430
1744564572245 9.737827715355806e-06 430
1744564576303 8.801498127340826e-06 440
1744564576304 8.801498127340826e-06 440
1744564582054 7.865168539325843e-06 450
1744564582055 7.865168539325843e-06 450
1744564586218 6.928838951310862e-06 460
1744564586219 6.928838951310862e-06 460
1744564590283 5.9925093632958805e-06 470
1744564590284 5.9925093632958805e-06 470
1744564594370 5.056179775280899e-06 480
1744564594371 5.056179775280899e-06 480
1744564598459 4.1198501872659175e-06 490
1744564598460 4.1198501872659175e-06 490
1744564602597 3.1835205992509364e-06 500
1744564602598 3.1835205992509364e-06 500
1744564606724 2.247191011235955e-06 510
1744564606725 2.247191011235955e-06 510
1744564610904 1.310861423220974e-06 520
1744564610906 1.310861423220974e-06 520
1744564615134 3.7453183520599253e-07 530
1744564615134 3.7453183520599253e-07 530
1744565093397 4.906367041198502e-05 10
1744565093398 4.906367041198502e-05 10
1744565098883 4.812734082397004e-05 20
1744565098884 4.812734082397004e-05 20
1744565102768 4.719101123595506e-05 30
1744565102769 4.719101123595506e-05 30
1744565106735 4.625468164794008e-05 40
1744565106735 4.625468164794008e-05 40
1744565112393 4.531835205992509e-05 50
1744565112392 4.531835205992509e-05 50
1744565116444 4.438202247191011e-05 60
1744565116445 4.438202247191011e-05 60
