1746717678630 0.056179775280898875 10
1746717678628 0.056179775280898875 10
1746717688753 0.11235955056179775 20
1746717688757 0.11235955056179775 20
1746717698242 0.16853932584269662 30
1746717698242 0.16853932584269662 30
1746717707158 0.2247191011235955 40
1746717707160 0.2247191011235955 40
1746717715845 0.2808988764044944 50
1746717715843 0.2808988764044944 50
1746717725501 0.33707865168539325 60
1746717725502 0.33707865168539325 60
1746717734899 0.39325842696629215 70
1746717734901 0.39325842696629215 70
1746717743936 0.449438202247191 80
1746717743937 0.449438202247191 80
1746717753408 0.5056179775280899 90
1746717753408 0.5056179775280899 90
1746717764266 0.5617977528089888 100
1746717764268 0.5617977528089888 100
1746717774855 0.6179775280898876 110
1746717774853 0.6179775280898876 110
1746717784523 0.6741573033707865 120
1746717784526 0.6741573033707865 120
1746717794761 0.7303370786516854 130
1746717794759 0.7303370786516854 130
1746717803564 0.7865168539325843 140
1746717803561 0.7865168539325843 140
1746717812195 0.8426966292134831 150
1746717812195 0.8426966292134831 150
1746717822602 0.898876404494382 160
1746717822604 0.898876404494382 160
1746717832425 0.9550561797752809 170
1746717832426 0.9550561797752809 170
1746717893607 1.0 178
1746717893605 1.0 178
1746717900081 1.0112359550561798 180
1746717900081 1.0112359550561798 180
1746717910081 1.0674157303370786 190
1746717910081 1.0674157303370786 190
1746717920150 1.1235955056179776 200
1746717920151 1.1235955056179776 200
1746717928766 1.1797752808988764 210
1746717928768 1.1797752808988764 210
1746717941042 1.2359550561797752 220
1746717941044 1.2359550561797752 220
1746717950784 1.2921348314606742 230
1746717950786 1.2921348314606742 230
1746717961035 1.348314606741573 240
1746717961037 1.348314606741573 240
1746717971832 1.404494382022472 250
1746717971834 1.404494382022472 250
1746717981944 1.4606741573033708 260
1746717981946 1.4606741573033708 260
1746717993139 1.5168539325842696 270
1746717993141 1.5168539325842696 270
1746718004599 1.5730337078651684 280
1746718004601 1.5730337078651684 280
1746718016718 1.6292134831460674 290
1746718016719 1.6292134831460674 290
1746718026088 1.6853932584269664 300
1746718026090 1.6853932584269664 300
1746718036721 1.7415730337078652 310
1746718036721 1.7415730337078652 310
1746718046763 1.797752808988764 320
1746718046766 1.797752808988764 320
1746718057299 1.8539325842696628 330
1746718057302 1.8539325842696628 330
1746718066372 1.9101123595505618 340
1746718066373 1.9101123595505618 340
1746718075287 1.9662921348314608 350
1746718075285 1.9662921348314608 350
1746718130388 2.0 356
1746718130387 2.0 356
1746718138691 2.0224719101123596 360
1746718138693 2.0224719101123596 360
1746718149147 2.0786516853932584 370
1746718149149 2.0786516853932584 370
1746718159312 2.134831460674157 380
1746718159310 2.134831460674157 380
1746718170241 2.191011235955056 390
1746718170243 2.191011235955056 390
1746718180304 2.247191011235955 400
1746718180313 2.247191011235955 400
1746718190712 2.303370786516854 410
1746718190710 2.303370786516854 410
1746718201645 2.359550561797753 420
1746718201643 2.359550561797753 420
1746718213946 2.4157303370786516 430
1746718213948 2.4157303370786516 430
1746718223657 2.4719101123595504 440
1746718223659 2.4719101123595504 440
1746718233064 2.5280898876404496 450
1746718233066 2.5280898876404496 450
1746718244108 2.5842696629213484 460
1746718244110 2.5842696629213484 460
1746718253950 2.640449438202247 470
1746718253951 2.640449438202247 470
1746718264073 2.696629213483146 480
1746718264078 2.696629213483146 480
1746718274460 2.752808988764045 490
1746718274466 2.752808988764045 490
1746718283757 2.808988764044944 500
1746718283758 2.808988764044944 500
1746718294005 2.865168539325843 510
1746718294002 2.865168539325843 510
1746718305242 2.9213483146067416 520
1746718305245 2.9213483146067416 520
1746718314538 2.9775280898876404 530
1746718314540 2.9775280898876404 530
1746718365208 3.0 534
1746718365211 3.0 534
1746718369930 3.0 534
1746718369930 3.0 534
