1746717678630 7.26368522644043 10
1746717688753 7.285946846008301 20
1746717688757 7.285946846008301 20
1746717698242 6.782722473144531 30
1746717698242 6.782722473144531 30
1746717707158 9.736391067504883 40
1746717707160 9.736391067504883 40
1746717715845 2.6271066665649414 50
1746717715843 2.6271066665649414 50
1746717725501 5.482692718505859 60
1746717725502 5.482692718505859 60
1746717734899 3.6308276653289795 70
1746717734901 3.6308276653289795 70
1746717743936 4.027004241943359 80
1746717743937 4.027004241943359 80
1746717753408 2.047213315963745 90
1746717753408 2.047213315963745 90
1746717764266 7.671641826629639 100
1746717764268 7.671641826629639 100
1746717774855 5.647360324859619 110
1746717774853 5.647360324859619 110
1746717784523 2.4987752437591553 120
1746717784526 2.4987752437591553 120
1746717794761 6.239078521728516 130
1746717794759 6.239078521728516 130
1746717803564 3.2412168979644775 140
1746717803561 3.2412168979644775 140
1746717812195 4.447380065917969 150
1746717812195 4.447380065917969 150
1746717822602 5.439110279083252 160
1746717822604 5.439110279083252 160
1746717832425 10.456896781921387 170
1746717832426 10.456896781921387 170
1746717900081 2.5542290210723877 180
1746717900081 2.5542290210723877 180
1746717910081 3.4767708778381348 190
1746717910081 3.4767708778381348 190
1746717920150 2.1721532344818115 200
1746717920151 2.1721532344818115 200
1746717928766 2.3638756275177 210
1746717928768 2.3638756275177 210
1746717941042 3.024045467376709 220
1746717941044 3.024045467376709 220
1746717950784 12.614300727844238 230
1746717950786 12.614300727844238 230
1746717961035 7.42079496383667 240
1746717961037 7.42079496383667 240
1746717971832 3.4011685848236084 250
1746717971834 3.4011685848236084 250
1746717981944 3.4570417404174805 260
1746717981946 3.4570417404174805 260
1746717993139 4.882145881652832 270
1746717993141 4.882145881652832 270
1746718004599 6.9810686111450195 280
1746718004601 6.9810686111450195 280
1746718016718 7.185851097106934 290
1746718016719 7.185851097106934 290
1746718026088 7.503859519958496 300
1746718026090 7.503859519958496 300
1746718036721 2.1011688709259033 310
1746718036721 2.1011688709259033 310
1746718046763 7.779724597930908 320
1746718046766 7.779724597930908 320
1746718057299 7.490677833557129 330
1746718057302 7.490677833557129 330
1746718066372 6.8326826095581055 340
1746718066373 6.8326826095581055 340
1746718075287 6.658103942871094 350
1746718075285 6.658103942871094 350
1746718138691 3.374969720840454 360
1746718138693 3.374969720840454 360
1746718149147 6.922800064086914 370
1746718149149 6.922800064086914 370
1746718159312 10.119858741760254 380
1746718159310 10.119858741760254 380
1746718170241 2.414874315261841 390
1746718170243 2.414874315261841 390
1746718180304 11.043146133422852 400
1746718180313 11.043146133422852 400
1746718190712 5.959999084472656 410
1746718190710 5.959999084472656 410
1746718201645 7.459505558013916 420
1746718201643 7.459505558013916 420
1746718213946 3.2636845111846924 430
1746718213948 3.2636845111846924 430
1746718223657 7.154257297515869 440
1746718223659 7.154257297515869 440
1746718233064 6.915345191955566 450
1746718233066 6.915345191955566 450
1746718244108 9.934789657592773 460
1746718244110 9.934789657592773 460
1746718253950 2.147149085998535 470
1746718253951 2.147149085998535 470
1746718264073 12.993806838989258 480
1746718264078 12.993806838989258 480
1746718274460 7.911064624786377 490
1746718274466 7.911064624786377 490
1746718283757 5.897479057312012 500
1746718283758 5.897479057312012 500
1746718294005 2.4288597106933594 510
1746718294002 2.4288597106933594 510
1746718305242 3.780344009399414 520
1746718305245 3.780344009399414 520
1746718314538 10.56555461883545 530
1746718314540 10.56555461883545 530
