1746717678628 4.906367041198502e-05 10
1746717688753 4.812734082397004e-05 20
1746717688757 4.812734082397004e-05 20
1746717698242 4.719101123595506e-05 30
1746717698242 4.719101123595506e-05 30
1746717707158 4.625468164794008e-05 40
1746717707160 4.625468164794008e-05 40
1746717715845 4.531835205992509e-05 50
1746717715843 4.531835205992509e-05 50
1746717725501 4.438202247191011e-05 60
1746717725502 4.438202247191011e-05 60
1746717734899 4.344569288389513e-05 70
1746717734901 4.344569288389513e-05 70
1746717743936 4.250936329588015e-05 80
1746717743937 4.250936329588015e-05 80
1746717753408 4.157303370786517e-05 90
1746717753408 4.157303370786517e-05 90
1746717764266 4.063670411985019e-05 100
1746717764268 4.063670411985019e-05 100
1746717774855 3.970037453183521e-05 110
1746717774853 3.970037453183521e-05 110
1746717784523 3.876404494382023e-05 120
1746717784526 3.876404494382023e-05 120
1746717794761 3.782771535580524e-05 130
1746717794759 3.782771535580524e-05 130
1746717803564 3.689138576779027e-05 140
1746717803561 3.689138576779027e-05 140
1746717812195 3.595505617977528e-05 150
1746717812195 3.595505617977528e-05 150
1746717822602 3.5018726591760305e-05 160
1746717822604 3.5018726591760305e-05 160
1746717832425 3.408239700374532e-05 170
1746717832426 3.408239700374532e-05 170
1746717900081 3.314606741573034e-05 180
1746717900081 3.314606741573034e-05 180
1746717910081 3.220973782771536e-05 190
1746717910081 3.220973782771536e-05 190
1746717920150 3.1273408239700376e-05 200
1746717920151 3.1273408239700376e-05 200
1746717928766 3.0337078651685396e-05 210
1746717928768 3.0337078651685396e-05 210
1746717941042 2.940074906367041e-05 220
1746717941044 2.940074906367041e-05 220
1746717950784 2.846441947565543e-05 230
1746717950786 2.846441947565543e-05 230
1746717961035 2.752808988764045e-05 240
1746717961037 2.752808988764045e-05 240
1746717971832 2.6591760299625466e-05 250
1746717971834 2.6591760299625466e-05 250
1746717981944 2.565543071161049e-05 260
1746717981946 2.565543071161049e-05 260
1746717993139 2.4719101123595505e-05 270
1746717993141 2.4719101123595505e-05 270
1746718004599 2.3782771535580524e-05 280
1746718004601 2.3782771535580524e-05 280
1746718016718 2.2846441947565544e-05 290
1746718016719 2.2846441947565544e-05 290
1746718026088 2.1910112359550563e-05 300
1746718026090 2.1910112359550563e-05 300
1746718036721 2.0973782771535582e-05 310
1746718036721 2.0973782771535582e-05 310
1746718046763 2.00374531835206e-05 320
1746718046766 2.00374531835206e-05 320
1746718057299 1.9101123595505618e-05 330
1746718057302 1.9101123595505618e-05 330
1746718066372 1.8164794007490637e-05 340
1746718066373 1.8164794007490637e-05 340
1746718075287 1.7228464419475657e-05 350
1746718075285 1.7228464419475657e-05 350
1746718138691 1.6292134831460676e-05 360
1746718138693 1.6292134831460676e-05 360
1746718149147 1.5355805243445692e-05 370
1746718149149 1.5355805243445692e-05 370
1746718159312 1.4419475655430711e-05 380
1746718159310 1.4419475655430711e-05 380
1746718170241 1.348314606741573e-05 390
1746718170243 1.348314606741573e-05 390
1746718180304 1.254681647940075e-05 400
1746718180313 1.254681647940075e-05 400
1746718190712 1.161048689138577e-05 410
1746718190710 1.161048689138577e-05 410
1746718201645 1.0674157303370787e-05 420
1746718201643 1.0674157303370787e-05 420
1746718213946 9.737827715355806e-06 430
1746718213948 9.737827715355806e-06 430
1746718223657 8.801498127340826e-06 440
1746718223659 8.801498127340826e-06 440
1746718233064 7.865168539325843e-06 450
1746718233066 7.865168539325843e-06 450
1746718244108 6.928838951310862e-06 460
1746718244110 6.928838951310862e-06 460
1746718253950 5.9925093632958805e-06 470
1746718253951 5.9925093632958805e-06 470
1746718264073 5.056179775280899e-06 480
1746718264078 5.056179775280899e-06 480
1746718274460 4.1198501872659175e-06 490
1746718274466 4.1198501872659175e-06 490
1746718283757 3.1835205992509364e-06 500
1746718283758 3.1835205992509364e-06 500
1746718294005 2.247191011235955e-06 510
1746718294002 2.247191011235955e-06 510
1746718305242 1.310861423220974e-06 520
1746718305245 1.310861423220974e-06 520
1746718314538 3.7453183520599253e-07 530
1746718314540 3.7453183520599253e-07 530
