1746717678628 0.7327 10
1746717678630 0.7327 10
1746717688753 0.6 20
1746717688757 0.6 20
1746717698242 0.6599 30
1746717698242 0.6599 30
1746717707158 0.6611 40
1746717707160 0.6611 40
1746717715845 0.646 50
1746717715843 0.646 50
1746717725501 0.6895 60
1746717725502 0.6895 60
1746717734899 0.6679 70
1746717734901 0.6679 70
1746717743936 0.6495 80
1746717743937 0.6495 80
1746717753408 0.573 90
1746717753408 0.573 90
1746717764266 0.5928 100
1746717764268 0.5928 100
1746717774853 0.7279 110
1746717784523 0.6842 120
1746717784526 0.6842 120
1746717794759 0.6493 130
1746717794761 0.6493 130
1746717803564 0.6675 140
1746717803561 0.6675 140
1746717812195 0.6141 150
1746717812195 0.6141 150
1746717822604 0.6681 160
1746717822602 0.6681 160
1746717832425 0.6486 170
1746717832426 0.6486 170
1746717900081 0.6246 180
1746717900081 0.6246 180
1746717910081 0.669 190
1746717910081 0.669 190
1746717920150 0.6943 200
1746717920151 0.6943 200
1746717928766 0.6414 210
1746717928768 0.6414 210
1746717941042 0.729 220
1746717941044 0.729 220
1746717950784 0.6138 230
1746717950786 0.6138 230
1746717961035 0.6577 240
1746717961037 0.6577 240
1746717971832 0.651 250
1746717971834 0.651 250
1746717981944 0.6235 260
1746717981946 0.6235 260
1746717993139 0.6041 270
1746717993141 0.6041 270
1746718004599 0.6432 280
1746718004601 0.6432 280
1746718016718 0.695 290
1746718016719 0.695 290
1746718026088 0.63 300
1746718026090 0.63 300
1746718036721 0.6559 310
1746718036721 0.6559 310
1746718046763 0.5845 320
1746718046766 0.5845 320
1746718057299 0.6253 330
1746718057302 0.6253 330
1746718066372 0.6353 340
1746718066373 0.6353 340
1746718075287 0.6387 350
1746718075285 0.6387 350
1746718138691 0.638 360
1746718149147 0.6156 370
1746718149149 0.6156 370
1746718159312 0.6439 380
1746718159310 0.6439 380
1746718170241 0.622 390
1746718170243 0.622 390
1746718180304 0.6903 400
1746718180313 0.6903 400
1746718190712 0.6073 410
1746718190710 0.6073 410
1746718201645 0.6429 420
1746718201643 0.6429 420
1746718213946 0.6344 430
1746718213948 0.6344 430
1746718223657 0.6669 440
1746718223659 0.6669 440
1746718233064 0.7058 450
1746718233066 0.7058 450
1746718244108 0.6718 460
1746718244110 0.6718 460
1746718253950 0.6381 470
1746718253951 0.6381 470
1746718264073 0.562 480
1746718264078 0.562 480
1746718274460 0.6409 490
1746718274466 0.6409 490
1746718283757 0.6908 500
1746718283758 0.6908 500
1746718294002 0.592 510
1746718294005 0.592 510
1746718305242 0.5741 520
1746718305245 0.5741 520
1746718314538 0.6499 530
1746718314540 0.6499 530
