1746788103239 0.056179775280898875 10
1746788103239 0.056179775280898875 10
1746788112691 0.11235955056179775 20
1746788112691 0.11235955056179775 20
1746788123828 0.16853932584269662 30
1746788123828 0.16853932584269662 30
1746788134991 0.2247191011235955 40
1746788134991 0.2247191011235955 40
1746788143060 0.2808988764044944 50
1746788143060 0.2808988764044944 50
1746788151234 0.33707865168539325 60
1746788151236 0.33707865168539325 60
1746788159474 0.39325842696629215 70
1746788159474 0.39325842696629215 70
1746788169266 0.449438202247191 80
1746788169268 0.449438202247191 80
1746788179320 0.5056179775280899 90
1746788179321 0.5056179775280899 90
1746788187781 0.5617977528089888 100
1746788187783 0.5617977528089888 100
1746788198875 0.6179775280898876 110
1746788198879 0.6179775280898876 110
1746788209378 0.6741573033707865 120
1746788209379 0.6741573033707865 120
1746788217729 0.7303370786516854 130
1746788217731 0.7303370786516854 130
1746788226048 0.7865168539325843 140
1746788226048 0.7865168539325843 140
1746788234374 0.8426966292134831 150
1746788234375 0.8426966292134831 150
1746788242706 0.898876404494382 160
1746788242707 0.898876404494382 160
1746788251062 0.9550561797752809 170
1746788251062 0.9550561797752809 170
1746788304218 1.0 178
1746788304219 1.0 178
1746788307498 1.0112359550561798 180
1746788307499 1.0112359550561798 180
1746788315835 1.0674157303370786 190
1746788315836 1.0674157303370786 190
1746788324173 1.1235955056179776 200
1746788324174 1.1235955056179776 200
1746788332519 1.1797752808988764 210
1746788332521 1.1797752808988764 210
1746788340870 1.2359550561797752 220
1746788340871 1.2359550561797752 220
1746788349274 1.2921348314606742 230
1746788349274 1.2921348314606742 230
1746788357654 1.348314606741573 240
1746788357655 1.348314606741573 240
1746788366056 1.404494382022472 250
1746788366056 1.404494382022472 250
1746788374529 1.4606741573033708 260
1746788374529 1.4606741573033708 260
1746788382974 1.5168539325842696 270
1746788382974 1.5168539325842696 270
1746788391383 1.5730337078651684 280
1746788391382 1.5730337078651684 280
1746788399818 1.6292134831460674 290
1746788399819 1.6292134831460674 290
1746788408269 1.6853932584269664 300
1746788408269 1.6853932584269664 300
1746788416712 1.7415730337078652 310
1746788416714 1.7415730337078652 310
1746788425180 1.797752808988764 320
1746788425180 1.797752808988764 320
1746788433618 1.8539325842696628 330
1746788433618 1.8539325842696628 330
1746788445357 1.9101123595505618 340
1746788445357 1.9101123595505618 340
1746788453756 1.9662921348314608 350
1746788453757 1.9662921348314608 350
1746788507633 2.0 356
1746788507634 2.0 356
1746788514047 2.0224719101123596 360
1746788514048 2.0224719101123596 360
1746788522485 2.0786516853932584 370
1746788522486 2.0786516853932584 370
1746788530902 2.134831460674157 380
1746788530902 2.134831460674157 380
1746788540947 2.191011235955056 390
1746788540946 2.191011235955056 390
1746788549364 2.247191011235955 400
1746788549365 2.247191011235955 400
1746788557787 2.303370786516854 410
1746788557788 2.303370786516854 410
1746788566206 2.359550561797753 420
1746788566209 2.359550561797753 420
1746788574644 2.4157303370786516 430
1746788574645 2.4157303370786516 430
1746788583101 2.4719101123595504 440
1746788583101 2.4719101123595504 440
1746788591570 2.5280898876404496 450
1746788591570 2.5280898876404496 450
1746788600005 2.5842696629213484 460
1746788600006 2.5842696629213484 460
1746788608457 2.640449438202247 470
1746788608458 2.640449438202247 470
1746788616934 2.696629213483146 480
1746788616933 2.696629213483146 480
1746788625408 2.752808988764045 490
1746788625410 2.752808988764045 490
1746788633870 2.808988764044944 500
1746788633870 2.808988764044944 500
1746788642365 2.865168539325843 510
1746788642366 2.865168539325843 510
1746788650840 2.9213483146067416 520
1746788650841 2.9213483146067416 520
1746788659328 2.9775280898876404 530
1746788659329 2.9775280898876404 530
1746788708677 3.0 534
1746788708678 3.0 534
1746788710548 3.0 534
1746788710548 3.0 534
1746794805928 3.0 534
1746794805929 3.0 534
1746795265171 3.0 534
1746795265178 3.0 534
