1746788103239 2.8050577640533447 10
1746788103239 2.8050577640533447 10
1746788112691 11.738089561462402 20
1746788112691 11.738089561462402 20
1746788123828 4.685535907745361 30
1746788123828 4.685535907745361 30
1746788134991 3.520474672317505 40
1746788134991 3.520474672317505 40
1746788143060 9.053092956542969 50
1746788143060 9.053092956542969 50
1746788151234 10.316890716552734 60
1746788151236 10.316890716552734 60
1746788159474 5.366422653198242 70
1746788159474 5.366422653198242 70
1746788169266 9.90886402130127 80
1746788169268 9.90886402130127 80
1746788179320 1.9554929733276367 90
1746788179321 1.9554929733276367 90
1746788187781 7.732076644897461 100
1746788187783 7.732076644897461 100
1746788198875 2.453181028366089 110
1746788198879 2.453181028366089 110
1746788209378 3.157475233078003 120
1746788209379 3.157475233078003 120
1746788217729 4.344331741333008 130
1746788217731 4.344331741333008 130
1746788226048 6.336655616760254 140
1746788226048 6.336655616760254 140
1746788234374 2.391690492630005 150
1746788234375 2.391690492630005 150
1746788242706 2.894251823425293 160
1746788242707 2.894251823425293 160
1746788251062 3.5945966243743896 170
1746788251062 3.5945966243743896 170
1746788307498 2.848707914352417 180
1746788307499 2.848707914352417 180
1746788315835 8.326852798461914 190
1746788315836 8.326852798461914 190
1746788324173 2.80000901222229 200
1746788324174 2.80000901222229 200
1746788332519 5.883601665496826 210
1746788332521 5.883601665496826 210
1746788340870 1.9631545543670654 220
1746788340871 1.9631545543670654 220
1746788349274 4.462352752685547 230
1746788349274 4.462352752685547 230
1746788357654 4.841746807098389 240
1746788357655 4.841746807098389 240
1746788366056 8.726814270019531 250
1746788366056 8.726814270019531 250
1746788374529 3.459855556488037 260
1746788374529 3.459855556488037 260
1746788382974 7.072989463806152 270
1746788382974 7.072989463806152 270
1746788391382 2.994525909423828 280
1746788391383 2.994525909423828 280
1746788399818 5.009006500244141 290
1746788399819 5.009006500244141 290
1746788408269 10.415403366088867 300
1746788408269 10.415403366088867 300
1746788416712 2.6100354194641113 310
1746788416714 2.6100354194641113 310
1746788425180 2.72358775138855 320
1746788425180 2.72358775138855 320
1746788433618 3.206590175628662 330
1746788433618 3.206590175628662 330
1746788445357 2.042800188064575 340
1746788445357 2.042800188064575 340
1746788453756 2.2760653495788574 350
1746788453757 2.2760653495788574 350
1746788514047 3.6633059978485107 360
1746788514048 3.6633059978485107 360
1746788522485 4.674269676208496 370
1746788522486 4.674269676208496 370
1746788530902 5.461789608001709 380
1746788530902 5.461789608001709 380
1746788540947 21.71611213684082 390
1746788540946 21.71611213684082 390
1746788549364 12.021737098693848 400
1746788549365 12.021737098693848 400
1746788557787 9.365139961242676 410
1746788557788 9.365139961242676 410
1746788566206 7.0146636962890625 420
1746788566209 7.0146636962890625 420
1746788574644 6.228946208953857 430
1746788574645 6.228946208953857 430
1746788583101 14.626578330993652 440
1746788583101 14.626578330993652 440
1746788591570 15.391408920288086 450
1746788591570 15.391408920288086 450
1746788600005 6.3448710441589355 460
1746788600006 6.3448710441589355 460
1746788608457 11.360920906066895 470
1746788608458 11.360920906066895 470
1746788616933 17.402217864990234 480
1746788616934 17.402217864990234 480
1746788625408 11.913043022155762 490
1746788625410 11.913043022155762 490
1746788633870 14.755434036254883 500
1746788633870 14.755434036254883 500
1746788642365 36.110870361328125 510
1746788642366 36.110870361328125 510
1746788650840 30.484079360961914 520
1746788650841 30.484079360961914 520
1746788659328 18.716386795043945 530
1746788659329 18.716386795043945 530
