1746788103239 4.906367041198502e-05 10
1746788103239 4.906367041198502e-05 10
1746788112691 4.812734082397004e-05 20
1746788112691 4.812734082397004e-05 20
1746788123828 4.719101123595506e-05 30
1746788123828 4.719101123595506e-05 30
1746788134991 4.625468164794008e-05 40
1746788134991 4.625468164794008e-05 40
1746788143060 4.531835205992509e-05 50
1746788143060 4.531835205992509e-05 50
1746788151234 4.438202247191011e-05 60
1746788151236 4.438202247191011e-05 60
1746788159474 4.344569288389513e-05 70
1746788159474 4.344569288389513e-05 70
1746788169266 4.250936329588015e-05 80
1746788169268 4.250936329588015e-05 80
1746788179320 4.157303370786517e-05 90
1746788179321 4.157303370786517e-05 90
1746788187781 4.063670411985019e-05 100
1746788187783 4.063670411985019e-05 100
1746788198875 3.970037453183521e-05 110
1746788198879 3.970037453183521e-05 110
1746788209378 3.876404494382023e-05 120
1746788209379 3.876404494382023e-05 120
1746788217729 3.782771535580524e-05 130
1746788217731 3.782771535580524e-05 130
1746788226048 3.689138576779027e-05 140
1746788226048 3.689138576779027e-05 140
1746788234374 3.595505617977528e-05 150
1746788234375 3.595505617977528e-05 150
1746788242706 3.5018726591760305e-05 160
1746788242707 3.5018726591760305e-05 160
1746788251062 3.408239700374532e-05 170
1746788251062 3.408239700374532e-05 170
1746788307498 3.314606741573034e-05 180
1746788307499 3.314606741573034e-05 180
1746788315835 3.220973782771536e-05 190
1746788315836 3.220973782771536e-05 190
1746788324173 3.1273408239700376e-05 200
1746788324174 3.1273408239700376e-05 200
1746788332519 3.0337078651685396e-05 210
1746788332521 3.0337078651685396e-05 210
1746788340870 2.940074906367041e-05 220
1746788340871 2.940074906367041e-05 220
1746788349274 2.846441947565543e-05 230
1746788349274 2.846441947565543e-05 230
1746788357654 2.752808988764045e-05 240
1746788357655 2.752808988764045e-05 240
1746788366056 2.6591760299625466e-05 250
1746788366056 2.6591760299625466e-05 250
1746788374529 2.565543071161049e-05 260
1746788374529 2.565543071161049e-05 260
1746788382974 2.4719101123595505e-05 270
1746788382974 2.4719101123595505e-05 270
1746788391382 2.3782771535580524e-05 280
1746788391383 2.3782771535580524e-05 280
1746788399818 2.2846441947565544e-05 290
1746788399819 2.2846441947565544e-05 290
1746788408269 2.1910112359550563e-05 300
1746788408269 2.1910112359550563e-05 300
1746788416712 2.0973782771535582e-05 310
1746788416714 2.0973782771535582e-05 310
1746788425180 2.00374531835206e-05 320
1746788425180 2.00374531835206e-05 320
1746788433618 1.9101123595505618e-05 330
1746788433618 1.9101123595505618e-05 330
1746788445357 1.8164794007490637e-05 340
1746788445357 1.8164794007490637e-05 340
1746788453756 1.7228464419475657e-05 350
1746788453757 1.7228464419475657e-05 350
1746788514047 1.6292134831460676e-05 360
1746788514048 1.6292134831460676e-05 360
1746788522485 1.5355805243445692e-05 370
1746788522486 1.5355805243445692e-05 370
1746788530902 1.4419475655430711e-05 380
1746788530902 1.4419475655430711e-05 380
1746788540947 1.348314606741573e-05 390
1746788540946 1.348314606741573e-05 390
1746788549364 1.254681647940075e-05 400
1746788549365 1.254681647940075e-05 400
1746788557787 1.161048689138577e-05 410
1746788557788 1.161048689138577e-05 410
1746788566206 1.0674157303370787e-05 420
1746788566209 1.0674157303370787e-05 420
1746788574644 9.737827715355806e-06 430
1746788574645 9.737827715355806e-06 430
1746788583101 8.801498127340826e-06 440
1746788583101 8.801498127340826e-06 440
1746788591570 7.865168539325843e-06 450
1746788591570 7.865168539325843e-06 450
1746788600005 6.928838951310862e-06 460
1746788600006 6.928838951310862e-06 460
1746788608457 5.9925093632958805e-06 470
1746788608458 5.9925093632958805e-06 470
1746788616934 5.056179775280899e-06 480
1746788616933 5.056179775280899e-06 480
1746788625408 4.1198501872659175e-06 490
1746788625410 4.1198501872659175e-06 490
1746788633870 3.1835205992509364e-06 500
1746788633870 3.1835205992509364e-06 500
1746788642365 2.247191011235955e-06 510
1746788642366 2.247191011235955e-06 510
1746788650840 1.310861423220974e-06 520
1746788650841 1.310861423220974e-06 520
1746788659328 3.7453183520599253e-07 530
1746788659329 3.7453183520599253e-07 530
