1746788103239 0.6604 10
1746788103239 0.6604 10
1746788112691 0.6865 20
1746788112691 0.6865 20
1746788123828 0.6916 30
1746788123828 0.6916 30
1746788134991 0.6652 40
1746788134991 0.6652 40
1746788143060 0.6527 50
1746788143060 0.6527 50
1746788151234 0.5981 60
1746788151236 0.5981 60
1746788159474 0.6757 70
1746788159474 0.6757 70
1746788169266 0.6775 80
1746788169268 0.6775 80
1746788179320 0.677 90
1746788179321 0.677 90
1746788187781 0.5979 100
1746788187783 0.5979 100
1746788198875 0.6858 110
1746788198879 0.6858 110
1746788209378 0.6636 120
1746788209379 0.6636 120
1746788217729 0.578 130
1746788217731 0.578 130
1746788226048 0.6317 140
1746788226048 0.6317 140
1746788234375 0.6444 150
1746788242706 0.6272 160
1746788242707 0.6272 160
1746788251062 0.6563 170
1746788251062 0.6563 170
1746788307498 0.6071 180
1746788307499 0.6071 180
1746788315835 0.6102 190
1746788315836 0.6102 190
1746788324173 0.6344 200
1746788324174 0.6344 200
1746788332519 0.6481 210
1746788332521 0.6481 210
1746788340870 0.6538 220
1746788340871 0.6538 220
1746788349274 0.6287 230
1746788349274 0.6287 230
1746788357654 0.6345 240
1746788357655 0.6345 240
1746788366056 0.6808 250
1746788366056 0.6808 250
1746788374529 0.6023 260
1746788374529 0.6023 260
1746788382974 0.6587 270
1746788382974 0.6587 270
1746788391382 0.5774 280
1746788391383 0.5774 280
1746788399818 0.6813 290
1746788399819 0.6813 290
1746788408269 0.6219 300
1746788408269 0.6219 300
1746788416712 0.6725 310
1746788416714 0.6725 310
1746788425180 0.6337 320
1746788425180 0.6337 320
1746788433618 0.6428 330
1746788433618 0.6428 330
1746788445357 0.6496 340
1746788445357 0.6496 340
1746788453756 0.6562 350
1746788453757 0.6562 350
1746788514047 0.6335 360
1746788514048 0.6335 360
1746788522485 0.5884 370
1746788522486 0.5884 370
1746788530902 0.6211 380
1746788530902 0.6211 380
1746788540947 0.5421 390
1746788540946 0.5421 390
1746788549364 0.6708 400
1746788549365 0.6708 400
1746788557787 0.4812 410
1746788557788 0.4812 410
1746788566206 0.581 420
1746788566209 0.581 420
1746788574644 0.6089 430
1746788574645 0.6089 430
1746788583101 0.596 440
1746788583101 0.596 440
1746788591570 0.5518 450
1746788591570 0.5518 450
1746788600005 0.4484 460
1746788600006 0.4484 460
1746788608457 0.4812 470
1746788608458 0.4812 470
1746788616933 0.5382 480
1746788616934 0.5382 480
1746788625408 0.4842 490
1746788625410 0.4842 490
1746788633870 0.5839 500
1746788633870 0.5839 500
1746788642365 0.473 510
1746788642366 0.473 510
1746788650840 0.4693 520
1746788650841 0.4693 520
1746788659328 0.464 530
1746788659329 0.464 530
