1747389398064 0.10638297872340426 10
1747389398064 0.10638297872340426 10
1747389401564 0.2127659574468085 20
1747389401564 0.2127659574468085 20
1747389403472 0.3191489361702128 30
1747389403472 0.3191489361702128 30
1747389406966 0.425531914893617 40
1747389406966 0.425531914893617 40
1747389408843 0.5319148936170213 50
1747389408843 0.5319148936170213 50
1747389410718 0.6382978723404256 60
1747389410718 0.6382978723404256 60
1747389412619 0.7446808510638298 70
1747389412619 0.7446808510638298 70
1747389414534 0.851063829787234 80
1747389414534 0.851063829787234 80
1747389416436 0.9574468085106383 90
1747389416436 0.9574468085106383 90
1747389418354 1.0 94
1747389418354 1.0 94
1747389420374 1.0638297872340425 100
1747389420374 1.0638297872340425 100
1747389422263 1.1702127659574468 110
1747389422263 1.1702127659574468 110
1747389425768 1.2765957446808511 120
1747389425768 1.2765957446808511 120
1747389427677 1.3829787234042552 130
1747389427677 1.3829787234042552 130
1747389429569 1.4893617021276595 140
1747389429569 1.4893617021276595 140
1747389431450 1.5957446808510638 150
1747389431450 1.5957446808510638 150
1747389434013 1.702127659574468 160
1747389434013 1.702127659574468 160
1747389436977 1.8085106382978724 170
1747389436978 1.8085106382978724 170
1747389440592 1.9148936170212765 180
1747389440592 1.9148936170212765 180
1747389443352 2.0 188
1747389443352 2.0 188
1747389444965 2.021276595744681 190
1747389444965 2.021276595744681 190
1747389446963 2.127659574468085 200
1747389446963 2.127659574468085 200
1747389448939 2.2340425531914896 210
1747389448939 2.2340425531914896 210
1747389450986 2.3404255319148937 220
1747389450986 2.3404255319148937 220
1747389453030 2.4468085106382977 230
1747389453030 2.4468085106382977 230
1747389455055 2.5531914893617023 240
1747389455057 2.5531914893617023 240
1747389457132 2.6595744680851063 250
1747389457132 2.6595744680851063 250
1747389459096 2.7659574468085104 260
1747389459096 2.7659574468085104 260
1747389462749 2.872340425531915 270
1747389462751 2.872340425531915 270
1747389464721 2.978723404255319 280
1747389464721 2.978723404255319 280
1747389466328 3.0 282
1747389466330 3.0 282
1747389469316 3.0851063829787235 290
1747389469316 3.0851063829787235 290
1747389472894 3.1914893617021276 300
1747389472894 3.1914893617021276 300
1747389474836 3.297872340425532 310
1747389474836 3.297872340425532 310
1747389476785 3.404255319148936 320
1747389476785 3.404255319148936 320
1747389478735 3.5106382978723403 330
1747389478733 3.5106382978723403 330
1747389480665 3.617021276595745 340
1747389480665 3.617021276595745 340
1747389485906 3.723404255319149 350
1747389485917 3.723404255319149 350
1747389487869 3.829787234042553 360
1747389487869 3.829787234042553 360
1747389490546 3.9361702127659575 370
1747389490546 3.9361702127659575 370
1747389493889 4.0 376
1747389493890 4.0 376
1747389495050 4.0 376
1747389495052 4.0 376
