1747389398064 3.1506407260894775 10
1747389398064 3.1506407260894775 10
1747389401564 9.74724006652832 20
1747389401564 9.74724006652832 20
1747389403472 7.112603664398193 30
1747389403472 7.112603664398193 30
1747389406966 14.809704780578613 40
1747389406966 14.809704780578613 40
1747389408843 13.286250114440918 50
1747389408843 13.286250114440918 50
1747389410718 0.21019817888736725 60
1747389410718 0.21019817888736725 60
1747389412619 0.14372552931308746 70
1747389412619 0.14372552931308746 70
1747389414534 22.559362411499023 80
1747389414534 22.559362411499023 80
1747389416436 0.19823816418647766 90
1747389416436 0.19823816418647766 90
1747389420374 10.804183959960938 100
1747389420374 10.804183959960938 100
1747389422263 0.052341558039188385 110
1747389422263 0.052341558039188385 110
1747389425768 0.6909409761428833 120
1747389425768 0.6909409761428833 120
1747389427677 0.029569607228040695 130
1747389427677 0.029569607228040695 130
1747389429569 0.18057069182395935 140
1747389429569 0.18057069182395935 140
1747389431450 0.01642726920545101 150
1747389431450 0.01642726920545101 150
1747389434013 0.23513320088386536 160
1747389434013 0.23513320088386536 160
1747389436977 1.1017528772354126 170
1747389436978 1.1017528772354126 170
1747389440592 0.03355662524700165 180
1747389440592 0.03355662524700165 180
1747389444965 28.595731735229492 190
1747389444965 28.595731735229492 190
1747389446963 0.012587255798280239 200
1747389446963 0.012587255798280239 200
1747389448939 0.014148779213428497 210
1747389448939 0.014148779213428497 210
1747389450986 0.009870020672678947 220
1747389450986 0.009870020672678947 220
1747389453030 0.010373115539550781 230
1747389453030 0.010373115539550781 230
1747389455055 0.00848405808210373 240
1747389455057 0.00848405808210373 240
1747389457132 0.009672586806118488 250
1747389457132 0.009672586806118488 250
1747389459096 0.009511524811387062 260
1747389459096 0.009511524811387062 260
1747389462749 0.008940187282860279 270
1747389462751 0.008940187282860279 270
1747389464721 0.007236851379275322 280
1747389464721 0.007236851379275322 280
1747389469316 0.01262064091861248 290
1747389469316 0.01262064091861248 290
1747389472894 0.0076542445458471775 300
1747389472894 0.0076542445458471775 300
1747389474836 0.00913998857140541 310
1747389474836 0.00913998857140541 310
1747389476785 0.005835335701704025 320
1747389476785 0.005835335701704025 320
1747389478735 0.00808598380535841 330
1747389478733 0.00808598380535841 330
1747389480665 0.004393075592815876 340
1747389480665 0.004393075592815876 340
1747389485906 0.004288942087441683 350
1747389485917 0.004288942087441683 350
1747389487869 0.004554159939289093 360
1747389487869 0.004554159939289093 360
1747389490546 0.004333766642957926 370
1747389490546 0.004333766642957926 370
