1747389398064 4.946808510638298e-05 10
1747389398064 4.946808510638298e-05 10
1747389401564 4.893617021276596e-05 20
1747389401564 4.893617021276596e-05 20
1747389403472 4.840425531914894e-05 30
1747389403472 4.840425531914894e-05 30
1747389406966 4.787234042553192e-05 40
1747389406966 4.787234042553192e-05 40
1747389408843 4.734042553191489e-05 50
1747389408843 4.734042553191489e-05 50
1747389410718 4.680851063829788e-05 60
1747389410718 4.680851063829788e-05 60
1747389412619 4.627659574468085e-05 70
1747389412619 4.627659574468085e-05 70
1747389414534 4.574468085106383e-05 80
1747389414534 4.574468085106383e-05 80
1747389416436 4.5212765957446815e-05 90
1747389416436 4.5212765957446815e-05 90
1747389420374 4.468085106382979e-05 100
1747389420374 4.468085106382979e-05 100
1747389422263 4.414893617021277e-05 110
1747389422263 4.414893617021277e-05 110
1747389425768 4.3617021276595746e-05 120
1747389425768 4.3617021276595746e-05 120
1747389427677 4.3085106382978725e-05 130
1747389427677 4.3085106382978725e-05 130
1747389429569 4.2553191489361704e-05 140
1747389429569 4.2553191489361704e-05 140
1747389431450 4.2021276595744684e-05 150
1747389431450 4.2021276595744684e-05 150
1747389434013 4.148936170212766e-05 160
1747389434013 4.148936170212766e-05 160
1747389436977 4.095744680851064e-05 170
1747389436978 4.095744680851064e-05 170
1747389440592 4.0425531914893614e-05 180
1747389440592 4.0425531914893614e-05 180
1747389444965 3.9893617021276594e-05 190
1747389444965 3.9893617021276594e-05 190
1747389446963 3.936170212765958e-05 200
1747389446963 3.936170212765958e-05 200
1747389448939 3.882978723404255e-05 210
1747389448939 3.882978723404255e-05 210
1747389450986 3.829787234042553e-05 220
1747389450986 3.829787234042553e-05 220
1747389453030 3.776595744680852e-05 230
1747389453030 3.776595744680852e-05 230
1747389455055 3.723404255319149e-05 240
1747389455057 3.723404255319149e-05 240
1747389457132 3.670212765957447e-05 250
1747389457132 3.670212765957447e-05 250
1747389459096 3.617021276595745e-05 260
1747389459096 3.617021276595745e-05 260
1747389462749 3.563829787234043e-05 270
1747389462751 3.563829787234043e-05 270
1747389464721 3.5106382978723407e-05 280
1747389464721 3.5106382978723407e-05 280
1747389469316 3.4574468085106386e-05 290
1747389469316 3.4574468085106386e-05 290
1747389472894 3.4042553191489365e-05 300
1747389472894 3.4042553191489365e-05 300
1747389474836 3.3510638297872344e-05 310
1747389474836 3.3510638297872344e-05 310
1747389476785 3.2978723404255317e-05 320
1747389476785 3.2978723404255317e-05 320
1747389478735 3.2446808510638296e-05 330
1747389478733 3.2446808510638296e-05 330
1747389480665 3.191489361702128e-05 340
1747389480665 3.191489361702128e-05 340
1747389485906 3.1382978723404254e-05 350
1747389485917 3.1382978723404254e-05 350
1747389487869 3.085106382978723e-05 360
1747389487869 3.085106382978723e-05 360
1747389490546 3.0319148936170216e-05 370
1747389490546 3.0319148936170216e-05 370
