1747389398064 0.5894 10
1747389398064 0.5894 10
1747389401564 0.3112 20
1747389401564 0.3112 20
1747389403472 0.1958 30
1747389403472 0.1958 30
1747389406966 0.1154 40
1747389406966 0.1154 40
1747389408843 0.1266 50
1747389408843 0.1266 50
1747389410718 0.0304 60
1747389410718 0.0304 60
1747389412619 0.0603 70
1747389412619 0.0603 70
1747389414534 0.1686 80
1747389414534 0.1686 80
1747389416436 0.1328 90
1747389416436 0.1328 90
1747389420374 0.0535 100
1747389420374 0.0535 100
1747389422263 0.0077 110
1747389422263 0.0077 110
1747389425768 0.0184 120
1747389425768 0.0184 120
1747389427677 0.0066 130
1747389427677 0.0066 130
1747389429569 0.0035 140
1747389429569 0.0035 140
1747389431450 0.0078 150
1747389431450 0.0078 150
1747389434013 0.0011 160
1747389434013 0.0011 160
1747389436977 0.0407 170
1747389436978 0.0407 170
1747389440592 0.0011 180
1747389440592 0.0011 180
1747389444965 0.0088 190
1747389444965 0.0088 190
1747389446963 0.0007 200
1747389446963 0.0007 200
1747389448939 0.0009 210
1747389448939 0.0009 210
1747389450986 0.0239 220
1747389450986 0.0239 220
1747389453030 0.0007 230
1747389453030 0.0007 230
1747389455055 0.1119 240
1747389455057 0.1119 240
1747389457132 0.0491 250
1747389457132 0.0491 250
1747389459096 0.03 260
1747389459096 0.03 260
1747389462749 0.0004 270
1747389462751 0.0004 270
1747389464721 0.0004 280
1747389464721 0.0004 280
1747389469316 0.0004 290
1747389469316 0.0004 290
1747389472894 0.0003 300
1747389472894 0.0003 300
1747389474836 0.0003 310
1747389474836 0.0003 310
1747389476785 0.0003 320
1747389476785 0.0003 320
1747389478733 0.0003 330
1747389478735 0.0003 330
1747389480665 0.0003 340
1747389480665 0.0003 340
1747389485906 0.0003 350
1747389485917 0.0003 350
1747389487869 0.0003 360
1747389487869 0.0003 360
1747389490546 0.0002 370
1747389490546 0.0002 370
