1747401731984 0.22727272727272727 10
1747401731984 0.22727272727272727 10
1747401733932 0.45454545454545453 20
1747401733932 0.45454545454545453 20
1747401735878 0.6818181818181818 30
1747401735878 0.6818181818181818 30
1747401737801 0.9090909090909091 40
1747401737801 0.9090909090909091 40
1747401739084 1.0 44
1747401739084 1.0 44
1747401741392 1.1363636363636362 50
1747401741392 1.1363636363636362 50
1747401745001 1.3636363636363638 60
1747401745001 1.3636363636363638 60
1747401748619 1.5909090909090908 70
1747401748619 1.5909090909090908 70
1747401750554 1.8181818181818183 80
1747401750554 1.8181818181818183 80
1747401752616 2.0 88
1747401752616 2.0 88
1747401754341 2.0454545454545454 90
1747401754341 2.0454545454545454 90
1747401756297 2.2727272727272725 100
1747401756297 2.2727272727272725 100
1747401758250 2.5 110
1747401758250 2.5 110
1747401760206 2.7272727272727275 120
1747401760206 2.7272727272727275 120
1747401762188 2.9545454545454546 130
1747401762188 2.9545454545454546 130
1747401763075 3.0 132
1747401763075 3.0 132
1747401765678 3.1818181818181817 140
1747401765680 3.1818181818181817 140
1747401769276 3.409090909090909 150
1747401769291 3.409090909090909 150
1747401771231 3.6363636363636362 160
1747401771231 3.6363636363636362 160
1747401773176 3.8636363636363638 170
1747401773176 3.8636363636363638 170
1747401774835 4.0 176
1747401774835 4.0 176
1747401776729 4.090909090909091 180
1747401776729 4.090909090909091 180
1747401779000 4.318181818181818 190
1747401779002 4.318181818181818 190
1747401780965 4.545454545454545 200
1747401780965 4.545454545454545 200
1747401782917 4.7727272727272725 210
1747401782917 4.7727272727272725 210
1747401786478 5.0 220
1747401786478 5.0 220
1747401787091 5.0 220
1747401787091 5.0 220
1747401790081 5.2272727272727275 230
1747401790081 5.2272727272727275 230
1747401792036 5.454545454545454 240
1747401792036 5.454545454545454 240
1747401793999 5.681818181818182 250
1747401793999 5.681818181818182 250
1747401797036 5.909090909090909 260
1747401797038 5.909090909090909 260
1747401798925 6.0 264
1747401798925 6.0 264
1747401801041 6.136363636363637 270
1747401801041 6.136363636363637 270
1747401804604 6.363636363636363 280
1747401804604 6.363636363636363 280
1747401806552 6.590909090909091 290
1747401806568 6.590909090909091 290
1747401808511 6.818181818181818 300
1747401808511 6.818181818181818 300
1747401810556 7.0 308
1747401810572 7.0 308
1747401811860 7.045454545454546 310
1747401811860 7.045454545454546 310
1747401813823 7.2727272727272725 320
1747401813823 7.2727272727272725 320
1747401815764 7.5 330
1747401815764 7.5 330
1747401818297 7.7272727272727275 340
1747401818297 7.7272727272727275 340
1747401821324 7.954545454545455 350
1747401821324 7.954545454545455 350
1747401822208 8.0 352
1747401822208 8.0 352
1747401823097 8.0 352
1747401823097 8.0 352
