1747401731984 3.2817797660827637 10
1747401731984 3.2817797660827637 10
1747401733932 1.3174747228622437 20
1747401733932 1.3174747228622437 20
1747401735878 3.900435209274292 30
1747401735878 3.900435209274292 30
1747401737801 3.688673257827759 40
1747401737801 3.688673257827759 40
1747401741392 5.938347339630127 50
1747401741392 5.938347339630127 50
1747401745001 2.9003591537475586 60
1747401745001 2.9003591537475586 60
1747401748619 4.686019420623779 70
1747401748619 4.686019420623779 70
1747401750554 7.09019136428833 80
1747401750554 7.09019136428833 80
1747401754341 6.255248546600342 90
1747401754341 6.255248546600342 90
1747401756297 4.8680524826049805 100
1747401756297 4.8680524826049805 100
1747401758250 5.656832218170166 110
1747401758250 5.656832218170166 110
1747401760206 3.64949631690979 120
1747401760206 3.64949631690979 120
1747401762188 4.559255599975586 130
1747401762188 4.559255599975586 130
1747401765678 3.1021311283111572 140
1747401765680 3.1021311283111572 140
1747401769276 7.098938465118408 150
1747401769291 7.098938465118408 150
1747401771231 11.990755081176758 160
1747401771231 11.990755081176758 160
1747401773176 11.487224578857422 170
1747401773176 11.487224578857422 170
1747401776729 12.188844680786133 180
1747401776729 12.188844680786133 180
1747401779000 18.335002899169922 190
1747401779002 18.335002899169922 190
1747401780965 2.8441615104675293 200
1747401780965 2.8441615104675293 200
1747401782917 2.0424461364746094 210
1747401782917 2.0424461364746094 210
1747401786478 25.853322982788086 220
1747401786478 25.853322982788086 220
1747401790081 13.69403076171875 230
1747401790081 13.69403076171875 230
1747401792036 0.555940568447113 240
1747401792036 0.555940568447113 240
1747401793999 0.4202572703361511 250
1747401793999 0.4202572703361511 250
1747401797036 2.3904571533203125 260
1747401797038 2.3904571533203125 260
1747401801041 16.995695114135742 270
1747401801041 16.995695114135742 270
1747401804604 20.457378387451172 280
1747401804604 20.457378387451172 280
1747401806552 0.5019906759262085 290
1747401806568 0.5019906759262085 290
1747401808511 1.1770133972167969 300
1747401808511 1.1770133972167969 300
1747401811860 22.330656051635742 310
1747401811860 22.330656051635742 310
1747401813823 0.1013488620519638 320
1747401813823 0.1013488620519638 320
1747401815764 28.5418643951416 330
1747401815764 28.5418643951416 330
1747401818297 1.4382529258728027 340
1747401818297 1.4382529258728027 340
1747401821324 0.14523109793663025 350
1747401821324 0.14523109793663025 350
