1747401731984 4.886363636363637e-05 10
1747401731984 4.886363636363637e-05 10
1747401733932 4.772727272727273e-05 20
1747401733932 4.772727272727273e-05 20
1747401735878 4.659090909090909e-05 30
1747401735878 4.659090909090909e-05 30
1747401737801 4.545454545454546e-05 40
1747401737801 4.545454545454546e-05 40
1747401741392 4.431818181818182e-05 50
1747401741392 4.431818181818182e-05 50
1747401745001 4.318181818181819e-05 60
1747401745001 4.318181818181819e-05 60
1747401748619 4.204545454545455e-05 70
1747401748619 4.204545454545455e-05 70
1747401750554 4.0909090909090915e-05 80
1747401750554 4.0909090909090915e-05 80
1747401754341 3.9772727272727275e-05 90
1747401754341 3.9772727272727275e-05 90
1747401756297 3.8636363636363636e-05 100
1747401756297 3.8636363636363636e-05 100
1747401758250 3.7500000000000003e-05 110
1747401758250 3.7500000000000003e-05 110
1747401760206 3.6363636363636364e-05 120
1747401760206 3.6363636363636364e-05 120
1747401762188 3.522727272727273e-05 130
1747401762188 3.522727272727273e-05 130
1747401765678 3.409090909090909e-05 140
1747401765680 3.409090909090909e-05 140
1747401769276 3.295454545454545e-05 150
1747401769291 3.295454545454545e-05 150
1747401771231 3.181818181818182e-05 160
1747401771231 3.181818181818182e-05 160
1747401773176 3.068181818181818e-05 170
1747401773176 3.068181818181818e-05 170
1747401776729 2.954545454545455e-05 180
1747401776729 2.954545454545455e-05 180
1747401779000 2.8409090909090912e-05 190
1747401779002 2.8409090909090912e-05 190
1747401780965 2.7272727272727273e-05 200
1747401780965 2.7272727272727273e-05 200
1747401782917 2.6136363636363637e-05 210
1747401782917 2.6136363636363637e-05 210
1747401786478 2.5e-05 220
1747401786478 2.5e-05 220
1747401790081 2.3863636363636365e-05 230
1747401790081 2.3863636363636365e-05 230
1747401792036 2.272727272727273e-05 240
1747401792036 2.272727272727273e-05 240
1747401793999 2.1590909090909093e-05 250
1747401793999 2.1590909090909093e-05 250
1747401797036 2.0454545454545457e-05 260
1747401797038 2.0454545454545457e-05 260
1747401801041 1.9318181818181818e-05 270
1747401801041 1.9318181818181818e-05 270
1747401804604 1.8181818181818182e-05 280
1747401804604 1.8181818181818182e-05 280
1747401806552 1.7045454545454546e-05 290
1747401806568 1.7045454545454546e-05 290
1747401808511 1.590909090909091e-05 300
1747401808511 1.590909090909091e-05 300
1747401811860 1.4772727272727274e-05 310
1747401811860 1.4772727272727274e-05 310
1747401813823 1.3636363636363637e-05 320
1747401813823 1.3636363636363637e-05 320
1747401815764 1.25e-05 330
1747401815764 1.25e-05 330
1747401818297 1.1363636363636365e-05 340
1747401818297 1.1363636363636365e-05 340
1747401821324 1.0227272727272729e-05 350
1747401821324 1.0227272727272729e-05 350
