1747401731984 0.6847 10
1747401731984 0.6847 10
1747401733932 0.6839 20
1747401735878 0.6255 30
1747401735878 0.6255 30
1747401737801 0.5722 40
1747401737801 0.5722 40
1747401741392 0.536 50
1747401741392 0.536 50
1747401745001 0.5124 60
1747401745001 0.5124 60
1747401748619 0.6227 70
1747401748619 0.6227 70
1747401750554 0.5013 80
1747401750554 0.5013 80
1747401754341 0.5443 90
1747401754341 0.5443 90
1747401756297 0.4641 100
1747401756297 0.4641 100
1747401758250 0.4517 110
1747401758250 0.4517 110
1747401760206 0.3611 120
1747401760206 0.3611 120
1747401762188 0.3476 130
1747401762188 0.3476 130
1747401765678 0.2867 140
1747401765680 0.2867 140
1747401769276 0.2968 150
1747401769291 0.2968 150
1747401771231 0.3206 160
1747401771231 0.3206 160
1747401773176 0.2344 170
1747401773176 0.2344 170
1747401776729 0.3353 180
1747401776729 0.3353 180
1747401779000 0.2672 190
1747401779002 0.2672 190
1747401780965 0.3038 200
1747401780965 0.3038 200
1747401782917 0.1191 210
1747401782917 0.1191 210
1747401786478 0.1912 220
1747401786478 0.1912 220
1747401790081 0.1041 230
1747401790081 0.1041 230
1747401792036 0.1682 240
1747401792036 0.1682 240
1747401793999 0.1172 250
1747401793999 0.1172 250
1747401797036 0.1649 260
1747401797038 0.1649 260
1747401801041 0.1759 270
1747401801041 0.1759 270
1747401804604 0.4171 280
1747401804604 0.4171 280
1747401806552 0.0594 290
1747401806568 0.0594 290
1747401808511 0.0095 300
1747401808511 0.0095 300
1747401811860 0.1575 310
1747401811860 0.1575 310
1747401813823 0.1505 320
1747401813823 0.1505 320
1747401815764 0.0843 330
1747401815764 0.0843 330
1747401818297 0.1288 340
1747401818297 0.1288 340
1747401821324 0.0112 350
1747401821324 0.0112 350
