1747388882121 0.11235955056179775 10
1747388882123 0.11235955056179775 10
1747388885782 0.2247191011235955 20
1747388885780 0.2247191011235955 20
1747388889503 0.33707865168539325 30
1747388889503 0.33707865168539325 30
1747388893167 0.449438202247191 40
1747388893169 0.449438202247191 40
1747388896873 0.5617977528089888 50
1747388896875 0.5617977528089888 50
1747388900643 0.6741573033707865 60
1747388900643 0.6741573033707865 60
1747388907598 0.7865168539325843 70
1747388907599 0.7865168539325843 70
1747388911285 0.898876404494382 80
1747388911287 0.898876404494382 80
1747388921714 1.0 89
1747388921714 1.0 89
1747388923047 1.0112359550561798 90
1747388923049 1.0112359550561798 90
1747388926717 1.1235955056179776 100
1747388926717 1.1235955056179776 100
1747388932078 1.2359550561797752 110
1747388932078 1.2359550561797752 110
1747388935773 1.348314606741573 120
1747388935773 1.348314606741573 120
1747388941146 1.4606741573033708 130
1747388941146 1.4606741573033708 130
1747388944857 1.5730337078651684 140
1747388944857 1.5730337078651684 140
1747388948585 1.6853932584269664 150
1747388948587 1.6853932584269664 150
1747388952309 1.797752808988764 160
1747388952309 1.797752808988764 160
1747388956038 1.9101123595505618 170
1747388956038 1.9101123595505618 170
1747388961334 2.0 178
1747388961336 2.0 178
1747388963017 2.0224719101123596 180
1747388963017 2.0224719101123596 180
1747388966882 2.134831460674157 190
1747388966882 2.134831460674157 190
1747388970809 2.247191011235955 200
1747388970809 2.247191011235955 200
1747388976353 2.359550561797753 210
1747388976353 2.359550561797753 210
1747388980183 2.4719101123595504 220
1747388980184 2.4719101123595504 220
1747388983942 2.5842696629213484 230
1747388983942 2.5842696629213484 230
1747388987697 2.696629213483146 240
1747388987697 2.696629213483146 240
1747388991474 2.808988764044944 250
1747388991474 2.808988764044944 250
1747388995263 2.9213483146067416 260
1747388995263 2.9213483146067416 260
1747389000097 3.0 267
1747389000097 3.0 267
1747389002213 3.033707865168539 270
1747389002213 3.033707865168539 270
1747389005972 3.146067415730337 280
1747389005972 3.146067415730337 280
1747389011395 3.258426966292135 290
1747389011395 3.258426966292135 290
1747389015162 3.370786516853933 300
1747389015162 3.370786516853933 300
1747389018936 3.4831460674157304 310
1747389018941 3.4831460674157304 310
1747389022722 3.595505617977528 320
1747389022722 3.595505617977528 320
1747389026487 3.7078651685393256 330
1747389026487 3.7078651685393256 330
1747389030276 3.8202247191011236 340
1747389030276 3.8202247191011236 340
1747389035111 3.932584269662921 350
1747389035111 3.932584269662921 350
1747389040186 4.0 356
1747389040186 4.0 356
1747389042608 4.044943820224719 360
1747389042608 4.044943820224719 360
1747389046387 4.157303370786517 370
1747389046387 4.157303370786517 370
1747389050168 4.269662921348314 380
1747389050168 4.269662921348314 380
1747389053943 4.382022471910112 390
1747389053943 4.382022471910112 390
1747389059375 4.49438202247191 400
1747389059375 4.49438202247191 400
1747389063199 4.606741573033708 410
1747389063199 4.606741573033708 410
1747389067117 4.719101123595506 420
1747389067117 4.719101123595506 420
1747389072643 4.831460674157303 430
1747389072643 4.831460674157303 430
1747389078114 4.943820224719101 440
1747389078130 4.943820224719101 440
1747389082282 5.0 445
1747389082282 5.0 445
1747389083531 5.0 445
1747389083531 5.0 445
