1747388882121 1.0751363039016724 10
1747388882123 1.0751363039016724 10
1747388885782 1.8412363529205322 20
1747388885780 1.8412363529205322 20
1747388889503 5.1061930656433105 30
1747388889503 5.1061930656433105 30
1747388893167 2.403714418411255 40
1747388893169 2.403714418411255 40
1747388896873 4.354916572570801 50
1747388896875 4.354916572570801 50
1747388900643 5.515622615814209 60
1747388900643 5.515622615814209 60
1747388907598 5.085956573486328 70
1747388907599 5.085956573486328 70
1747388911285 5.341873645782471 80
1747388911287 5.341873645782471 80
1747388923047 2.3734583854675293 90
1747388923049 2.3734583854675293 90
1747388926717 3.8147201538085938 100
1747388926717 3.8147201538085938 100
1747388932078 3.8274688720703125 110
1747388932078 3.8274688720703125 110
1747388935773 13.232488632202148 120
1747388935773 13.232488632202148 120
1747388941146 6.0568461418151855 130
1747388941146 6.0568461418151855 130
1747388944857 4.019226551055908 140
1747388944857 4.019226551055908 140
1747388948585 7.996143341064453 150
1747388948587 7.996143341064453 150
1747388952309 12.917081832885742 160
1747388952309 12.917081832885742 160
1747388956038 4.035641193389893 170
1747388956038 4.035641193389893 170
1747388963017 3.2375540733337402 180
1747388963017 3.2375540733337402 180
1747388966882 9.365615844726562 190
1747388966882 9.365615844726562 190
1747388970809 10.774394989013672 200
1747388970809 10.774394989013672 200
1747388976353 1.0508499145507812 210
1747388976353 1.0508499145507812 210
1747388980183 0.46653062105178833 220
1747388980184 0.46653062105178833 220
1747388983942 2.306112766265869 230
1747388983942 2.306112766265869 230
1747388987697 0.207510843873024 240
1747388987697 0.207510843873024 240
1747388991474 8.001620292663574 250
1747388991474 8.001620292663574 250
1747388995263 0.9473348259925842 260
1747388995263 0.9473348259925842 260
1747389002213 0.960327684879303 270
1747389002213 0.960327684879303 270
1747389005972 14.542482376098633 280
1747389005972 14.542482376098633 280
1747389011395 16.053274154663086 290
1747389011395 16.053274154663086 290
1747389015162 0.30938154458999634 300
1747389015162 0.30938154458999634 300
1747389018936 0.07205449789762497 310
1747389018941 0.07205449789762497 310
1747389022722 0.08872799575328827 320
1747389022722 0.08872799575328827 320
1747389026487 0.6497742533683777 330
1747389026487 0.6497742533683777 330
1747389030276 0.09247797727584839 340
1747389030276 0.09247797727584839 340
1747389035111 2.386085271835327 350
1747389035111 2.386085271835327 350
1747389042608 0.025773203000426292 360
1747389042608 0.025773203000426292 360
1747389046387 0.28930070996284485 370
1747389046387 0.28930070996284485 370
1747389050168 0.028700577095150948 380
1747389050168 0.028700577095150948 380
1747389053943 0.019385965541005135 390
1747389053943 0.019385965541005135 390
1747389059375 0.03149469941854477 400
1747389059375 0.03149469941854477 400
1747389063199 0.03336983919143677 410
1747389063199 0.03336983919143677 410
1747389067117 0.014718331396579742 420
1747389067117 0.014718331396579742 420
1747389072643 0.0837884470820427 430
1747389072643 0.0837884470820427 430
1747389078114 0.028872938826680183 440
1747389078130 0.028872938826680183 440
