1747388882121 4.943820224719101e-05 10
1747388882123 4.943820224719101e-05 10
1747388885782 4.8876404494382024e-05 20
1747388885780 4.8876404494382024e-05 20
1747388889503 4.831460674157304e-05 30
1747388889503 4.831460674157304e-05 30
1747388893167 4.7752808988764046e-05 40
1747388893169 4.7752808988764046e-05 40
1747388896873 4.719101123595506e-05 50
1747388896875 4.719101123595506e-05 50
1747388900643 4.662921348314607e-05 60
1747388900643 4.662921348314607e-05 60
1747388907598 4.606741573033708e-05 70
1747388907599 4.606741573033708e-05 70
1747388911285 4.550561797752809e-05 80
1747388911287 4.550561797752809e-05 80
1747388923047 4.4943820224719104e-05 90
1747388923049 4.4943820224719104e-05 90
1747388926717 4.438202247191011e-05 100
1747388926717 4.438202247191011e-05 100
1747388932078 4.3820224719101126e-05 110
1747388932078 4.3820224719101126e-05 110
1747388935773 4.3258426966292134e-05 120
1747388935773 4.3258426966292134e-05 120
1747388941146 4.269662921348315e-05 130
1747388941146 4.269662921348315e-05 130
1747388944857 4.2134831460674156e-05 140
1747388944857 4.2134831460674156e-05 140
1747388948585 4.157303370786517e-05 150
1747388948587 4.157303370786517e-05 150
1747388952309 4.1011235955056184e-05 160
1747388952309 4.1011235955056184e-05 160
1747388956038 4.044943820224719e-05 170
1747388956038 4.044943820224719e-05 170
1747388963017 3.98876404494382e-05 180
1747388963017 3.98876404494382e-05 180
1747388966882 3.9325842696629214e-05 190
1747388966882 3.9325842696629214e-05 190
1747388970809 3.876404494382023e-05 200
1747388970809 3.876404494382023e-05 200
1747388976353 3.8202247191011236e-05 210
1747388976353 3.8202247191011236e-05 210
1747388980183 3.764044943820225e-05 220
1747388980184 3.764044943820225e-05 220
1747388983942 3.7078651685393264e-05 230
1747388983942 3.7078651685393264e-05 230
1747388987697 3.651685393258427e-05 240
1747388987697 3.651685393258427e-05 240
1747388991474 3.595505617977528e-05 250
1747388991474 3.595505617977528e-05 250
1747388995263 3.5393258426966294e-05 260
1747388995263 3.5393258426966294e-05 260
1747389002213 3.483146067415731e-05 270
1747389002213 3.483146067415731e-05 270
1747389005972 3.4269662921348316e-05 280
1747389005972 3.4269662921348316e-05 280
1747389011395 3.370786516853933e-05 290
1747389011395 3.370786516853933e-05 290
1747389015162 3.314606741573034e-05 300
1747389015162 3.314606741573034e-05 300
1747389018936 3.258426966292135e-05 310
1747389018941 3.258426966292135e-05 310
1747389022722 3.202247191011236e-05 320
1747389022722 3.202247191011236e-05 320
1747389026487 3.1460674157303374e-05 330
1747389026487 3.1460674157303374e-05 330
1747389030276 3.089887640449438e-05 340
1747389030276 3.089887640449438e-05 340
1747389035111 3.0337078651685396e-05 350
1747389035111 3.0337078651685396e-05 350
1747389042608 2.9775280898876406e-05 360
1747389042608 2.9775280898876406e-05 360
1747389046387 2.9213483146067417e-05 370
1747389046387 2.9213483146067417e-05 370
1747389050168 2.8651685393258425e-05 380
1747389050168 2.8651685393258425e-05 380
1747389053943 2.8089887640449443e-05 390
1747389053943 2.8089887640449443e-05 390
1747389059375 2.752808988764045e-05 400
1747389059375 2.752808988764045e-05 400
1747389063199 2.696629213483146e-05 410
1747389063199 2.696629213483146e-05 410
1747389067117 2.6404494382022472e-05 420
1747389067117 2.6404494382022472e-05 420
1747389072643 2.5842696629213486e-05 430
1747389072643 2.5842696629213486e-05 430
1747389078114 2.5280898876404497e-05 440
1747389078130 2.5280898876404497e-05 440
