1747388882121 0.6183 10
1747388882123 0.6183 10
1747388885782 0.6171 20
1747388889503 0.5081 30
1747388889503 0.5081 30
1747388893167 0.5917 40
1747388893169 0.5917 40
1747388896873 0.4459 50
1747388896875 0.4459 50
1747388900643 0.5058 60
1747388900643 0.5058 60
1747388907598 0.5197 70
1747388907599 0.5197 70
1747388911285 0.5603 80
1747388911287 0.5603 80
1747388923047 0.4443 90
1747388923049 0.4443 90
1747388926717 0.2871 100
1747388926717 0.2871 100
1747388932078 0.3042 110
1747388932078 0.3042 110
1747388935773 0.4856 120
1747388935773 0.4856 120
1747388941146 0.3442 130
1747388941146 0.3442 130
1747388944857 0.269 140
1747388944857 0.269 140
1747388948585 0.3048 150
1747388948587 0.3048 150
1747388952309 0.3978 160
1747388952309 0.3978 160
1747388956038 0.327 170
1747388956038 0.327 170
1747388963017 0.1817 180
1747388963017 0.1817 180
1747388966882 0.1696 190
1747388966882 0.1696 190
1747388970809 0.0847 200
1747388970809 0.0847 200
1747388976353 0.1423 210
1747388976353 0.1423 210
1747388980183 0.1023 220
1747388980184 0.1023 220
1747388983942 0.1472 230
1747388983942 0.1472 230
1747388987697 0.1206 240
1747388987697 0.1206 240
1747388991474 0.2136 250
1747388991474 0.2136 250
1747388995263 0.1482 260
1747388995263 0.1482 260
1747389002213 0.1638 270
1747389002213 0.1638 270
1747389005972 0.0895 280
1747389005972 0.0895 280
1747389011395 0.1251 290
1747389011395 0.1251 290
1747389015162 0.069 300
1747389015162 0.069 300
1747389018936 0.015 310
1747389018941 0.015 310
1747389022722 0.0526 320
1747389022722 0.0526 320
1747389026487 0.0531 330
1747389026487 0.0531 330
1747389030276 0.0439 340
1747389030276 0.0439 340
1747389035111 0.1122 350
1747389035111 0.1122 350
1747389042608 0.0489 360
1747389042608 0.0489 360
1747389046387 0.0024 370
1747389046387 0.0024 370
1747389050168 0.0119 380
1747389050168 0.0119 380
1747389053943 0.0526 390
1747389053943 0.0526 390
1747389059375 0.0072 400
1747389059375 0.0072 400
1747389063199 0.0016 410
1747389063199 0.0016 410
1747389067117 0.002 420
1747389067117 0.002 420
1747389072643 0.0011 430
1747389072643 0.0011 430
1747389078114 0.0059 440
1747389078130 0.0059 440
