1747369676949 0.11235955056179775 10
1747369676950 0.11235955056179775 10
1747369683195 0.2247191011235955 20
1747369683199 0.2247191011235955 20
1747369687336 0.33707865168539325 30
1747369687337 0.33707865168539325 30
1747369690931 0.449438202247191 40
1747369690932 0.449438202247191 40
1747369696172 0.5617977528089888 50
1747369696171 0.5617977528089888 50
1747369699847 0.6741573033707865 60
1747369699846 0.6741573033707865 60
1747369703564 0.7865168539325843 70
1747369703564 0.7865168539325843 70
1747369707207 0.898876404494382 80
1747369707208 0.898876404494382 80
1747369715727 1.0 89
1747369715732 1.0 89
1747369717873 1.0112359550561798 90
1747369717873 1.0112359550561798 90
1747369721519 1.1235955056179776 100
1747369721520 1.1235955056179776 100
1747369725164 1.2359550561797752 110
1747369725165 1.2359550561797752 110
1747369728822 1.348314606741573 120
1747369728822 1.348314606741573 120
1747369732479 1.4606741573033708 130
1747369732480 1.4606741573033708 130
1747369736365 1.5730337078651684 140
1747369736366 1.5730337078651684 140
1747369740041 1.6853932584269664 150
1747369740042 1.6853932584269664 150
1747369745334 1.797752808988764 160
1747369745335 1.797752808988764 160
1747369750620 1.9101123595505618 170
1747369750621 1.9101123595505618 170
1747369755821 2.0 178
1747369755821 2.0 178
1747369757924 2.0224719101123596 180
1747369757925 2.0224719101123596 180
1747369764818 2.134831460674157 190
1747369764819 2.134831460674157 190
1747369768518 2.247191011235955 200
1747369768519 2.247191011235955 200
1747369772223 2.359550561797753 210
1747369772224 2.359550561797753 210
1747369775928 2.4719101123595504 220
1747369775929 2.4719101123595504 220
1747369779643 2.5842696629213484 230
1747369779645 2.5842696629213484 230
1747369783360 2.696629213483146 240
1747369783360 2.696629213483146 240
1747369788680 2.808988764044944 250
1747369788681 2.808988764044944 250
1747369793997 2.9213483146067416 260
1747369793998 2.9213483146067416 260
1747369798860 3.0 267
1747369798861 3.0 267
1747369801354 3.033707865168539 270
1747369801354 3.033707865168539 270
1747369808294 3.146067415730337 280
1747369808294 3.146067415730337 280
1747369813613 3.258426966292135 290
1747369813614 3.258426966292135 290
1747369818947 3.370786516853933 300
1747369818948 3.370786516853933 300
1747369824354 3.4831460674157304 310
1747369824354 3.4831460674157304 310
1747369828131 3.595505617977528 320
1747369828132 3.595505617977528 320
1747369833516 3.7078651685393256 330
1747369833516 3.7078651685393256 330
1747369837278 3.8202247191011236 340
1747369837279 3.8202247191011236 340
1747369841067 3.932584269662921 350
1747369841068 3.932584269662921 350
1747369845806 4.0 356
1747369845807 4.0 356
1747369848753 4.044943820224719 360
1747369848754 4.044943820224719 360
1747369852511 4.157303370786517 370
1747369852512 4.157303370786517 370
1747369856282 4.269662921348314 380
1747369856282 4.269662921348314 380
1747369861678 4.382022471910112 390
1747369861679 4.382022471910112 390
1747369865449 4.49438202247191 400
1747369865450 4.49438202247191 400
1747369869231 4.606741573033708 410
1747369869232 4.606741573033708 410
1747369873023 4.719101123595506 420
1747369873023 4.719101123595506 420
1747369876811 4.831460674157303 430
1747369876812 4.831460674157303 430
1747369882202 4.943820224719101 440
1747369882202 4.943820224719101 440
1747369886409 5.0 445
1747369886411 5.0 445
1747369887951 5.0 445
1747369887950 5.0 445
