1747369676949 4.926340103149414 10
1747369676950 4.926340103149414 10
1747369683195 8.094146728515625 20
1747369683199 8.094146728515625 20
1747369687336 4.593045234680176 30
1747369687337 4.593045234680176 30
1747369690931 5.861287593841553 40
1747369690932 5.861287593841553 40
1747369696172 3.9074952602386475 50
1747369696171 3.9074952602386475 50
1747369699846 5.210980415344238 60
1747369699847 5.210980415344238 60
1747369703564 5.37773323059082 70
1747369703564 5.37773323059082 70
1747369707207 7.371462821960449 80
1747369707208 7.371462821960449 80
1747369717873 6.182162761688232 90
1747369717873 6.182162761688232 90
1747369721519 5.135560989379883 100
1747369721520 5.135560989379883 100
1747369725164 5.087747573852539 110
1747369725165 5.087747573852539 110
1747369728822 4.254413604736328 120
1747369728822 4.254413604736328 120
1747369732479 6.989350318908691 130
1747369732480 6.989350318908691 130
1747369736365 7.247507572174072 140
1747369736366 7.247507572174072 140
1747369740041 9.251710891723633 150
1747369740042 9.251710891723633 150
1747369745334 8.619989395141602 160
1747369745335 8.619989395141602 160
1747369750620 9.066414833068848 170
1747369750621 9.066414833068848 170
1747369757924 12.942001342773438 180
1747369757925 12.942001342773438 180
1747369764818 18.09463882446289 190
1747369764819 18.09463882446289 190
1747369768518 9.564115524291992 200
1747369768519 9.564115524291992 200
1747369772223 10.520084381103516 210
1747369772224 10.520084381103516 210
1747369775928 2.7932634353637695 220
1747369775929 2.7932634353637695 220
1747369779643 6.3536696434021 230
1747369779645 6.3536696434021 230
1747369783360 14.994124412536621 240
1747369783360 14.994124412536621 240
1747369788680 10.535767555236816 250
1747369788681 10.535767555236816 250
1747369793997 5.305882453918457 260
1747369793998 5.305882453918457 260
1747369801354 6.032726764678955 270
1747369801354 6.032726764678955 270
1747369808294 2.0692200660705566 280
1747369808294 2.0692200660705566 280
1747369813613 2.078320026397705 290
1747369813614 2.078320026397705 290
1747369818947 26.24630355834961 300
1747369818948 26.24630355834961 300
1747369824354 3.8167519569396973 310
1747369824354 3.8167519569396973 310
1747369828131 24.645122528076172 320
1747369828132 24.645122528076172 320
1747369833516 18.192237854003906 330
1747369833516 18.192237854003906 330
1747369837278 6.897662162780762 340
1747369837279 6.897662162780762 340
1747369841067 2.6613717079162598 350
1747369841068 2.6613717079162598 350
1747369848753 5.307931423187256 360
1747369848754 5.307931423187256 360
1747369852511 2.7455973625183105 370
1747369852512 2.7455973625183105 370
1747369856282 5.919520854949951 380
1747369856282 5.919520854949951 380
1747369861678 0.642109751701355 390
1747369861679 0.642109751701355 390
1747369865449 8.62639045715332 400
1747369865450 8.62639045715332 400
1747369869231 2.70920991897583 410
1747369869232 2.70920991897583 410
1747369873023 0.5806728005409241 420
1747369873023 0.5806728005409241 420
1747369876811 2.2393486499786377 430
1747369876812 2.2393486499786377 430
1747369882202 17.406993865966797 440
1747369882202 17.406993865966797 440
