1747369676949 9.887640449438202e-06 10
1747369676950 9.887640449438202e-06 10
1747369683195 9.775280898876405e-06 20
1747369683199 9.775280898876405e-06 20
1747369687336 9.662921348314608e-06 30
1747369687337 9.662921348314608e-06 30
1747369690931 9.55056179775281e-06 40
1747369690932 9.55056179775281e-06 40
1747369696172 9.438202247191012e-06 50
1747369696171 9.438202247191012e-06 50
1747369699846 9.325842696629213e-06 60
1747369699847 9.325842696629213e-06 60
1747369703564 9.213483146067417e-06 70
1747369703564 9.213483146067417e-06 70
1747369707207 9.101123595505619e-06 80
1747369707208 9.101123595505619e-06 80
1747369717873 8.988764044943822e-06 90
1747369717873 8.988764044943822e-06 90
1747369721519 8.876404494382023e-06 100
1747369721520 8.876404494382023e-06 100
1747369725164 8.764044943820226e-06 110
1747369725165 8.764044943820226e-06 110
1747369728822 8.651685393258428e-06 120
1747369728822 8.651685393258428e-06 120
1747369732479 8.53932584269663e-06 130
1747369732480 8.53932584269663e-06 130
1747369736365 8.426966292134832e-06 140
1747369736366 8.426966292134832e-06 140
1747369740041 8.314606741573035e-06 150
1747369740042 8.314606741573035e-06 150
1747369745334 8.202247191011237e-06 160
1747369745335 8.202247191011237e-06 160
1747369750620 8.08988764044944e-06 170
1747369750621 8.08988764044944e-06 170
1747369757924 7.97752808988764e-06 180
1747369757925 7.97752808988764e-06 180
1747369764818 7.865168539325843e-06 190
1747369764819 7.865168539325843e-06 190
1747369768518 7.752808988764046e-06 200
1747369768519 7.752808988764046e-06 200
1747369772223 7.640449438202247e-06 210
1747369772224 7.640449438202247e-06 210
1747369775928 7.5280898876404495e-06 220
1747369775929 7.5280898876404495e-06 220
1747369779643 7.415730337078652e-06 230
1747369779645 7.415730337078652e-06 230
1747369783360 7.303370786516854e-06 240
1747369783360 7.303370786516854e-06 240
1747369788680 7.191011235955056e-06 250
1747369788681 7.191011235955056e-06 250
1747369793997 7.078651685393258e-06 260
1747369793998 7.078651685393258e-06 260
1747369801354 6.966292134831461e-06 270
1747369801354 6.966292134831461e-06 270
1747369808294 6.853932584269663e-06 280
1747369808294 6.853932584269663e-06 280
1747369813613 6.741573033707865e-06 290
1747369813614 6.741573033707865e-06 290
1747369818947 6.629213483146067e-06 300
1747369818948 6.629213483146067e-06 300
1747369824354 6.51685393258427e-06 310
1747369824354 6.51685393258427e-06 310
1747369828131 6.404494382022472e-06 320
1747369828132 6.404494382022472e-06 320
1747369833516 6.292134831460674e-06 330
1747369833516 6.292134831460674e-06 330
1747369837278 6.179775280898876e-06 340
1747369837279 6.179775280898876e-06 340
1747369841067 6.06741573033708e-06 350
1747369841068 6.06741573033708e-06 350
1747369848753 5.955056179775281e-06 360
1747369848754 5.955056179775281e-06 360
1747369852511 5.842696629213483e-06 370
1747369852512 5.842696629213483e-06 370
1747369856282 5.730337078651685e-06 380
1747369856282 5.730337078651685e-06 380
1747369861678 5.617977528089889e-06 390
1747369861679 5.617977528089889e-06 390
1747369865449 5.50561797752809e-06 400
1747369865450 5.50561797752809e-06 400
1747369869231 5.393258426966292e-06 410
1747369869232 5.393258426966292e-06 410
1747369873023 5.280898876404494e-06 420
1747369873023 5.280898876404494e-06 420
1747369876811 5.168539325842698e-06 430
1747369876812 5.168539325842698e-06 430
1747369882202 5.0561797752809e-06 440
1747369882202 5.0561797752809e-06 440
