1747369676949 0.6516 10
1747369676950 0.6516 10
1747369683195 0.6167 20
1747369683199 0.6167 20
1747369687336 0.6592 30
1747369687337 0.6592 30
1747369690931 0.5908 40
1747369690932 0.5908 40
1747369696171 0.5967 50
1747369696172 0.5967 50
1747369699846 0.5919 60
1747369699847 0.5919 60
1747369703564 0.5473 70
1747369703564 0.5473 70
1747369707207 0.5329 80
1747369707208 0.5329 80
1747369717873 0.4666 90
1747369717873 0.4666 90
1747369721519 0.4348 100
1747369721520 0.4348 100
1747369725164 0.4484 110
1747369725165 0.4484 110
1747369728822 0.3796 120
1747369728822 0.3796 120
1747369732479 0.4923 130
1747369732480 0.4923 130
1747369736365 0.373 140
1747369736366 0.373 140
1747369740041 0.385 150
1747369740042 0.385 150
1747369745334 0.3848 160
1747369745335 0.3848 160
1747369750620 0.3406 170
1747369750621 0.3406 170
1747369757924 0.3717 180
1747369757925 0.3717 180
1747369764818 0.3296 190
1747369764819 0.3296 190
1747369768518 0.3177 200
1747369768519 0.3177 200
1747369772223 0.3031 210
1747369772224 0.3031 210
1747369775928 0.2241 220
1747369775929 0.2241 220
1747369779643 0.2324 230
1747369779645 0.2324 230
1747369783360 0.2099 240
1747369783360 0.2099 240
1747369788680 0.2294 250
1747369788681 0.2294 250
1747369793997 0.1811 260
1747369793998 0.1811 260
1747369801354 0.1754 270
1747369801354 0.1754 270
1747369808294 0.115 280
1747369808294 0.115 280
1747369813613 0.1453 290
1747369813614 0.1453 290
1747369818947 0.1592 300
1747369818948 0.1592 300
1747369824354 0.1639 310
1747369824354 0.1639 310
1747369828131 0.1313 320
1747369828132 0.1313 320
1747369833516 0.2604 330
1747369833516 0.2604 330
1747369837278 0.1191 340
1747369837279 0.1191 340
1747369841067 0.2056 350
1747369841068 0.2056 350
1747369848753 0.1209 360
1747369848754 0.1209 360
1747369852511 0.0654 370
1747369852512 0.0654 370
1747369856282 0.0646 380
1747369856282 0.0646 380
1747369861678 0.1091 390
1747369861679 0.1091 390
1747369865449 0.1153 400
1747369865450 0.1153 400
1747369869231 0.0649 410
1747369869232 0.0649 410
1747369873023 0.1404 420
1747369873023 0.1404 420
1747369876811 0.0704 430
1747369876812 0.0704 430
1747369882202 0.0272 440
1747369882202 0.0272 440
