1747388389161 0.11235955056179775 10
1747388389163 0.11235955056179775 10
1747388392889 0.2247191011235955 20
1747388392889 0.2247191011235955 20
1747388398316 0.33707865168539325 30
1747388398316 0.33707865168539325 30
1747388402103 0.449438202247191 40
1747388402103 0.449438202247191 40
1747388405963 0.5617977528089888 50
1747388405963 0.5617977528089888 50
1747388409759 0.6741573033707865 60
1747388409759 0.6741573033707865 60
1747388413567 0.7865168539325843 70
1747388413567 0.7865168539325843 70
1747388417494 0.898876404494382 80
1747388417494 0.898876404494382 80
1747388423170 1.0 89
1747388423170 1.0 89
1747388424528 1.0112359550561798 90
1747388424530 1.0112359550561798 90
1747388428431 1.1235955056179776 100
1747388428431 1.1235955056179776 100
1747388432331 1.2359550561797752 110
1747388432331 1.2359550561797752 110
1747388436198 1.348314606741573 120
1747388436199 1.348314606741573 120
1747388440089 1.4606741573033708 130
1747388440090 1.4606741573033708 130
1747388444006 1.5730337078651684 140
1747388444008 1.5730337078651684 140
1747388447877 1.6853932584269664 150
1747388447879 1.6853932584269664 150
1747388451847 1.797752808988764 160
1747388451848 1.797752808988764 160
1747388455830 1.9101123595505618 170
1747388455831 1.9101123595505618 170
1747388462954 2.0 178
1747388462955 2.0 178
1747388465032 2.0224719101123596 180
1747388465033 2.0224719101123596 180
1747388468903 2.134831460674157 190
1747388468904 2.134831460674157 190
1747388472819 2.247191011235955 200
1747388472819 2.247191011235955 200
1747388476691 2.359550561797753 210
1747388476691 2.359550561797753 210
1747388480505 2.4719101123595504 220
1747388480506 2.4719101123595504 220
1747388484331 2.5842696629213484 230
1747388484331 2.5842696629213484 230
1747388489783 2.696629213483146 240
1747388489785 2.696629213483146 240
1747388493851 2.808988764044944 250
1747388493852 2.808988764044944 250
1747388497857 2.9213483146067416 260
1747388497859 2.9213483146067416 260
1747388502849 3.0 267
1747388502850 3.0 267
1747388505051 3.033707865168539 270
1747388505052 3.033707865168539 270
1747388509066 3.146067415730337 280
1747388509065 3.146067415730337 280
1747388514530 3.258426966292135 290
1747388514531 3.258426966292135 290
1747388519954 3.370786516853933 300
1747388519954 3.370786516853933 300
1747388523759 3.4831460674157304 310
1747388523760 3.4831460674157304 310
1747388527566 3.595505617977528 320
1747388527566 3.595505617977528 320
1747388531381 3.7078651685393256 330
1747388531382 3.7078651685393256 330
1747388535200 3.8202247191011236 340
1747388535202 3.8202247191011236 340
1747388539019 3.932584269662921 350
1747388539020 3.932584269662921 350
1747388543565 4.0 356
1747388543566 4.0 356
1747388546394 4.044943820224719 360
1747388546395 4.044943820224719 360
1747388550365 4.157303370786517 370
1747388550366 4.157303370786517 370
1747388556065 4.269662921348314 380
1747388556066 4.269662921348314 380
1747388560006 4.382022471910112 390
1747388560007 4.382022471910112 390
1747388563936 4.49438202247191 400
1747388563938 4.49438202247191 400
1747388567905 4.606741573033708 410
1747388567905 4.606741573033708 410
1747388573488 4.719101123595506 420
1747388573489 4.719101123595506 420
1747388577326 4.831460674157303 430
1747388577327 4.831460674157303 430
1747388581182 4.943820224719101 440
1747388581183 4.943820224719101 440
1747388585355 5.0 445
1747388585356 5.0 445
1747388586334 5.0 445
1747388586335 5.0 445
