1747388389161 1.244037389755249 10
1747388389163 1.244037389755249 10
1747388392889 1.1863927841186523 20
1747388392889 1.1863927841186523 20
1747388398316 2.452316999435425 30
1747388398316 2.452316999435425 30
1747388402103 3.6160130500793457 40
1747388402103 3.6160130500793457 40
1747388405963 2.273463487625122 50
1747388405963 2.273463487625122 50
1747388409759 3.2802348136901855 60
1747388409759 3.2802348136901855 60
1747388413567 3.393723487854004 70
1747388413567 3.393723487854004 70
1747388417494 3.6360583305358887 80
1747388417494 3.6360583305358887 80
1747388424528 5.179222106933594 90
1747388424530 5.179222106933594 90
1747388428431 5.340646266937256 100
1747388428431 5.340646266937256 100
1747388432331 13.929935455322266 110
1747388432331 13.929935455322266 110
1747388436198 6.3508524894714355 120
1747388436199 6.3508524894714355 120
1747388440089 2.8906943798065186 130
1747388440090 2.8906943798065186 130
1747388444006 4.069380283355713 140
1747388444008 4.069380283355713 140
1747388447877 2.3294875621795654 150
1747388447879 2.3294875621795654 150
1747388451847 6.476284980773926 160
1747388451848 6.476284980773926 160
1747388455830 13.156150817871094 170
1747388455831 13.156150817871094 170
1747388465032 5.850224494934082 180
1747388465033 5.850224494934082 180
1747388468903 10.128941535949707 190
1747388468904 10.128941535949707 190
1747388472819 1.930715799331665 200
1747388472819 1.930715799331665 200
1747388476691 4.920588493347168 210
1747388476691 4.920588493347168 210
1747388480505 0.0992407277226448 220
1747388480506 0.0992407277226448 220
1747388484331 4.396608829498291 230
1747388484331 4.396608829498291 230
1747388489783 1.7408490180969238 240
1747388489785 1.7408490180969238 240
1747388493851 0.8069762587547302 250
1747388493852 0.8069762587547302 250
1747388497857 16.30906105041504 260
1747388497859 16.30906105041504 260
1747388505051 0.0725739449262619 270
1747388505052 0.0725739449262619 270
1747388509066 9.048255920410156 280
1747388509065 9.048255920410156 280
1747388514530 5.997652053833008 290
1747388514531 5.997652053833008 290
1747388519954 0.6844469308853149 300
1747388519954 0.6844469308853149 300
1747388523759 0.09708856791257858 310
1747388523760 0.09708856791257858 310
1747388527566 1.7118568420410156 320
1747388527566 1.7118568420410156 320
1747388531381 0.032462459057569504 330
1747388531382 0.032462459057569504 330
1747388535200 0.04772438108921051 340
1747388535202 0.04772438108921051 340
1747388539019 0.11944106966257095 350
1747388539020 0.11944106966257095 350
1747388546394 89.86206817626953 360
1747388546395 89.86206817626953 360
1747388550365 1.724153995513916 370
1747388550366 1.724153995513916 370
1747388556065 0.0371696874499321 380
1747388556066 0.0371696874499321 380
1747388560006 0.02954912558197975 390
1747388560007 0.02954912558197975 390
1747388563936 0.03112376108765602 400
1747388563938 0.03112376108765602 400
1747388567905 0.021469181403517723 410
1747388567905 0.021469181403517723 410
1747388573488 0.04315120354294777 420
1747388573489 0.04315120354294777 420
1747388577326 0.06407175958156586 430
1747388577327 0.06407175958156586 430
1747388581182 0.018124975264072418 440
1747388581183 0.018124975264072418 440
