1747388389161 4.943820224719101e-05 10
1747388389163 4.943820224719101e-05 10
1747388392889 4.8876404494382024e-05 20
1747388392889 4.8876404494382024e-05 20
1747388398316 4.831460674157304e-05 30
1747388398316 4.831460674157304e-05 30
1747388402103 4.7752808988764046e-05 40
1747388402103 4.7752808988764046e-05 40
1747388405963 4.719101123595506e-05 50
1747388405963 4.719101123595506e-05 50
1747388409759 4.662921348314607e-05 60
1747388409759 4.662921348314607e-05 60
1747388413567 4.606741573033708e-05 70
1747388413567 4.606741573033708e-05 70
1747388417494 4.550561797752809e-05 80
1747388417494 4.550561797752809e-05 80
1747388424528 4.4943820224719104e-05 90
1747388424530 4.4943820224719104e-05 90
1747388428431 4.438202247191011e-05 100
1747388428431 4.438202247191011e-05 100
1747388432331 4.3820224719101126e-05 110
1747388432331 4.3820224719101126e-05 110
1747388436198 4.3258426966292134e-05 120
1747388436199 4.3258426966292134e-05 120
1747388440089 4.269662921348315e-05 130
1747388440090 4.269662921348315e-05 130
1747388444006 4.2134831460674156e-05 140
1747388444008 4.2134831460674156e-05 140
1747388447877 4.157303370786517e-05 150
1747388447879 4.157303370786517e-05 150
1747388451847 4.1011235955056184e-05 160
1747388451848 4.1011235955056184e-05 160
1747388455830 4.044943820224719e-05 170
1747388455831 4.044943820224719e-05 170
1747388465032 3.98876404494382e-05 180
1747388465033 3.98876404494382e-05 180
1747388468903 3.9325842696629214e-05 190
1747388468904 3.9325842696629214e-05 190
1747388472819 3.876404494382023e-05 200
1747388472819 3.876404494382023e-05 200
1747388476691 3.8202247191011236e-05 210
1747388476691 3.8202247191011236e-05 210
1747388480505 3.764044943820225e-05 220
1747388480506 3.764044943820225e-05 220
1747388484331 3.7078651685393264e-05 230
1747388484331 3.7078651685393264e-05 230
1747388489783 3.651685393258427e-05 240
1747388489785 3.651685393258427e-05 240
1747388493851 3.595505617977528e-05 250
1747388493852 3.595505617977528e-05 250
1747388497857 3.5393258426966294e-05 260
1747388497859 3.5393258426966294e-05 260
1747388505051 3.483146067415731e-05 270
1747388505052 3.483146067415731e-05 270
1747388509066 3.4269662921348316e-05 280
1747388509065 3.4269662921348316e-05 280
1747388514530 3.370786516853933e-05 290
1747388514531 3.370786516853933e-05 290
1747388519954 3.314606741573034e-05 300
1747388519954 3.314606741573034e-05 300
1747388523759 3.258426966292135e-05 310
1747388523760 3.258426966292135e-05 310
1747388527566 3.202247191011236e-05 320
1747388527566 3.202247191011236e-05 320
1747388531381 3.1460674157303374e-05 330
1747388531382 3.1460674157303374e-05 330
1747388535200 3.089887640449438e-05 340
1747388535202 3.089887640449438e-05 340
1747388539019 3.0337078651685396e-05 350
1747388539020 3.0337078651685396e-05 350
1747388546394 2.9775280898876406e-05 360
1747388546395 2.9775280898876406e-05 360
1747388550365 2.9213483146067417e-05 370
1747388550366 2.9213483146067417e-05 370
1747388556065 2.8651685393258425e-05 380
1747388556066 2.8651685393258425e-05 380
1747388560006 2.8089887640449443e-05 390
1747388560007 2.8089887640449443e-05 390
1747388563936 2.752808988764045e-05 400
1747388563938 2.752808988764045e-05 400
1747388567905 2.696629213483146e-05 410
1747388567905 2.696629213483146e-05 410
1747388573488 2.6404494382022472e-05 420
1747388573489 2.6404494382022472e-05 420
1747388577326 2.5842696629213486e-05 430
1747388577327 2.5842696629213486e-05 430
1747388581182 2.5280898876404497e-05 440
1747388581183 2.5280898876404497e-05 440
