1747388389161 0.6359 10
1747388389163 0.6359 10
1747388392889 0.6396 20
1747388392889 0.6396 20
1747388398316 0.558 30
1747388398316 0.558 30
1747388402103 0.5821 40
1747388402103 0.5821 40
1747388405963 0.5085 50
1747388405963 0.5085 50
1747388409759 0.5169 60
1747388409759 0.5169 60
1747388413567 0.4013 70
1747388413567 0.4013 70
1747388417494 0.3923 80
1747388417494 0.3923 80
1747388424528 0.4444 90
1747388424530 0.4444 90
1747388428431 0.2753 100
1747388428431 0.2753 100
1747388432331 0.2051 110
1747388432331 0.2051 110
1747388436198 0.3449 120
1747388436199 0.3449 120
1747388440089 0.2382 130
1747388440090 0.2382 130
1747388444006 0.2076 140
1747388444008 0.2076 140
1747388447877 0.2553 150
1747388447879 0.2553 150
1747388451847 0.3379 160
1747388451848 0.3379 160
1747388455830 0.2639 170
1747388455831 0.2639 170
1747388465032 0.2201 180
1747388465033 0.2201 180
1747388468903 0.1398 190
1747388468904 0.1398 190
1747388472819 0.079 200
1747388472819 0.079 200
1747388476691 0.1755 210
1747388476691 0.1755 210
1747388480505 0.0724 220
1747388480506 0.0724 220
1747388484331 0.2868 230
1747388484331 0.2868 230
1747388489783 0.1445 240
1747388489785 0.1445 240
1747388493851 0.095 250
1747388493852 0.095 250
1747388497857 0.0762 260
1747388497859 0.0762 260
1747388505051 0.0683 270
1747388505052 0.0683 270
1747388509066 0.0382 280
1747388509065 0.0382 280
1747388514530 0.0149 290
1747388514531 0.0149 290
1747388519954 0.0046 300
1747388519954 0.0046 300
1747388523759 0.0652 310
1747388523760 0.0652 310
1747388527566 0.0493 320
1747388527566 0.0493 320
1747388531381 0.0363 330
1747388531382 0.0363 330
1747388535200 0.0352 340
1747388535202 0.0352 340
1747388539019 0.1245 350
1747388539020 0.1245 350
1747388546394 0.0795 360
1747388546395 0.0795 360
1747388550365 0.003 370
1747388550366 0.003 370
1747388556065 0.0017 380
1747388556066 0.0017 380
1747388560006 0.0707 390
1747388560007 0.0707 390
1747388563936 0.0021 400
1747388563938 0.0021 400
1747388567905 0.03 410
1747388567905 0.03 410
1747388573488 0.0022 420
1747388573489 0.0022 420
1747388577326 0.0136 430
1747388577327 0.0136 430
1747388581182 0.0904 440
1747388581183 0.0904 440
