1747393440900 0.10638297872340426 10
1747393440898 0.10638297872340426 10
1747393444655 0.2127659574468085 20
1747393444656 0.2127659574468085 20
1747393448458 0.3191489361702128 30
1747393448460 0.3191489361702128 30
1747393452327 0.425531914893617 40
1747393452329 0.425531914893617 40
1747393456198 0.5319148936170213 50
1747393456199 0.5319148936170213 50
1747393460068 0.6382978723404256 60
1747393460070 0.6382978723404256 60
1747393464003 0.7446808510638298 70
1747393464004 0.7446808510638298 70
1747393467865 0.851063829787234 80
1747393467867 0.851063829787234 80
1747393471839 0.9574468085106383 90
1747393471837 0.9574468085106383 90
1747393475832 1.0 94
1747393475834 1.0 94
1747393479702 1.0638297872340425 100
1747393479703 1.0638297872340425 100
1747393483539 1.1702127659574468 110
1747393483537 1.1702127659574468 110
1747393487309 1.2765957446808511 120
1747393487310 1.2765957446808511 120
1747393491302 1.3829787234042552 130
1747393491303 1.3829787234042552 130
1747393495249 1.4893617021276595 140
1747393495251 1.4893617021276595 140
1747393499233 1.5957446808510638 150
1747393499234 1.5957446808510638 150
1747393503172 1.702127659574468 160
1747393503173 1.702127659574468 160
1747393507055 1.8085106382978724 170
1747393507056 1.8085106382978724 170
1747393510846 1.9148936170212765 180
1747393510847 1.9148936170212765 180
1747393516199 2.0 188
1747393516200 2.0 188
1747393518408 2.021276595744681 190
1747393518409 2.021276595744681 190
1747393522220 2.127659574468085 200
1747393522224 2.127659574468085 200
1747393526042 2.2340425531914896 210
1747393526043 2.2340425531914896 210
1747393529849 2.3404255319148937 220
1747393529848 2.3404255319148937 220
1747393533621 2.4468085106382977 230
1747393533623 2.4468085106382977 230
1747393537394 2.5531914893617023 240
1747393537396 2.5531914893617023 240
1747393541192 2.6595744680851063 250
1747393541193 2.6595744680851063 250
1747393544972 2.7659574468085104 260
1747393544973 2.7659574468085104 260
1747393548756 2.872340425531915 270
1747393548757 2.872340425531915 270
1747393552553 2.978723404255319 280
1747393552555 2.978723404255319 280
1747393555673 3.0 282
1747393555674 3.0 282
1747393560172 3.0851063829787235 290
1747393560171 3.0851063829787235 290
1747393564024 3.1914893617021276 300
1747393564025 3.1914893617021276 300
1747393567985 3.297872340425532 310
1747393567987 3.297872340425532 310
1747393571948 3.404255319148936 320
1747393571949 3.404255319148936 320
1747393575869 3.5106382978723403 330
1747393575870 3.5106382978723403 330
1747393579820 3.617021276595745 340
1747393579821 3.617021276595745 340
1747393583675 3.723404255319149 350
1747393583677 3.723404255319149 350
1747393587715 3.829787234042553 360
1747393587717 3.829787234042553 360
1747393591631 3.9361702127659575 370
1747393591633 3.9361702127659575 370
1747393596318 4.0 376
1747393596319 4.0 376
1747393599467 4.042553191489362 380
1747393599469 4.042553191489362 380
1747393603258 4.148936170212766 390
1747393603259 4.148936170212766 390
1747393607045 4.25531914893617 400
1747393607046 4.25531914893617 400
1747393610865 4.361702127659575 410
1747393610866 4.361702127659575 410
1747393614707 4.468085106382979 420
1747393614708 4.468085106382979 420
1747393618518 4.574468085106383 430
1747393618519 4.574468085106383 430
1747393622313 4.680851063829787 440
1747393622315 4.680851063829787 440
1747393626120 4.787234042553192 450
1747393626122 4.787234042553192 450
1747393629920 4.8936170212765955 460
1747393629922 4.8936170212765955 460
1747393633579 5.0 470
1747393633580 5.0 470
1747393636119 5.0 470
1747393636121 5.0 470
1747393641478 5.1063829787234045 480
1747393641480 5.1063829787234045 480
1747393645393 5.212765957446808 490
1747393645395 5.212765957446808 490
1747393649411 5.319148936170213 500
1747393649412 5.319148936170213 500
1747393653446 5.425531914893617 510
1747393653448 5.425531914893617 510
1747393659115 5.531914893617021 520
1747393659117 5.531914893617021 520
1747393663056 5.638297872340425 530
1747393663057 5.638297872340425 530
1747393666973 5.74468085106383 540
1747393666974 5.74468085106383 540
1747393670921 5.851063829787234 550
1747393670922 5.851063829787234 550
1747393674858 5.957446808510638 560
1747393674860 5.957446808510638 560
1747393678904 6.0 564
1747393678906 6.0 564
1747393680461 6.0 564
1747393680462 6.0 564
