1747393440900 2.334376096725464 10
1747393440898 2.334376096725464 10
1747393444655 5.069765567779541 20
1747393444656 5.069765567779541 20
1747393448458 0.21058034896850586 30
1747393448460 0.21058034896850586 30
1747393452327 0.06773681938648224 40
1747393452329 0.06773681938648224 40
1747393456198 0.0480295829474926 50
1747393456199 0.0480295829474926 50
1747393460068 11.637595176696777 60
1747393460070 11.637595176696777 60
1747393464003 27.21329689025879 70
1747393464004 27.21329689025879 70
1747393467865 0.023944858461618423 80
1747393467867 0.023944858461618423 80
1747393471839 21.956064224243164 90
1747393471837 21.956064224243164 90
1747393479702 0.023906022310256958 100
1747393479703 0.023906022310256958 100
1747393483539 0.02223399095237255 110
1747393483537 0.02223399095237255 110
1747393487309 0.12159541994333267 120
1747393487310 0.12159541994333267 120
1747393491302 0.01590399071574211 130
1747393491303 0.01590399071574211 130
1747393495249 0.011665658093988895 140
1747393495251 0.011665658093988895 140
1747393499233 0.009230758994817734 150
1747393499234 0.009230758994817734 150
1747393503173 0.009154251776635647 160
1747393503172 0.009154251776635647 160
1747393507055 0.009001162834465504 170
1747393507056 0.009001162834465504 170
1747393510846 38.50576400756836 180
1747393510847 38.50576400756836 180
1747393518408 9.802268981933594 190
1747393518409 9.802268981933594 190
1747393522220 0.008432004600763321 200
1747393522224 0.008432004600763321 200
1747393526042 0.016397986561059952 210
1747393526043 0.016397986561059952 210
1747393529848 14.21748161315918 220
1747393529849 14.21748161315918 220
1747393533621 0.006596563383936882 230
1747393533623 0.006596563383936882 230
1747393537394 0.007881345227360725 240
1747393537396 0.007881345227360725 240
1747393541192 0.0059684449806809425 250
1747393541193 0.0059684449806809425 250
1747393544972 0.005710315890610218 260
1747393544973 0.005710315890610218 260
1747393548756 0.005214274395257235 270
1747393548757 0.005214274395257235 270
1747393552553 0.005224499851465225 280
1747393552555 0.005224499851465225 280
1747393560172 0.022148335352540016 290
1747393560171 0.022148335352540016 290
1747393564024 0.004476246424019337 300
1747393564025 0.004476246424019337 300
1747393567985 0.0041532390750944614 310
1747393567987 0.0041532390750944614 310
1747393571948 0.003094893181696534 320
1747393571949 0.003094893181696534 320
1747393575869 0.004106312524527311 330
1747393575870 0.004106312524527311 330
1747393579820 0.0035124581772834063 340
1747393579821 0.0035124581772834063 340
1747393583675 0.0032260192092508078 350
1747393583677 0.0032260192092508078 350
1747393587715 0.004114603623747826 360
1747393587717 0.004114603623747826 360
1747393591631 0.002664814004674554 370
1747393591633 0.002664814004674554 370
1747393599467 0.003639256814494729 380
1747393599469 0.003639256814494729 380
1747393603258 0.003508001798763871 390
1747393603259 0.003508001798763871 390
1747393607045 0.0026001327205449343 400
1747393607046 0.0026001327205449343 400
1747393610865 0.002422647550702095 410
1747393610866 0.002422647550702095 410
1747393614707 0.007700258865952492 420
1747393614708 0.007700258865952492 420
1747393618518 0.002261698478832841 430
1747393618519 0.002261698478832841 430
1747393622313 0.002393198199570179 440
1747393622315 0.002393198199570179 440
1747393626120 0.002232297556474805 450
1747393626122 0.002232297556474805 450
1747393629920 0.002153095556423068 460
1747393629922 0.002153095556423068 460
1747393633579 0.0022098247427493334 470
1747393633580 0.0022098247427493334 470
1747393641478 0.001734239049255848 480
1747393641480 0.001734239049255848 480
1747393645393 0.0025563195813447237 490
1747393645395 0.0025563195813447237 490
1747393649411 0.002099070232361555 500
1747393649412 0.002099070232361555 500
1747393653446 0.0016772894887253642 510
1747393653448 0.0016772894887253642 510
1747393659115 0.0017333199502900243 520
1747393659117 0.0017333199502900243 520
1747393663056 0.0014935474609956145 530
1747393663057 0.0014935474609956145 530
1747393666973 0.0017763152718544006 540
1747393666974 0.0017763152718544006 540
1747393670921 0.0014670201344415545 550
1747393670922 0.0014670201344415545 550
1747393674858 0.0016486142994835973 560
1747393674860 0.0016486142994835973 560
