1747393440900 4.946808510638298e-05 10
1747393440898 4.946808510638298e-05 10
1747393444655 4.893617021276596e-05 20
1747393444656 4.893617021276596e-05 20
1747393448458 4.840425531914894e-05 30
1747393448460 4.840425531914894e-05 30
1747393452327 4.787234042553192e-05 40
1747393452329 4.787234042553192e-05 40
1747393456198 4.734042553191489e-05 50
1747393456199 4.734042553191489e-05 50
1747393460068 4.680851063829788e-05 60
1747393460070 4.680851063829788e-05 60
1747393464003 4.627659574468085e-05 70
1747393464004 4.627659574468085e-05 70
1747393467865 4.574468085106383e-05 80
1747393467867 4.574468085106383e-05 80
1747393471839 4.5212765957446815e-05 90
1747393471837 4.5212765957446815e-05 90
1747393479702 4.468085106382979e-05 100
1747393479703 4.468085106382979e-05 100
1747393483539 4.414893617021277e-05 110
1747393483537 4.414893617021277e-05 110
1747393487309 4.3617021276595746e-05 120
1747393487310 4.3617021276595746e-05 120
1747393491302 4.3085106382978725e-05 130
1747393491303 4.3085106382978725e-05 130
1747393495249 4.2553191489361704e-05 140
1747393495251 4.2553191489361704e-05 140
1747393499233 4.2021276595744684e-05 150
1747393499234 4.2021276595744684e-05 150
1747393503172 4.148936170212766e-05 160
1747393503173 4.148936170212766e-05 160
1747393507055 4.095744680851064e-05 170
1747393507056 4.095744680851064e-05 170
1747393510846 4.0425531914893614e-05 180
1747393510847 4.0425531914893614e-05 180
1747393518408 3.9893617021276594e-05 190
1747393518409 3.9893617021276594e-05 190
1747393522220 3.936170212765958e-05 200
1747393522224 3.936170212765958e-05 200
1747393526042 3.882978723404255e-05 210
1747393526043 3.882978723404255e-05 210
1747393529849 3.829787234042553e-05 220
1747393529848 3.829787234042553e-05 220
1747393533621 3.776595744680852e-05 230
1747393533623 3.776595744680852e-05 230
1747393537394 3.723404255319149e-05 240
1747393537396 3.723404255319149e-05 240
1747393541192 3.670212765957447e-05 250
1747393541193 3.670212765957447e-05 250
1747393544972 3.617021276595745e-05 260
1747393544973 3.617021276595745e-05 260
1747393548756 3.563829787234043e-05 270
1747393548757 3.563829787234043e-05 270
1747393552553 3.5106382978723407e-05 280
1747393552555 3.5106382978723407e-05 280
1747393560172 3.4574468085106386e-05 290
1747393560171 3.4574468085106386e-05 290
1747393564024 3.4042553191489365e-05 300
1747393564025 3.4042553191489365e-05 300
1747393567985 3.3510638297872344e-05 310
1747393567987 3.3510638297872344e-05 310
1747393571948 3.2978723404255317e-05 320
1747393571949 3.2978723404255317e-05 320
1747393575869 3.2446808510638296e-05 330
1747393575870 3.2446808510638296e-05 330
1747393579820 3.191489361702128e-05 340
1747393579821 3.191489361702128e-05 340
1747393583675 3.1382978723404254e-05 350
1747393583677 3.1382978723404254e-05 350
1747393587715 3.085106382978723e-05 360
1747393587717 3.085106382978723e-05 360
1747393591631 3.0319148936170216e-05 370
1747393591633 3.0319148936170216e-05 370
1747393599467 2.9787234042553192e-05 380
1747393599469 2.9787234042553192e-05 380
1747393603258 2.925531914893617e-05 390
1747393603259 2.925531914893617e-05 390
1747393607045 2.8723404255319154e-05 400
1747393607046 2.8723404255319154e-05 400
1747393610865 2.819148936170213e-05 410
1747393610866 2.819148936170213e-05 410
1747393614707 2.765957446808511e-05 420
1747393614708 2.765957446808511e-05 420
1747393618518 2.7127659574468084e-05 430
1747393618519 2.7127659574468084e-05 430
1747393622313 2.6595744680851064e-05 440
1747393622315 2.6595744680851064e-05 440
1747393626120 2.6063829787234046e-05 450
1747393626122 2.6063829787234046e-05 450
1747393629920 2.5531914893617022e-05 460
1747393629922 2.5531914893617022e-05 460
1747393633579 2.5e-05 470
1747393633580 2.5e-05 470
1747393641478 2.446808510638298e-05 480
1747393641480 2.446808510638298e-05 480
1747393645393 2.393617021276596e-05 490
1747393645395 2.393617021276596e-05 490
1747393649411 2.340425531914894e-05 500
1747393649412 2.340425531914894e-05 500
1747393653446 2.2872340425531915e-05 510
1747393653448 2.2872340425531915e-05 510
1747393659115 2.2340425531914894e-05 520
1747393659117 2.2340425531914894e-05 520
1747393663056 2.1808510638297873e-05 530
1747393663057 2.1808510638297873e-05 530
1747393666973 2.1276595744680852e-05 540
1747393666974 2.1276595744680852e-05 540
1747393670921 2.074468085106383e-05 550
1747393670922 2.074468085106383e-05 550
1747393674858 2.0212765957446807e-05 560
1747393674860 2.0212765957446807e-05 560
