1747393440900 0.5633 10
1747393444655 0.1756 20
1747393444656 0.1756 20
1747393448458 0.0357 30
1747393448460 0.0357 30
1747393452327 0.0636 40
1747393452329 0.0636 40
1747393456198 0.039 50
1747393456199 0.039 50
1747393460068 0.0329 60
1747393460070 0.0329 60
1747393464003 0.013 70
1747393464004 0.013 70
1747393467865 0.0037 80
1747393467867 0.0037 80
1747393471839 0.0287 90
1747393471837 0.0287 90
1747393479702 0.0699 100
1747393479703 0.0699 100
1747393483539 0.0291 110
1747393483537 0.0291 110
1747393487309 0.0125 120
1747393487310 0.0125 120
1747393491302 0.0011 130
1747393491303 0.0011 130
1747393495249 0.0015 140
1747393495251 0.0015 140
1747393499233 0.0007 150
1747393499234 0.0007 150
1747393503172 0.0006 160
1747393503173 0.0006 160
1747393507055 0.0011 170
1747393507056 0.0011 170
1747393510846 0.0081 180
1747393510847 0.0081 180
1747393518408 0.0875 190
1747393518409 0.0875 190
1747393522220 0.0005 200
1747393522224 0.0005 200
1747393526042 0.0004 210
1747393526043 0.0004 210
1747393529848 0.0023 220
1747393529849 0.0023 220
1747393533621 0.0004 230
1747393533623 0.0004 230
1747393537394 0.0005 240
1747393537396 0.0005 240
1747393541192 0.0003 250
1747393541193 0.0003 250
1747393544972 0.0172 260
1747393544973 0.0172 260
1747393548756 0.0003 270
1747393548757 0.0003 270
1747393552553 0.0008 280
1747393552555 0.0008 280
1747393560172 0.0003 290
1747393560171 0.0003 290
1747393564024 0.0004 300
1747393564025 0.0004 300
1747393567985 0.0002 310
1747393567987 0.0002 310
1747393571948 0.0002 320
1747393571949 0.0002 320
1747393575869 0.0009 330
1747393575870 0.0009 330
1747393579820 0.0011 340
1747393579821 0.0011 340
1747393583675 0.0002 350
1747393583677 0.0002 350
1747393587715 0.0002 360
1747393587717 0.0002 360
1747393591631 0.0002 370
1747393591633 0.0002 370
1747393599467 0.0204 380
1747393599469 0.0204 380
1747393603258 0.0001 390
1747393603259 0.0001 390
1747393607045 0.0002 400
1747393607046 0.0002 400
1747393610865 0.0001 410
1747393610866 0.0001 410
1747393614707 0.0002 420
1747393614708 0.0002 420
1747393618518 0.0001 430
1747393618519 0.0001 430
1747393622313 0.0001 440
1747393622315 0.0001 440
1747393626120 0.0001 450
1747393626122 0.0001 450
1747393629920 0.0001 460
1747393629922 0.0001 460
1747393633579 0.0001 470
1747393633580 0.0001 470
1747393641478 0.0001 480
1747393641480 0.0001 480
1747393645393 0.0001 490
1747393645395 0.0001 490
1747393649411 0.0001 500
1747393649412 0.0001 500
1747393653446 0.0001 510
1747393653448 0.0001 510
1747393659115 0.0001 520
1747393659117 0.0001 520
1747393663056 0.0001 530
1747393663057 0.0001 530
1747393666973 0.0001 540
1747393666974 0.0001 540
1747393670921 0.0001 550
1747393670922 0.0001 550
1747393674858 0.0001 560
1747393674860 0.0001 560
