1747405149831 0.10638297872340426 10
1747405149831 0.10638297872340426 10
1747405153603 0.2127659574468085 20
1747405153603 0.2127659574468085 20
1747405157399 0.3191489361702128 30
1747405157399 0.3191489361702128 30
1747405161188 0.425531914893617 40
1747405161188 0.425531914893617 40
1747405165006 0.5319148936170213 50
1747405165006 0.5319148936170213 50
1747405168800 0.6382978723404256 60
1747405168816 0.6382978723404256 60
1747405175853 0.7446808510638298 70
1747405175853 0.7446808510638298 70
1747405179642 0.851063829787234 80
1747405179642 0.851063829787234 80
1747405183446 0.9574468085106383 90
1747405183446 0.9574468085106383 90
1747405190489 1.0 94
1747405190489 1.0 94
1747405194710 1.0638297872340425 100
1747405194710 1.0638297872340425 100
1747405200156 1.1702127659574468 110
1747405200156 1.1702127659574468 110
1747405203966 1.2765957446808511 120
1747405203966 1.2765957446808511 120
1747405209427 1.3829787234042552 130
1747405209427 1.3829787234042552 130
1747405213242 1.4893617021276595 140
1747405213242 1.4893617021276595 140
1747405217064 1.5957446808510638 150
1747405217064 1.5957446808510638 150
1747405220878 1.702127659574468 160
1747405220878 1.702127659574468 160
1747405224716 1.8085106382978724 170
1747405224716 1.8085106382978724 170
1747405230166 1.9148936170212765 180
1747405230166 1.9148936170212765 180
1747405237116 2.0 188
1747405237116 2.0 188
1747405239704 2.021276595744681 190
1747405239704 2.021276595744681 190
1747405243683 2.127659574468085 200
1747405243683 2.127659574468085 200
1747405247527 2.2340425531914896 210
1747405247527 2.2340425531914896 210
1747405251355 2.3404255319148937 220
1747405251355 2.3404255319148937 220
1747405255182 2.4468085106382977 230
1747405255182 2.4468085106382977 230
1747405259020 2.5531914893617023 240
1747405259020 2.5531914893617023 240
1747405262859 2.6595744680851063 250
1747405262859 2.6595744680851063 250
1747405266713 2.7659574468085104 260
1747405266713 2.7659574468085104 260
1747405270543 2.872340425531915 270
1747405270543 2.872340425531915 270
1747405274381 2.978723404255319 280
1747405274381 2.978723404255319 280
1747405277434 3.0 282
1747405277443 3.0 282
1747405282355 3.0851063829787235 290
1747405282355 3.0851063829787235 290
1747405286207 3.1914893617021276 300
1747405286207 3.1914893617021276 300
1747405291701 3.297872340425532 310
1747405291701 3.297872340425532 310
1747405297173 3.404255319148936 320
1747405297173 3.404255319148936 320
1747405300988 3.5106382978723403 330
1747405300988 3.5106382978723403 330
1747405304821 3.617021276595745 340
1747405304821 3.617021276595745 340
1747405308677 3.723404255319149 350
1747405308677 3.723404255319149 350
1747405312516 3.829787234042553 360
1747405312525 3.829787234042553 360
1747405317987 3.9361702127659575 370
1747405317987 3.9361702127659575 370
1747405322566 4.0 376
1747405322566 4.0 376
1747405324240 4.0 376
1747405324240 4.0 376
