1747405149831 33.449302673339844 10
1747405149831 33.449302673339844 10
1747405153603 7.095742702484131 20
1747405153603 7.095742702484131 20
1747405157399 4.355632305145264 30
1747405157399 4.355632305145264 30
1747405161188 0.3088567554950714 40
1747405161188 0.3088567554950714 40
1747405165006 159.71453857421875 50
1747405165006 159.71453857421875 50
1747405168800 0.022427788004279137 60
1747405168816 0.022427788004279137 60
1747405175853 0.286871999502182 70
1747405175853 0.286871999502182 70
1747405179642 149.91567993164062 80
1747405179642 149.91567993164062 80
1747405183446 0.005516439210623503 90
1747405183446 0.005516439210623503 90
1747405194710 201.86141967773438 100
1747405194710 201.86141967773438 100
1747405200156 0.0030698024202138186 110
1747405200156 0.0030698024202138186 110
1747405203966 25.996320724487305 120
1747405203966 25.996320724487305 120
1747405209427 0.0027482083532959223 130
1747405209427 0.0027482083532959223 130
1747405213242 0.0026593771763145924 140
1747405213242 0.0026593771763145924 140
1747405217064 0.01104948204010725 150
1747405217064 0.01104948204010725 150
1747405220878 19.603553771972656 160
1747405220878 19.603553771972656 160
1747405224716 0.0018032788066193461 170
1747405224716 0.0018032788066193461 170
1747405230166 0.007076931186020374 180
1747405230166 0.007076931186020374 180
1747405239704 0.024847904220223427 190
1747405239704 0.024847904220223427 190
1747405243683 0.09315278381109238 200
1747405243683 0.09315278381109238 200
1747405247527 0.011116236448287964 210
1747405247527 0.011116236448287964 210
1747405251355 0.005726311355829239 220
1747405251355 0.005726311355829239 220
1747405255182 0.0046978662721812725 230
1747405255182 0.0046978662721812725 230
1747405259020 0.00485122250393033 240
1747405259020 0.00485122250393033 240
1747405262859 0.003319064388051629 250
1747405262859 0.003319064388051629 250
1747405266713 0.0031658122316002846 260
1747405266713 0.0031658122316002846 260
1747405270543 0.0025690027978271246 270
1747405270543 0.0025690027978271246 270
1747405274381 0.003052131040021777 280
1747405274381 0.003052131040021777 280
1747405282355 0.002459464594721794 290
1747405282355 0.002459464594721794 290
1747405286207 0.0019160864176228642 300
1747405286207 0.0019160864176228642 300
1747405291701 0.001990842167288065 310
1747405291701 0.001990842167288065 310
1747405297173 0.0016266601160168648 320
1747405297173 0.0016266601160168648 320
1747405300988 0.001891718595288694 330
1747405300988 0.001891718595288694 330
1747405304821 0.0016449472168460488 340
1747405304821 0.0016449472168460488 340
1747405308677 0.00162552110850811 350
1747405308677 0.00162552110850811 350
1747405312516 0.006911803502589464 360
1747405312525 0.006911803502589464 360
1747405317987 0.017168112099170685 370
1747405317987 0.017168112099170685 370
