1747405149831 4.946808510638298e-05 10
1747405149831 4.946808510638298e-05 10
1747405153603 4.893617021276596e-05 20
1747405153603 4.893617021276596e-05 20
1747405157399 4.840425531914894e-05 30
1747405157399 4.840425531914894e-05 30
1747405161188 4.787234042553192e-05 40
1747405161188 4.787234042553192e-05 40
1747405165006 4.734042553191489e-05 50
1747405165006 4.734042553191489e-05 50
1747405168800 4.680851063829788e-05 60
1747405168816 4.680851063829788e-05 60
1747405175853 4.627659574468085e-05 70
1747405175853 4.627659574468085e-05 70
1747405179642 4.574468085106383e-05 80
1747405179642 4.574468085106383e-05 80
1747405183446 4.5212765957446815e-05 90
1747405183446 4.5212765957446815e-05 90
1747405194710 4.468085106382979e-05 100
1747405194710 4.468085106382979e-05 100
1747405200156 4.414893617021277e-05 110
1747405200156 4.414893617021277e-05 110
1747405203966 4.3617021276595746e-05 120
1747405203966 4.3617021276595746e-05 120
1747405209427 4.3085106382978725e-05 130
1747405209427 4.3085106382978725e-05 130
1747405213242 4.2553191489361704e-05 140
1747405213242 4.2553191489361704e-05 140
1747405217064 4.2021276595744684e-05 150
1747405217064 4.2021276595744684e-05 150
1747405220878 4.148936170212766e-05 160
1747405220878 4.148936170212766e-05 160
1747405224716 4.095744680851064e-05 170
1747405224716 4.095744680851064e-05 170
1747405230166 4.0425531914893614e-05 180
1747405230166 4.0425531914893614e-05 180
1747405239704 3.9893617021276594e-05 190
1747405239704 3.9893617021276594e-05 190
1747405243683 3.936170212765958e-05 200
1747405243683 3.936170212765958e-05 200
1747405247527 3.882978723404255e-05 210
1747405247527 3.882978723404255e-05 210
1747405251355 3.829787234042553e-05 220
1747405251355 3.829787234042553e-05 220
1747405255182 3.776595744680852e-05 230
1747405255182 3.776595744680852e-05 230
1747405259020 3.723404255319149e-05 240
1747405259020 3.723404255319149e-05 240
1747405262859 3.670212765957447e-05 250
1747405262859 3.670212765957447e-05 250
1747405266713 3.617021276595745e-05 260
1747405266713 3.617021276595745e-05 260
1747405270543 3.563829787234043e-05 270
1747405270543 3.563829787234043e-05 270
1747405274381 3.5106382978723407e-05 280
1747405274381 3.5106382978723407e-05 280
1747405282355 3.4574468085106386e-05 290
1747405282355 3.4574468085106386e-05 290
1747405286207 3.4042553191489365e-05 300
1747405286207 3.4042553191489365e-05 300
1747405291701 3.3510638297872344e-05 310
1747405291701 3.3510638297872344e-05 310
1747405297173 3.2978723404255317e-05 320
1747405297173 3.2978723404255317e-05 320
1747405300988 3.2446808510638296e-05 330
1747405300988 3.2446808510638296e-05 330
1747405304821 3.191489361702128e-05 340
1747405304821 3.191489361702128e-05 340
1747405308677 3.1382978723404254e-05 350
1747405308677 3.1382978723404254e-05 350
1747405312516 3.085106382978723e-05 360
1747405312525 3.085106382978723e-05 360
1747405317987 3.0319148936170216e-05 370
1747405317987 3.0319148936170216e-05 370
