1747405149831 0.5674 10
1747405149831 0.5674 10
1747405153603 0.1784 20
1747405153603 0.1784 20
1747405157399 0.1551 30
1747405157399 0.1551 30
1747405161188 0.0673 40
1747405161188 0.0673 40
1747405165006 0.1774 50
1747405165006 0.1774 50
1747405168800 0.0815 60
1747405168816 0.0815 60
1747405175853 0.0054 70
1747405175853 0.0054 70
1747405179642 0.0567 80
1747405179642 0.0567 80
1747405183446 0.0005 90
1747405183446 0.0005 90
1747405194710 0.0061 100
1747405194710 0.0061 100
1747405200156 0.0002 110
1747405200156 0.0002 110
1747405203966 0.0553 120
1747405203966 0.0553 120
1747405209427 0.0001 130
1747405209427 0.0001 130
1747405213242 0.0003 140
1747405213242 0.0003 140
1747405217064 0.0001 150
1747405217064 0.0001 150
1747405220878 0.0006 160
1747405220878 0.0006 160
1747405224716 0.0001 170
1747405224716 0.0001 170
1747405230166 0.069 180
1747405230166 0.069 180
1747405239704 0.0952 190
1747405239704 0.0952 190
1747405243683 0.0362 200
1747405243683 0.0362 200
1747405247527 0.0006 210
1747405247527 0.0006 210
1747405251355 0.0004 220
1747405251355 0.0004 220
1747405255182 0.0003 230
1747405255182 0.0003 230
1747405259020 0.0002 240
1747405259020 0.0002 240
1747405262859 0.0002 250
1747405262859 0.0002 250
1747405266713 0.0001 260
1747405266713 0.0001 260
1747405270543 0.0001 270
1747405270543 0.0001 270
1747405274381 0.0001 280
1747405274381 0.0001 280
1747405282355 0.0001 290
1747405282355 0.0001 290
1747405286207 0.0001 300
1747405286207 0.0001 300
1747405291701 0.0001 310
1747405291701 0.0001 310
1747405297173 0.0001 320
1747405297173 0.0001 320
1747405300988 0.0001 330
1747405300988 0.0001 330
1747405304821 0.0001 340
1747405304821 0.0001 340
1747405308677 0.0001 350
1747405308677 0.0001 350
1747405312516 0.081 360
1747405312525 0.081 360
1747405317987 0.0006 370
1747405317987 0.0006 370
