1747354179572 1.0 7
1747354179573 1.0 7
1747354183817 1.4285714285714286 10
1747354183820 1.4285714285714286 10
1747354186387 2.0 14
1747354186388 2.0 14
1747354193490 2.857142857142857 20
1747354193492 2.857142857142857 20
1747354193944 3.0 21
1747354193945 3.0 21
1747354201345 4.0 28
1747354201345 4.0 28
1747354205441 4.285714285714286 30
1747354205442 4.285714285714286 30
1747354207462 5.0 35
1747354207463 5.0 35
1747354213618 5.714285714285714 40
1747354213618 5.714285714285714 40
1747354214457 6.0 42
1747354214457 6.0 42
1747354217004 6.0 42
1747354217004 6.0 42
