1747234492699 0.11363636363636363 10
1747234492700 0.11363636363636363 10
1747234496932 0.22727272727272727 20
1747234496933 0.22727272727272727 20
1747234501187 0.3409090909090909 30
1747234501188 0.3409090909090909 30
1747234505463 0.45454545454545453 40
1747234505464 0.45454545454545453 40
1747234509732 0.5681818181818182 50
1747234509733 0.5681818181818182 50
1747234513987 0.6818181818181818 60
1747234513987 0.6818181818181818 60
1747234518278 0.7954545454545454 70
1747234518279 0.7954545454545454 70
1747234525847 0.9090909090909091 80
1747234525847 0.9090909090909091 80
1747234531557 1.0 88
1747234531558 1.0 88
1747234533321 1.0227272727272727 90
1747234533322 1.0227272727272727 90
1747234537581 1.1363636363636362 100
1747234537582 1.1363636363636362 100
1747234543455 1.25 110
1747234543456 1.25 110
1747234550994 1.3636363636363638 120
1747234550995 1.3636363636363638 120
1747234555245 1.4772727272727273 130
1747234555246 1.4772727272727273 130
1747234559513 1.5909090909090908 140
1747234559514 1.5909090909090908 140
1747234565410 1.7045454545454546 150
1747234565411 1.7045454545454546 150
1747234569733 1.8181818181818183 160
1747234569734 1.8181818181818183 160
1747234574015 1.9318181818181817 170
1747234574016 1.9318181818181817 170
1747234578909 2.0 176
1747234578910 2.0 176
1747234582113 2.0454545454545454 180
1747234582116 2.0454545454545454 180
1747234588087 2.159090909090909 190
1747234588089 2.159090909090909 190
1747234594608 2.2727272727272725 200
1747234594614 2.2727272727272725 200
1747234600298 2.3863636363636362 210
1747234600298 2.3863636363636362 210
1747234604697 2.5 220
1747234604696 2.5 220
1747234610679 2.6136363636363638 230
1747234610681 2.6136363636363638 230
1747234615136 2.7272727272727275 240
1747234615136 2.7272727272727275 240
1747234619549 2.840909090909091 250
1747234619550 2.840909090909091 250
1747234624108 2.9545454545454546 260
1747234624108 2.9545454545454546 260
1747234628214 3.0 264
1747234628215 3.0 264
1747234632875 3.0681818181818183 270
1747234632874 3.0681818181818183 270
1747234637231 3.1818181818181817 280
1747234637236 3.1818181818181817 280
1747234641752 3.2954545454545454 290
1747234641752 3.2954545454545454 290
1747234646233 3.409090909090909 300
1747234646233 3.409090909090909 300
1747234650708 3.5227272727272725 310
1747234650700 3.5227272727272725 310
1747234656751 3.6363636363636362 320
1747234656749 3.6363636363636362 320
1747234661166 3.75 330
1747234661166 3.75 330
1747234665604 3.8636363636363638 340
1747234665602 3.8636363636363638 340
1747234670078 3.9772727272727275 350
1747234670079 3.9772727272727275 350
1747234673296 4.0 352
1747234673297 4.0 352
1747234677962 4.090909090909091 360
1747234677962 4.090909090909091 360
1747234682373 4.204545454545454 370
1747234682372 4.204545454545454 370
1747234686831 4.318181818181818 380
1747234686832 4.318181818181818 380
1747234691367 4.431818181818182 390
1747234691369 4.431818181818182 390
1747234695772 4.545454545454545 400
1747234695772 4.545454545454545 400
1747234700175 4.659090909090909 410
1747234700177 4.659090909090909 410
1747234706286 4.7727272727272725 420
1747234706286 4.7727272727272725 420
1747234712400 4.886363636363637 430
1747234712401 4.886363636363637 430
1747234716580 5.0 440
1747234716581 5.0 440
1747234719099 5.0 440
1747234719100 5.0 440
1747234720843 5.0 440
1747234720843 5.0 440
