1747234492699 7.712810516357422 10
1747234492700 7.712810516357422 10
1747234496932 1.2613434791564941 20
1747234496933 1.2613434791564941 20
1747234501187 17.917423248291016 30
1747234501188 17.917423248291016 30
1747234505463 2.6619157791137695 40
1747234505464 2.6619157791137695 40
1747234509732 0.12369212508201599 50
1747234509733 0.12369212508201599 50
1747234513987 0.09680819511413574 60
1747234513987 0.09680819511413574 60
1747234518278 7.379234313964844 70
1747234518279 7.379234313964844 70
1747234525847 0.06124672293663025 80
1747234525847 0.06124672293663025 80
1747234533321 0.07116551697254181 90
1747234533322 0.07116551697254181 90
1747234537581 0.04356161504983902 100
1747234537582 0.04356161504983902 100
1747234543455 12.13581657409668 110
1747234543456 12.13581657409668 110
1747234550994 18.24802589416504 120
1747234550995 18.24802589416504 120
1747234555245 0.09420198947191238 130
1747234555246 0.09420198947191238 130
1747234559513 0.1208513155579567 140
1747234559514 0.1208513155579567 140
1747234565410 0.06754076480865479 150
1747234565411 0.06754076480865479 150
1747234569733 0.055251892656087875 160
1747234569734 0.055251892656087875 160
1747234574015 0.019767142832279205 170
1747234574016 0.019767142832279205 170
1747234582113 0.02373013272881508 180
1747234582116 0.02373013272881508 180
1747234588087 0.018150679767131805 190
1747234588089 0.018150679767131805 190
1747234594608 0.014135178178548813 200
1747234594614 0.014135178178548813 200
1747234600298 0.012855470180511475 210
1747234600298 0.012855470180511475 210
1747234604696 0.009577675722539425 220
1747234604697 0.009577675722539425 220
1747234610679 0.012414173223078251 230
1747234610681 0.012414173223078251 230
1747234615136 0.05551169440150261 240
1747234615136 0.05551169440150261 240
1747234619549 0.0263069998472929 250
1747234619550 0.0263069998472929 250
1747234624108 0.008846485055983067 260
1747234624108 0.008846485055983067 260
1747234632875 0.016544047743082047 270
1747234632874 0.016544047743082047 270
1747234637231 0.008389071561396122 280
1747234637236 0.008389071561396122 280
1747234641752 0.013305610045790672 290
1747234641752 0.013305610045790672 290
1747234646233 0.008196002803742886 300
1747234646233 0.008196002803742886 300
1747234650708 0.008638143539428711 310
1747234650700 0.008638143539428711 310
1747234656751 0.006769395433366299 320
1747234656749 0.006769395433366299 320
1747234661166 0.008214441128075123 330
1747234661166 0.008214441128075123 330
1747234665604 0.007584339007735252 340
1747234665602 0.007584339007735252 340
1747234670078 0.007678795140236616 350
1747234670079 0.007678795140236616 350
1747234677962 0.005514113698154688 360
1747234677962 0.005514113698154688 360
1747234682372 0.004960319027304649 370
1747234682373 0.004960319027304649 370
1747234686831 0.006725938059389591 380
1747234686832 0.006725938059389591 380
1747234691367 5.44252872467041 390
1747234691369 5.44252872467041 390
1747234695772 0.004674206487834454 400
1747234695772 0.004674206487834454 400
1747234700175 0.004150695167481899 410
1747234700177 0.004150695167481899 410
1747234706286 0.003894679481163621 420
1747234706286 0.003894679481163621 420
1747234712400 0.004073806572705507 430
1747234712401 0.004073806572705507 430
1747234716580 0.003340172115713358 440
1747234716581 0.003340172115713358 440
