1747234492699 4.943181818181818e-05 10
1747234492700 4.943181818181818e-05 10
1747234496932 4.886363636363637e-05 20
1747234496933 4.886363636363637e-05 20
1747234501187 4.829545454545455e-05 30
1747234501188 4.829545454545455e-05 30
1747234505463 4.772727272727273e-05 40
1747234505464 4.772727272727273e-05 40
1747234509732 4.715909090909091e-05 50
1747234509733 4.715909090909091e-05 50
1747234513987 4.659090909090909e-05 60
1747234513987 4.659090909090909e-05 60
1747234518278 4.602272727272727e-05 70
1747234518279 4.602272727272727e-05 70
1747234525847 4.545454545454546e-05 80
1747234525847 4.545454545454546e-05 80
1747234533321 4.488636363636364e-05 90
1747234537581 4.431818181818182e-05 100
1747234537582 4.431818181818182e-05 100
1747234543455 4.375e-05 110
1747234543456 4.375e-05 110
1747234550994 4.318181818181819e-05 120
1747234550995 4.318181818181819e-05 120
1747234555245 4.261363636363637e-05 130
1747234555246 4.261363636363637e-05 130
1747234559513 4.204545454545455e-05 140
1747234559514 4.204545454545455e-05 140
1747234565410 4.1477272727272734e-05 150
1747234565411 4.1477272727272734e-05 150
1747234569733 4.0909090909090915e-05 160
1747234569734 4.0909090909090915e-05 160
1747234574015 4.034090909090909e-05 170
1747234574016 4.034090909090909e-05 170
1747234582113 3.9772727272727275e-05 180
1747234582116 3.9772727272727275e-05 180
1747234588087 3.9204545454545456e-05 190
1747234588089 3.9204545454545456e-05 190
1747234594608 3.8636363636363636e-05 200
1747234594614 3.8636363636363636e-05 200
1747234600298 3.8068181818181816e-05 210
1747234600298 3.8068181818181816e-05 210
1747234604696 3.7500000000000003e-05 220
1747234604697 3.7500000000000003e-05 220
1747234610679 3.6931818181818184e-05 230
1747234610681 3.6931818181818184e-05 230
1747234615136 3.6363636363636364e-05 240
1747234615136 3.6363636363636364e-05 240
1747234619549 3.579545454545455e-05 250
1747234619550 3.579545454545455e-05 250
1747234624108 3.522727272727273e-05 260
1747234624108 3.522727272727273e-05 260
1747234632875 3.465909090909091e-05 270
1747234632874 3.465909090909091e-05 270
1747234637231 3.409090909090909e-05 280
1747234637236 3.409090909090909e-05 280
1747234641752 3.352272727272727e-05 290
1747234641752 3.352272727272727e-05 290
1747234646233 3.295454545454545e-05 300
1747234646233 3.295454545454545e-05 300
1747234650708 3.238636363636364e-05 310
1747234650700 3.238636363636364e-05 310
1747234656751 3.181818181818182e-05 320
1747234656749 3.181818181818182e-05 320
1747234661166 3.125e-05 330
1747234661166 3.125e-05 330
1747234665604 3.068181818181818e-05 340
1747234665602 3.068181818181818e-05 340
1747234670078 3.0113636363636365e-05 350
1747234670079 3.0113636363636365e-05 350
1747234677962 2.954545454545455e-05 360
1747234677962 2.954545454545455e-05 360
1747234682373 2.8977272727272732e-05 370
1747234682372 2.8977272727272732e-05 370
1747234686831 2.8409090909090912e-05 380
1747234686832 2.8409090909090912e-05 380
1747234691367 2.784090909090909e-05 390
1747234691369 2.784090909090909e-05 390
1747234695772 2.7272727272727273e-05 400
1747234695772 2.7272727272727273e-05 400
1747234700175 2.6704545454545453e-05 410
1747234700177 2.6704545454545453e-05 410
1747234706286 2.6136363636363637e-05 420
1747234706286 2.6136363636363637e-05 420
1747234712400 2.5568181818181817e-05 430
1747234712401 2.5568181818181817e-05 430
1747234716580 2.5e-05 440
1747234716581 2.5e-05 440
