1747234492699 0.5408 10
1747234492700 0.5408 10
1747234496932 0.2367 20
1747234496933 0.2367 20
1747234501187 0.2101 30
1747234501188 0.2101 30
1747234505463 0.2823 40
1747234505464 0.2823 40
1747234509732 0.0126 50
1747234509733 0.0126 50
1747234513987 0.1236 60
1747234513987 0.1236 60
1747234518278 0.1281 70
1747234518279 0.1281 70
1747234525847 0.1936 80
1747234525847 0.1936 80
1747234533321 0.0637 90
1747234533322 0.0637 90
1747234537581 0.0033 100
1747234537582 0.0033 100
1747234543455 0.0742 110
1747234543456 0.0742 110
1747234550994 0.0805 120
1747234550995 0.0805 120
1747234555245 0.0463 130
1747234555246 0.0463 130
1747234559513 0.0131 140
1747234559514 0.0131 140
1747234565410 0.0735 150
1747234565411 0.0735 150
1747234569733 0.0142 160
1747234569734 0.0142 160
1747234574015 0.023 170
1747234574016 0.023 170
1747234582113 0.0031 180
1747234582116 0.0031 180
1747234588087 0.0011 190
1747234588089 0.0011 190
1747234594608 0.0009 200
1747234594614 0.0009 200
1747234600298 0.0008 210
1747234600298 0.0008 210
1747234604696 0.0011 220
1747234604697 0.0011 220
1747234610679 0.1182 230
1747234610681 0.1182 230
1747234615136 0.0013 240
1747234615136 0.0013 240
1747234619549 0.0014 250
1747234619550 0.0014 250
1747234624108 0.002 260
1747234624108 0.002 260
1747234632875 0.0062 270
1747234632874 0.0062 270
1747234637231 0.0021 280
1747234637236 0.0021 280
1747234641752 0.0005 290
1747234641752 0.0005 290
1747234646233 0.0004 300
1747234646233 0.0004 300
1747234650708 0.0004 310
1747234650700 0.0004 310
1747234656751 0.0004 320
1747234656749 0.0004 320
1747234661166 0.0004 330
1747234661166 0.0004 330
1747234665602 0.0034 340
1747234665604 0.0034 340
1747234670078 0.0007 350
1747234670079 0.0007 350
1747234677962 0.0003 360
1747234677962 0.0003 360
1747234682372 0.0173 370
1747234682373 0.0173 370
1747234686831 0.0002 380
1747234686832 0.0002 380
1747234691367 0.001 390
1747234691369 0.001 390
1747234695772 0.0002 400
1747234695772 0.0002 400
1747234700175 0.0002 410
1747234700177 0.0002 410
1747234706286 0.0002 420
1747234706286 0.0002 420
1747234712401 0.0002 430
1747234716580 0.0002 440
1747234716581 0.0002 440
