1747404038485 0.11235955056179775 10
1747404038486 0.11235955056179775 10
1747404042434 0.2247191011235955 20
1747404042435 0.2247191011235955 20
1747404048010 0.33707865168539325 30
1747404048008 0.33707865168539325 30
1747404053617 0.449438202247191 40
1747404053617 0.449438202247191 40
1747404057602 0.5617977528089888 50
1747404057602 0.5617977528089888 50
1747404061635 0.6741573033707865 60
1747404061635 0.6741573033707865 60
1747404065602 0.7865168539325843 70
1747404065602 0.7865168539325843 70
1747404069598 0.898876404494382 80
1747404069598 0.898876404494382 80
1747404075571 1.0 89
1747404075581 1.0 89
1747404077636 1.0112359550561798 90
1747404077636 1.0112359550561798 90
1747404081977 1.1235955056179776 100
1747404081993 1.1235955056179776 100
1747404087208 1.2359550561797752 110
1747404087208 1.2359550561797752 110
1747404091237 1.348314606741573 120
1747404091237 1.348314606741573 120
1747404096092 1.4606741573033708 130
1747404096092 1.4606741573033708 130
1747404100980 1.5730337078651684 140
1747404100980 1.5730337078651684 140
1747404108224 1.6853932584269664 150
1747404108224 1.6853932584269664 150
1747404113830 1.797752808988764 160
1747404113830 1.797752808988764 160
1747404117816 1.9101123595505618 170
1747404117816 1.9101123595505618 170
1747404123373 2.0 178
1747404123379 2.0 178
1747404126638 2.0224719101123596 180
1747404126638 2.0224719101123596 180
1747404131758 2.134831460674157 190
1747404131761 2.134831460674157 190
1747404137330 2.247191011235955 200
1747404137330 2.247191011235955 200
1747404143027 2.359550561797753 210
1747404143027 2.359550561797753 210
1747404150330 2.4719101123595504 220
1747404150330 2.4719101123595504 220
1747404154275 2.5842696629213484 230
1747404154277 2.5842696629213484 230
1747404158263 2.696629213483146 240
1747404158263 2.696629213483146 240
1747404162243 2.808988764044944 250
1747404162243 2.808988764044944 250
1747404167871 2.9213483146067416 260
1747404167871 2.9213483146067416 260
1747404174610 3.0 267
1747404174610 3.0 267
1747404177432 3.033707865168539 270
1747404177432 3.033707865168539 270
1747404181479 3.146067415730337 280
1747404181479 3.146067415730337 280
1747404187116 3.258426966292135 290
1747404187116 3.258426966292135 290
1747404191123 3.370786516853933 300
1747404191121 3.370786516853933 300
1747404195129 3.4831460674157304 310
1747404195129 3.4831460674157304 310
1747404200793 3.595505617977528 320
1747404200795 3.595505617977528 320
1747404204868 3.7078651685393256 330
1747404204868 3.7078651685393256 330
1747404208915 3.8202247191011236 340
1747404208917 3.8202247191011236 340
1747404212919 3.932584269662921 350
1747404212919 3.932584269662921 350
1747404217676 4.0 356
1747404217676 4.0 356
1747404221194 4.044943820224719 360
1747404221194 4.044943820224719 360
1747404225269 4.157303370786517 370
1747404225270 4.157303370786517 370
1747404229388 4.269662921348314 380
1747404229388 4.269662921348314 380
1747404233451 4.382022471910112 390
1747404233451 4.382022471910112 390
1747404237485 4.49438202247191 400
1747404237485 4.49438202247191 400
1747404241491 4.606741573033708 410
1747404241491 4.606741573033708 410
1747404245488 4.719101123595506 420
1747404245488 4.719101123595506 420
1747404249477 4.831460674157303 430
1747404249477 4.831460674157303 430
1747404253539 4.943820224719101 440
1747404253541 4.943820224719101 440
1747404261160 5.0 445
1747404261161 5.0 445
1747404264856 5.056179775280899 450
1747404264856 5.056179775280899 450
1747404270478 5.168539325842697 460
1747404270478 5.168539325842697 460
1747404276076 5.280898876404494 470
1747404276076 5.280898876404494 470
1747404280064 5.393258426966292 480
1747404280064 5.393258426966292 480
1747404286203 5.50561797752809 490
1747404286203 5.50561797752809 490
1747404291387 5.617977528089888 500
1747404291387 5.617977528089888 500
1747404295439 5.730337078651686 510
1747404295439 5.730337078651686 510
1747404299742 5.842696629213483 520
1747404299742 5.842696629213483 520
1747404303808 5.955056179775281 530
1747404303810 5.955056179775281 530
1747404307791 6.0 534
1747404307793 6.0 534
1747404312294 6.067415730337078 540
1747404312294 6.067415730337078 540
1747404316356 6.179775280898877 550
1747404316356 6.179775280898877 550
1747404320466 6.292134831460674 560
1747404320466 6.292134831460674 560
1747404324500 6.404494382022472 570
1747404324500 6.404494382022472 570
1747404328539 6.51685393258427 580
1747404328539 6.51685393258427 580
1747404332552 6.629213483146067 590
1747404332554 6.629213483146067 590
1747404338187 6.741573033707866 600
1747404338202 6.741573033707866 600
1747404342294 6.853932584269663 610
1747404342294 6.853932584269663 610
1747404346286 6.966292134831461 620
1747404346286 6.966292134831461 620
1747404349754 7.0 623
1747404349754 7.0 623
1747404351637 7.0 623
1747404351637 7.0 623
