1747404038485 7.834966659545898 10
1747404038486 7.834966659545898 10
1747404042434 2.2767560482025146 20
1747404042435 2.2767560482025146 20
1747404048010 1.2759077548980713 30
1747404048008 1.2759077548980713 30
1747404053617 1.7010976076126099 40
1747404053617 1.7010976076126099 40
1747404057602 4.743692398071289 50
1747404057602 4.743692398071289 50
1747404061635 5.140533447265625 60
1747404061635 5.140533447265625 60
1747404065602 1.0157196521759033 70
1747404065602 1.0157196521759033 70
1747404069598 0.975825846195221 80
1747404069598 0.975825846195221 80
1747404077636 6.392399311065674 90
1747404077636 6.392399311065674 90
1747404081977 34.01286315917969 100
1747404081993 34.01286315917969 100
1747404087208 15.765737533569336 110
1747404087208 15.765737533569336 110
1747404091237 16.827919006347656 120
1747404091237 16.827919006347656 120
1747404096092 10.095229148864746 130
1747404096092 10.095229148864746 130
1747404100980 3.6868577003479004 140
1747404100980 3.6868577003479004 140
1747404108224 3.219978094100952 150
1747404108224 3.219978094100952 150
1747404113830 12.488689422607422 160
1747404113830 12.488689422607422 160
1747404117816 2.902400493621826 170
1747404117816 2.902400493621826 170
1747404126638 7.245683670043945 180
1747404126638 7.245683670043945 180
1747404131758 3.3502302169799805 190
1747404131761 3.3502302169799805 190
1747404137330 27.178903579711914 200
1747404137330 27.178903579711914 200
1747404143027 5.647767543792725 210
1747404143027 5.647767543792725 210
1747404150330 11.631365776062012 220
1747404150330 11.631365776062012 220
1747404154275 4.5709967613220215 230
1747404154277 4.5709967613220215 230
1747404158263 3.9495935440063477 240
1747404158263 3.9495935440063477 240
1747404162243 12.630106925964355 250
1747404162243 12.630106925964355 250
1747404167871 13.049056053161621 260
1747404167871 13.049056053161621 260
1747404177432 5.0803399085998535 270
1747404177432 5.0803399085998535 270
1747404181479 33.788063049316406 280
1747404181479 33.788063049316406 280
1747404187116 14.971159934997559 290
1747404187116 14.971159934997559 290
1747404191123 1.9658392667770386 300
1747404191121 1.9658392667770386 300
1747404195129 1.6184741258621216 310
1747404195129 1.6184741258621216 310
1747404200793 0.9548165202140808 320
1747404200795 0.9548165202140808 320
1747404204868 1.9401453733444214 330
1747404204868 1.9401453733444214 330
1747404208915 0.762967050075531 340
1747404208917 0.762967050075531 340
1747404212919 10.849200248718262 350
1747404212919 10.849200248718262 350
1747404221194 250.25401306152344 360
1747404221194 250.25401306152344 360
1747404225269 15.46519947052002 370
1747404225270 15.46519947052002 370
1747404229388 9.111169815063477 380
1747404229388 9.111169815063477 380
1747404233451 0.1425621211528778 390
1747404233451 0.1425621211528778 390
1747404237485 15.80000114440918 400
1747404237485 15.80000114440918 400
1747404241491 31.225282669067383 410
1747404241491 31.225282669067383 410
1747404245488 5.950714588165283 420
1747404245488 5.950714588165283 420
1747404249477 0.3883110582828522 430
1747404249477 0.3883110582828522 430
1747404253539 25.46367835998535 440
1747404253541 25.46367835998535 440
1747404264856 0.2632332742214203 450
1747404264856 0.2632332742214203 450
1747404270478 0.12797603011131287 460
1747404270478 0.12797603011131287 460
1747404276076 0.1350925862789154 470
1747404276076 0.1350925862789154 470
1747404280064 6.187077522277832 480
1747404280064 6.187077522277832 480
1747404286203 0.581439733505249 490
1747404286203 0.581439733505249 490
1747404291387 0.08816949278116226 500
1747404291387 0.08816949278116226 500
1747404295439 0.7105473875999451 510
1747404295439 0.7105473875999451 510
1747404299742 0.1433737725019455 520
1747404299742 0.1433737725019455 520
1747404303808 0.09375783801078796 530
1747404303810 0.09375783801078796 530
1747404312294 0.14889323711395264 540
1747404312294 0.14889323711395264 540
1747404316356 0.07362634688615799 550
1747404316356 0.07362634688615799 550
1747404320466 0.07132399082183838 560
1747404320466 0.07132399082183838 560
1747404324500 0.10044293850660324 570
1747404324500 0.10044293850660324 570
1747404328539 0.10458170622587204 580
1747404328539 0.10458170622587204 580
1747404332552 0.06681505590677261 590
1747404332554 0.06681505590677261 590
1747404338187 0.09265566617250443 600
1747404338202 0.09265566617250443 600
1747404342294 0.2389429658651352 610
1747404342294 0.2389429658651352 610
1747404346286 1.5483125448226929 620
1747404346286 1.5483125448226929 620
