1747404038485 4.943820224719101e-05 10
1747404038486 4.943820224719101e-05 10
1747404042434 4.8876404494382024e-05 20
1747404042435 4.8876404494382024e-05 20
1747404048010 4.831460674157304e-05 30
1747404048008 4.831460674157304e-05 30
1747404053617 4.7752808988764046e-05 40
1747404053617 4.7752808988764046e-05 40
1747404057602 4.719101123595506e-05 50
1747404057602 4.719101123595506e-05 50
1747404061635 4.662921348314607e-05 60
1747404065602 4.606741573033708e-05 70
1747404065602 4.606741573033708e-05 70
1747404069598 4.550561797752809e-05 80
1747404069598 4.550561797752809e-05 80
1747404077636 4.4943820224719104e-05 90
1747404077636 4.4943820224719104e-05 90
1747404081977 4.438202247191011e-05 100
1747404081993 4.438202247191011e-05 100
1747404087208 4.3820224719101126e-05 110
1747404087208 4.3820224719101126e-05 110
1747404091237 4.3258426966292134e-05 120
1747404091237 4.3258426966292134e-05 120
1747404096092 4.269662921348315e-05 130
1747404096092 4.269662921348315e-05 130
1747404100980 4.2134831460674156e-05 140
1747404100980 4.2134831460674156e-05 140
1747404108224 4.157303370786517e-05 150
1747404108224 4.157303370786517e-05 150
1747404113830 4.1011235955056184e-05 160
1747404113830 4.1011235955056184e-05 160
1747404117816 4.044943820224719e-05 170
1747404117816 4.044943820224719e-05 170
1747404126638 3.98876404494382e-05 180
1747404126638 3.98876404494382e-05 180
1747404131758 3.9325842696629214e-05 190
1747404131761 3.9325842696629214e-05 190
1747404137330 3.876404494382023e-05 200
1747404137330 3.876404494382023e-05 200
1747404143027 3.8202247191011236e-05 210
1747404143027 3.8202247191011236e-05 210
1747404150330 3.764044943820225e-05 220
1747404150330 3.764044943820225e-05 220
1747404154275 3.7078651685393264e-05 230
1747404154277 3.7078651685393264e-05 230
1747404158263 3.651685393258427e-05 240
1747404158263 3.651685393258427e-05 240
1747404162243 3.595505617977528e-05 250
1747404162243 3.595505617977528e-05 250
1747404167871 3.5393258426966294e-05 260
1747404167871 3.5393258426966294e-05 260
1747404177432 3.483146067415731e-05 270
1747404177432 3.483146067415731e-05 270
1747404181479 3.4269662921348316e-05 280
1747404181479 3.4269662921348316e-05 280
1747404187116 3.370786516853933e-05 290
1747404187116 3.370786516853933e-05 290
1747404191123 3.314606741573034e-05 300
1747404191121 3.314606741573034e-05 300
1747404195129 3.258426966292135e-05 310
1747404195129 3.258426966292135e-05 310
1747404200793 3.202247191011236e-05 320
1747404200795 3.202247191011236e-05 320
1747404204868 3.1460674157303374e-05 330
1747404204868 3.1460674157303374e-05 330
1747404208915 3.089887640449438e-05 340
1747404208917 3.089887640449438e-05 340
1747404212919 3.0337078651685396e-05 350
1747404212919 3.0337078651685396e-05 350
1747404221194 2.9775280898876406e-05 360
1747404221194 2.9775280898876406e-05 360
1747404225269 2.9213483146067417e-05 370
1747404225270 2.9213483146067417e-05 370
1747404229388 2.8651685393258425e-05 380
1747404229388 2.8651685393258425e-05 380
1747404233451 2.8089887640449443e-05 390
1747404233451 2.8089887640449443e-05 390
1747404237485 2.752808988764045e-05 400
1747404237485 2.752808988764045e-05 400
1747404241491 2.696629213483146e-05 410
1747404241491 2.696629213483146e-05 410
1747404245488 2.6404494382022472e-05 420
1747404245488 2.6404494382022472e-05 420
1747404249477 2.5842696629213486e-05 430
1747404249477 2.5842696629213486e-05 430
1747404253539 2.5280898876404497e-05 440
1747404253541 2.5280898876404497e-05 440
1747404264856 2.4719101123595505e-05 450
1747404264856 2.4719101123595505e-05 450
1747404270478 2.415730337078652e-05 460
1747404270478 2.415730337078652e-05 460
1747404276076 2.359550561797753e-05 470
1747404276076 2.359550561797753e-05 470
1747404280064 2.303370786516854e-05 480
1747404280064 2.303370786516854e-05 480
1747404286203 2.2471910112359552e-05 490
1747404286203 2.2471910112359552e-05 490
1747404291387 2.1910112359550563e-05 500
1747404291387 2.1910112359550563e-05 500
1747404295439 2.1348314606741574e-05 510
1747404295439 2.1348314606741574e-05 510
1747404299742 2.0786516853932585e-05 520
1747404299742 2.0786516853932585e-05 520
1747404303808 2.0224719101123596e-05 530
1747404303810 2.0224719101123596e-05 530
1747404312294 1.9662921348314607e-05 540
1747404312294 1.9662921348314607e-05 540
1747404316356 1.9101123595505618e-05 550
1747404316356 1.9101123595505618e-05 550
1747404320466 1.8539325842696632e-05 560
1747404320466 1.8539325842696632e-05 560
1747404324500 1.797752808988764e-05 570
1747404324500 1.797752808988764e-05 570
1747404328539 1.7415730337078654e-05 580
1747404328539 1.7415730337078654e-05 580
1747404332552 1.6853932584269665e-05 590
1747404332554 1.6853932584269665e-05 590
1747404338187 1.6292134831460676e-05 600
1747404338202 1.6292134831460676e-05 600
1747404342294 1.5730337078651687e-05 610
1747404342294 1.5730337078651687e-05 610
1747404346286 1.5168539325842698e-05 620
1747404346286 1.5168539325842698e-05 620
