1747404038485 0.6112 10
1747404038486 0.6112 10
1747404042434 0.7509 20
1747404042435 0.7509 20
1747404048010 0.6263 30
1747404048008 0.6263 30
1747404053617 0.6431 40
1747404053617 0.6431 40
1747404057602 0.6602 50
1747404057602 0.6602 50
1747404061635 0.5337 60
1747404061635 0.5337 60
1747404065602 0.7601 70
1747404065602 0.7601 70
1747404069598 0.6276 80
1747404069598 0.6276 80
1747404077636 0.4901 90
1747404077636 0.4901 90
1747404081977 0.5632 100
1747404081993 0.5632 100
1747404087208 0.4144 110
1747404087208 0.4144 110
1747404091237 0.4371 120
1747404091237 0.4371 120
1747404096092 0.6463 130
1747404096092 0.6463 130
1747404100980 0.6343 140
1747404100980 0.6343 140
1747404108224 0.5041 150
1747404108224 0.5041 150
1747404113830 0.3494 160
1747404113830 0.3494 160
1747404117816 0.35 170
1747404117816 0.35 170
1747404126638 0.3515 180
1747404126638 0.3515 180
1747404131758 0.2142 190
1747404131761 0.2142 190
1747404137330 0.2925 200
1747404137330 0.2925 200
1747404143027 0.3027 210
1747404143027 0.3027 210
1747404150330 0.3882 220
1747404150330 0.3882 220
1747404154275 0.238 230
1747404154277 0.238 230
1747404158263 0.2716 240
1747404158263 0.2716 240
1747404162243 0.1613 250
1747404162243 0.1613 250
1747404167871 0.3037 260
1747404167871 0.3037 260
1747404177432 0.1655 270
1747404177432 0.1655 270
1747404181479 0.1694 280
1747404181479 0.1694 280
1747404187116 0.179 290
1747404187116 0.179 290
1747404191121 0.1825 300
1747404191123 0.1825 300
1747404195129 0.1897 310
1747404195129 0.1897 310
1747404200793 0.2637 320
1747404200795 0.2637 320
1747404204868 0.125 330
1747404204868 0.125 330
1747404208917 0.2035 340
1747404208915 0.2035 340
1747404212919 0.2669 350
1747404212919 0.2669 350
1747404221194 0.0783 360
1747404221194 0.0783 360
1747404225269 0.1614 370
1747404225270 0.1614 370
1747404229388 0.0783 380
1747404229388 0.0783 380
1747404233451 0.0939 390
1747404233451 0.0939 390
1747404237485 0.1168 400
1747404237485 0.1168 400
1747404241491 0.1177 410
1747404241491 0.1177 410
1747404245488 0.0954 420
1747404245488 0.0954 420
1747404249477 0.216 430
1747404249477 0.216 430
1747404253539 0.0674 440
1747404253541 0.0674 440
1747404264856 0.0957 450
1747404264856 0.0957 450
1747404270478 0.057 460
1747404270478 0.057 460
1747404276076 0.088 470
1747404276076 0.088 470
1747404280064 0.0641 480
1747404280064 0.0641 480
1747404286203 0.0642 490
1747404286203 0.0642 490
1747404291387 0.1515 500
1747404291387 0.1515 500
1747404295439 0.0645 510
1747404295439 0.0645 510
1747404299742 0.0748 520
1747404299742 0.0748 520
1747404303808 0.0538 530
1747404303810 0.0538 530
1747404312294 0.1046 540
1747404312294 0.1046 540
1747404316356 0.0035 550
1747404316356 0.0035 550
1747404320466 0.0386 560
1747404320466 0.0386 560
1747404324500 0.0404 570
1747404324500 0.0404 570
1747404328539 0.0372 580
1747404328539 0.0372 580
1747404332552 0.0664 590
1747404332554 0.0664 590
1747404338187 0.0379 600
1747404338202 0.0379 600
1747404342294 0.0469 610
1747404342294 0.0469 610
1747404346286 0.0736 620
1747404346286 0.0736 620
