1747355297984 1.0 5
1747355297984 1.0 5
1747355301426 2.0 10
1747355301426 2.0 10
1747355301559 2.0 10
1747355301560 2.0 10
1747355305019 3.0 15
1747355305019 3.0 15
1747355308448 4.0 20
1747355308448 4.0 20
1747355308580 4.0 20
1747355308581 4.0 20
1747355314048 5.0 25
1747355314049 5.0 25
1747355319299 6.0 30
1747355319300 6.0 30
1747355319429 6.0 30
1747355319429 6.0 30
1747355323068 7.0 35
1747355323069 7.0 35
1747355328314 8.0 40
1747355328315 8.0 40
1747355328446 8.0 40
1747355328446 8.0 40
1747355332340 9.0 45
1747355332341 9.0 45
1747355335839 10.0 50
1747355335839 10.0 50
1747355335975 10.0 50
1747355335976 10.0 50
1747355338063 10.0 50
1747355338063 10.0 50
