1747390239953 0.11235955056179775 10
1747390239953 0.11235955056179775 10
1747390243841 0.2247191011235955 20
1747390243842 0.2247191011235955 20
1747390245765 0.33707865168539325 30
1747390245766 0.33707865168539325 30
1747390247700 0.449438202247191 40
1747390247701 0.449438202247191 40
1747390249630 0.5617977528089888 50
1747390249631 0.5617977528089888 50
1747390251592 0.6741573033707865 60
1747390251593 0.6741573033707865 60
1747390253535 0.7865168539325843 70
1747390253536 0.7865168539325843 70
1747390255496 0.898876404494382 80
1747390255497 0.898876404494382 80
1747390258417 1.0 89
1747390258418 1.0 89
1747390259743 1.0112359550561798 90
1747390259744 1.0112359550561798 90
1747390263302 1.1235955056179776 100
1747390263304 1.1235955056179776 100
1747390265612 1.2359550561797752 110
1747390265613 1.2359550561797752 110
1747390269218 1.348314606741573 120
1747390269218 1.348314606741573 120
1747390274451 1.4606741573033708 130
1747390274451 1.4606741573033708 130
1747390276420 1.5730337078651684 140
1747390276421 1.5730337078651684 140
1747390278358 1.6853932584269664 150
1747390278359 1.6853932584269664 150
1747390280284 1.797752808988764 160
1747390280284 1.797752808988764 160
1747390282198 1.9101123595505618 170
1747390282199 1.9101123595505618 170
1747390284849 2.0 178
1747390284849 2.0 178
1747390286134 2.0224719101123596 180
1747390286135 2.0224719101123596 180
1747390288060 2.134831460674157 190
1747390288061 2.134831460674157 190
1747390289974 2.247191011235955 200
1747390289975 2.247191011235955 200
1747390291900 2.359550561797753 210
1747390291900 2.359550561797753 210
1747390293819 2.4719101123595504 220
1747390293820 2.4719101123595504 220
1747390295746 2.5842696629213484 230
1747390295747 2.5842696629213484 230
1747390297668 2.696629213483146 240
1747390297669 2.696629213483146 240
1747390299585 2.808988764044944 250
1747390299586 2.808988764044944 250
1747390301512 2.9213483146067416 260
1747390301513 2.9213483146067416 260
1747390303991 3.0 267
1747390303991 3.0 267
1747390305472 3.033707865168539 270
1747390305473 3.033707865168539 270
1747390307417 3.146067415730337 280
1747390307418 3.146067415730337 280
1747390309347 3.258426966292135 290
1747390309348 3.258426966292135 290
1747390311326 3.370786516853933 300
1747390311328 3.370786516853933 300
1747390313301 3.4831460674157304 310
1747390313302 3.4831460674157304 310
1747390315259 3.595505617977528 320
1747390315260 3.595505617977528 320
1747390317319 3.7078651685393256 330
1747390317320 3.7078651685393256 330
1747390319329 3.8202247191011236 340
1747390319330 3.8202247191011236 340
1747390321277 3.932584269662921 350
1747390321278 3.932584269662921 350
1747390323603 4.0 356
1747390323603 4.0 356
1747390324662 4.0 356
1747390324662 4.0 356
