1747390239953 1.1892257928848267 10
1747390239953 1.1892257928848267 10
1747390243841 4.2144575119018555 20
1747390243842 4.2144575119018555 20
1747390245765 2.9052999019622803 30
1747390245766 2.9052999019622803 30
1747390247700 6.15128231048584 40
1747390247701 6.15128231048584 40
1747390249630 3.4999194145202637 50
1747390249631 3.4999194145202637 50
1747390251592 4.235377788543701 60
1747390251593 4.235377788543701 60
1747390253535 4.876322269439697 70
1747390253536 4.876322269439697 70
1747390255496 4.098609924316406 80
1747390255497 4.098609924316406 80
1747390259743 3.607616424560547 90
1747390259744 3.607616424560547 90
1747390263302 2.5771167278289795 100
1747390263304 2.5771167278289795 100
1747390265612 1.1709257364273071 110
1747390265613 1.1709257364273071 110
1747390269218 4.599071025848389 120
1747390269218 4.599071025848389 120
1747390274451 1.4862154722213745 130
1747390274451 1.4862154722213745 130
1747390276420 1.9655201435089111 140
1747390276421 1.9655201435089111 140
1747390278359 10.022333145141602 150
1747390278358 10.022333145141602 150
1747390280284 6.13474178314209 160
1747390280284 6.13474178314209 160
1747390282198 4.466761589050293 170
1747390282199 4.466761589050293 170
1747390286134 6.104958534240723 180
1747390286135 6.104958534240723 180
1747390288060 0.6308769583702087 190
1747390288061 0.6308769583702087 190
1747390289974 3.3963401317596436 200
1747390289975 3.3963401317596436 200
1747390291900 1.7617825269699097 210
1747390291900 1.7617825269699097 210
1747390293819 6.84855842590332 220
1747390293820 6.84855842590332 220
1747390295746 0.07156263291835785 230
1747390295747 0.07156263291835785 230
1747390297668 0.1665080040693283 240
1747390297669 0.1665080040693283 240
1747390299585 0.17201273143291473 250
1747390299586 0.17201273143291473 250
1747390301512 3.8992419242858887 260
1747390301513 3.8992419242858887 260
1747390305472 2.362245798110962 270
1747390305473 2.362245798110962 270
1747390307417 4.455256462097168 280
1747390307418 4.455256462097168 280
1747390309347 0.060049399733543396 290
1747390309348 0.060049399733543396 290
1747390311326 1.2148598432540894 300
1747390311328 1.2148598432540894 300
1747390313301 0.3207416832447052 310
1747390313302 0.3207416832447052 310
1747390315259 8.412958145141602 320
1747390315260 8.412958145141602 320
1747390317319 0.06763403862714767 330
1747390317320 0.06763403862714767 330
1747390319329 0.067622110247612 340
1747390319330 0.067622110247612 340
1747390321277 0.02126941829919815 350
1747390321278 0.02126941829919815 350
