1747390239953 4.943820224719101e-05 10
1747390239953 4.943820224719101e-05 10
1747390243841 4.8876404494382024e-05 20
1747390243842 4.8876404494382024e-05 20
1747390245765 4.831460674157304e-05 30
1747390245766 4.831460674157304e-05 30
1747390247700 4.7752808988764046e-05 40
1747390247701 4.7752808988764046e-05 40
1747390249630 4.719101123595506e-05 50
1747390249631 4.719101123595506e-05 50
1747390251592 4.662921348314607e-05 60
1747390251593 4.662921348314607e-05 60
1747390253535 4.606741573033708e-05 70
1747390253536 4.606741573033708e-05 70
1747390255496 4.550561797752809e-05 80
1747390255497 4.550561797752809e-05 80
1747390259743 4.4943820224719104e-05 90
1747390259744 4.4943820224719104e-05 90
1747390263302 4.438202247191011e-05 100
1747390263304 4.438202247191011e-05 100
1747390265612 4.3820224719101126e-05 110
1747390265613 4.3820224719101126e-05 110
1747390269218 4.3258426966292134e-05 120
1747390269218 4.3258426966292134e-05 120
1747390274451 4.269662921348315e-05 130
1747390274451 4.269662921348315e-05 130
1747390276420 4.2134831460674156e-05 140
1747390276421 4.2134831460674156e-05 140
1747390278358 4.157303370786517e-05 150
1747390278359 4.157303370786517e-05 150
1747390280284 4.1011235955056184e-05 160
1747390280284 4.1011235955056184e-05 160
1747390282198 4.044943820224719e-05 170
1747390282199 4.044943820224719e-05 170
1747390286134 3.98876404494382e-05 180
1747390286135 3.98876404494382e-05 180
1747390288060 3.9325842696629214e-05 190
1747390288061 3.9325842696629214e-05 190
1747390289974 3.876404494382023e-05 200
1747390289975 3.876404494382023e-05 200
1747390291900 3.8202247191011236e-05 210
1747390291900 3.8202247191011236e-05 210
1747390293819 3.764044943820225e-05 220
1747390293820 3.764044943820225e-05 220
1747390295746 3.7078651685393264e-05 230
1747390295747 3.7078651685393264e-05 230
1747390297668 3.651685393258427e-05 240
1747390297669 3.651685393258427e-05 240
1747390299585 3.595505617977528e-05 250
1747390299586 3.595505617977528e-05 250
1747390301512 3.5393258426966294e-05 260
1747390301513 3.5393258426966294e-05 260
1747390305472 3.483146067415731e-05 270
1747390305473 3.483146067415731e-05 270
1747390307417 3.4269662921348316e-05 280
1747390307418 3.4269662921348316e-05 280
1747390309347 3.370786516853933e-05 290
1747390309348 3.370786516853933e-05 290
1747390311326 3.314606741573034e-05 300
1747390311328 3.314606741573034e-05 300
1747390313301 3.258426966292135e-05 310
1747390313302 3.258426966292135e-05 310
1747390315259 3.202247191011236e-05 320
1747390315260 3.202247191011236e-05 320
1747390317319 3.1460674157303374e-05 330
1747390317320 3.1460674157303374e-05 330
1747390319329 3.089887640449438e-05 340
1747390319330 3.089887640449438e-05 340
1747390321277 3.0337078651685396e-05 350
1747390321278 3.0337078651685396e-05 350
