1747390239953 0.6731 10
1747390239953 0.6731 10
1747390243841 0.6239 20
1747390243842 0.6239 20
1747390245765 0.5044 30
1747390245766 0.5044 30
1747390247700 0.5584 40
1747390247701 0.5584 40
1747390249630 0.556 50
1747390249631 0.556 50
1747390251592 0.4195 60
1747390251593 0.4195 60
1747390253535 0.4371 70
1747390253536 0.4371 70
1747390255496 0.3598 80
1747390255497 0.3598 80
1747390259743 0.5035 90
1747390259744 0.5035 90
1747390263302 0.3173 100
1747390263304 0.3173 100
1747390265612 0.2369 110
1747390265613 0.2369 110
1747390269218 0.1966 120
1747390269218 0.1966 120
1747390274451 0.269 130
1747390274451 0.269 130
1747390276420 0.266 140
1747390276421 0.266 140
1747390278358 0.2304 150
1747390280284 0.2772 160
1747390280284 0.2772 160
1747390282198 0.2151 170
1747390282199 0.2151 170
1747390286134 0.3325 180
1747390286135 0.3325 180
1747390288060 0.1354 190
1747390288061 0.1354 190
1747390289974 0.0942 200
1747390289975 0.0942 200
1747390291900 0.137 210
1747390291900 0.137 210
1747390293819 0.108 220
1747390293820 0.108 220
1747390295746 0.1218 230
1747390295747 0.1218 230
1747390297668 0.1697 240
1747390297669 0.1697 240
1747390299585 0.1148 250
1747390299586 0.1148 250
1747390301512 0.0929 260
1747390301513 0.0929 260
1747390305472 0.1017 270
1747390305473 0.1017 270
1747390307417 0.0507 280
1747390307418 0.0507 280
1747390309347 0.0724 290
1747390309348 0.0724 290
1747390311326 0.0138 300
1747390311328 0.0138 300
1747390313301 0.0543 310
1747390313302 0.0543 310
1747390315259 0.0109 320
1747390315260 0.0109 320
1747390317319 0.0141 330
1747390317320 0.0141 330
1747390319329 0.0177 340
1747390319330 0.0177 340
1747390321277 0.0295 350
1747390321278 0.0295 350
