1746971550666 0.5555555555555556 10
1746971550666 0.5555555555555556 10
1746971588714 1.0 18
1746971588715 1.0 18
1746971598098 1.1111111111111112 20
1746971598098 1.1111111111111112 20
1746971640265 1.6666666666666665 30
1746971640265 1.6666666666666665 30
1746971665619 2.0 36
1746971665620 2.0 36
1746971682381 2.2222222222222223 40
1746971682381 2.2222222222222223 40
1746971718562 2.7777777777777777 50
1746971718562 2.7777777777777777 50
1746971736948 3.0 54
1746971736949 3.0 54
1746971763230 3.3333333333333335 60
1746971763230 3.3333333333333335 60
1746971803763 3.888888888888889 70
1746971803763 3.888888888888889 70
1746971815082 4.0 72
1746971815081 4.0 72
1746971847250 4.444444444444445 80
1746971847252 4.444444444444445 80
1746971883919 5.0 90
1746971883920 5.0 90
1746971888693 5.0 90
1746971888694 5.0 90
1746971890224 5.0 90
1746971890224 5.0 90
1746971992776 5.0 90
1746971992778 5.0 90
1746972187000 5.0 90
1746972187000 5.0 90
1746973617134 5.0 90
1746973617134 5.0 90
1746973846706 5.0 90
1746973846706 5.0 90
