1746971550666 11.139782905578613 10
1746971550666 11.139782905578613 10
1746971598098 1.6891223192214966 20
1746971598098 1.6891223192214966 20
1746971640265 4.307200908660889 30
1746971640265 4.307200908660889 30
1746971682381 2.2578670978546143 40
1746971682381 2.2578670978546143 40
1746971718562 5.834617614746094 50
1746971718562 5.834617614746094 50
1746971763230 9.805025100708008 60
1746971763230 9.805025100708008 60
1746971803763 5.258383750915527 70
1746971803763 5.258383750915527 70
1746971847252 1.8722424507141113 80
1746971847250 1.8722424507141113 80
1746971883920 2.1002743244171143 90
1746971883919 2.1002743244171143 90
