1746971550666 4.4444444444444447e-05 10
1746971550666 4.4444444444444447e-05 10
1746971598098 3.888888888888889e-05 20
1746971598098 3.888888888888889e-05 20
1746971640265 3.3333333333333335e-05 30
1746971640265 3.3333333333333335e-05 30
1746971682381 2.777777777777778e-05 40
1746971682381 2.777777777777778e-05 40
1746971718562 2.2222222222222223e-05 50
1746971718562 2.2222222222222223e-05 50
1746971763230 1.6666666666666667e-05 60
1746971763230 1.6666666666666667e-05 60
1746971803763 1.1111111111111112e-05 70
1746971803763 1.1111111111111112e-05 70
1746971847252 5.555555555555556e-06 80
1746971847250 5.555555555555556e-06 80
1746971883919 0.0 90
1746971883920 0.0 90
