1744047475374 4.198167324066162 10
1744047475375 4.198167324066162 10
1744047482459 7.127918720245361 20
1744047482460 7.127918720245361 20
1744047486360 6.594997882843018 30
1744047486361 6.594997882843018 30
1744047490236 9.852105140686035 40
1744047490237 9.852105140686035 40
1744047494123 6.542069911956787 50
1744047494122 6.542069911956787 50
1744047498008 7.749533653259277 60
1744047498009 7.749533653259277 60
1744047501910 10.736766815185547 70
1744047501911 10.736766815185547 70
1744047505810 12.179929733276367 80
1744047505811 12.179929733276367 80
1744047509747 5.45489501953125 90
1744047509747 5.45489501953125 90
1744047513654 4.207560062408447 100
1744047513655 4.207560062408447 100
1744047519118 9.725048065185547 110
1744047519118 9.725048065185547 110
1744047523041 2.1886932849884033 120
1744047523042 2.1886932849884033 120
1744047528606 27.03298568725586 130
1744047528607 27.03298568725586 130
1744047532549 17.582807540893555 140
1744047532550 17.582807540893555 140
1744047536481 2.099179744720459 150
1744047536482 2.099179744720459 150
1744047542037 7.700660705566406 160
1744047542038 7.700660705566406 160
1744047549190 6.356695652008057 170
1744047549191 6.356695652008057 170
1744047559255 14.26075267791748 180
1744047559254 14.26075267791748 180
1744047563240 0.5414317846298218 190
1744047563241 0.5414317846298218 190
1744047567227 13.89293098449707 200
1744047567228 13.89293098449707 200
1744047572664 24.89028549194336 210
1744047572665 24.89028549194336 210
1744047576673 0.6461102366447449 220
1744047576674 0.6461102366447449 220
1744047580675 11.374438285827637 230
1744047580677 11.374438285827637 230
1744047586302 12.00886344909668 240
1744047586303 12.00886344909668 240
1744047591935 0.9815986156463623 250
1744047591935 0.9815986156463623 250
1744047595924 3.593282461166382 260
1744047595925 3.593282461166382 260
1744047601552 61.0419807434082 270
1744047601551 61.0419807434082 270
1744047607231 43.91666030883789 280
1744047607232 43.91666030883789 280
1744047611325 20.60338592529297 290
1744047611326 20.60338592529297 290
1744047615344 10.134151458740234 300
1744047615345 10.134151458740234 300
1744047620839 11.093324661254883 310
1744047620839 11.093324661254883 310
1744047626503 25.083452224731445 320
1744047626504 25.083452224731445 320
1744047632154 12.253219604492188 330
1744047632155 12.253219604492188 330
1744047636166 28.401580810546875 340
1744047636167 28.401580810546875 340
1744047641904 4.8539838790893555 350
1744047641904 4.8539838790893555 350
1744047654245 47.321102142333984 360
1744047654246 47.321102142333984 360
1744047658414 0.6678377985954285 370
1744047658415 0.6678377985954285 370
1744047662582 0.1378721445798874 380
1744047662589 0.1378721445798874 380
1744047666765 0.1009085476398468 390
1744047666766 0.1009085476398468 390
1744047672611 0.1159120574593544 400
1744047672612 0.1159120574593544 400
1744047680046 3.893604278564453 410
1744047680046 3.893604278564453 410
1744047684220 0.044148433953523636 420
1744047684217 0.044148433953523636 420
1744047688412 4.219851493835449 430
1744047688413 4.219851493835449 430
1744047694164 0.40989649295806885 440
1744047694165 0.40989649295806885 440
1744047698270 0.03000008314847946 450
1744047698271 0.03000008314847946 450
1744047702371 0.317135751247406 460
1744047702371 0.317135751247406 460
1744047706454 0.05820288881659508 470
1744047706453 0.05820288881659508 470
1744047710563 0.042663365602493286 480
1744047710564 0.042663365602493286 480
1744047716307 0.045126449316740036 490
1744047716308 0.045126449316740036 490
1744047723659 0.03743009641766548 500
1744047723662 0.03743009641766548 500
1744047730097 0.028270242735743523 510
1744047730099 0.028270242735743523 510
1744047734490 0.040289487689733505 520
1744047734492 0.040289487689733505 520
1744047738844 0.1250329613685608 530
1744047738846 0.1250329613685608 530
