1744047475374 4.906367041198502e-05 10
1744047475375 4.906367041198502e-05 10
1744047482459 4.812734082397004e-05 20
1744047482460 4.812734082397004e-05 20
1744047486360 4.719101123595506e-05 30
1744047486361 4.719101123595506e-05 30
1744047490236 4.625468164794008e-05 40
1744047490237 4.625468164794008e-05 40
1744047494123 4.531835205992509e-05 50
1744047494122 4.531835205992509e-05 50
1744047498008 4.438202247191011e-05 60
1744047498009 4.438202247191011e-05 60
1744047501910 4.344569288389513e-05 70
1744047501911 4.344569288389513e-05 70
1744047505810 4.250936329588015e-05 80
1744047505811 4.250936329588015e-05 80
1744047509747 4.157303370786517e-05 90
1744047509747 4.157303370786517e-05 90
1744047513654 4.063670411985019e-05 100
1744047513655 4.063670411985019e-05 100
1744047519118 3.970037453183521e-05 110
1744047519118 3.970037453183521e-05 110
1744047523041 3.876404494382023e-05 120
1744047523042 3.876404494382023e-05 120
1744047528606 3.782771535580524e-05 130
1744047528607 3.782771535580524e-05 130
1744047532549 3.689138576779027e-05 140
1744047532550 3.689138576779027e-05 140
1744047536481 3.595505617977528e-05 150
1744047536482 3.595505617977528e-05 150
1744047542037 3.5018726591760305e-05 160
1744047542038 3.5018726591760305e-05 160
1744047549190 3.408239700374532e-05 170
1744047549191 3.408239700374532e-05 170
1744047559255 3.314606741573034e-05 180
1744047559254 3.314606741573034e-05 180
1744047563240 3.220973782771536e-05 190
1744047563241 3.220973782771536e-05 190
1744047567227 3.1273408239700376e-05 200
1744047567228 3.1273408239700376e-05 200
1744047572664 3.0337078651685396e-05 210
1744047572665 3.0337078651685396e-05 210
1744047576674 2.940074906367041e-05 220
1744047576673 2.940074906367041e-05 220
1744047580675 2.846441947565543e-05 230
1744047580677 2.846441947565543e-05 230
1744047586302 2.752808988764045e-05 240
1744047586303 2.752808988764045e-05 240
1744047591935 2.6591760299625466e-05 250
1744047591935 2.6591760299625466e-05 250
1744047595924 2.565543071161049e-05 260
1744047595925 2.565543071161049e-05 260
1744047601551 2.4719101123595505e-05 270
1744047601552 2.4719101123595505e-05 270
1744047607231 2.3782771535580524e-05 280
1744047607232 2.3782771535580524e-05 280
1744047611325 2.2846441947565544e-05 290
1744047611326 2.2846441947565544e-05 290
1744047615344 2.1910112359550563e-05 300
1744047615345 2.1910112359550563e-05 300
1744047620839 2.0973782771535582e-05 310
1744047620839 2.0973782771535582e-05 310
1744047626503 2.00374531835206e-05 320
1744047626504 2.00374531835206e-05 320
1744047632154 1.9101123595505618e-05 330
1744047632155 1.9101123595505618e-05 330
1744047636166 1.8164794007490637e-05 340
1744047636167 1.8164794007490637e-05 340
1744047641904 1.7228464419475657e-05 350
1744047641904 1.7228464419475657e-05 350
1744047654245 1.6292134831460676e-05 360
1744047654246 1.6292134831460676e-05 360
1744047658414 1.5355805243445692e-05 370
1744047658415 1.5355805243445692e-05 370
1744047662582 1.4419475655430711e-05 380
1744047662589 1.4419475655430711e-05 380
1744047666765 1.348314606741573e-05 390
1744047666766 1.348314606741573e-05 390
1744047672611 1.254681647940075e-05 400
1744047672612 1.254681647940075e-05 400
1744047680046 1.161048689138577e-05 410
1744047680046 1.161048689138577e-05 410
1744047684220 1.0674157303370787e-05 420
1744047684217 1.0674157303370787e-05 420
1744047688412 9.737827715355806e-06 430
1744047688413 9.737827715355806e-06 430
1744047694164 8.801498127340826e-06 440
1744047694165 8.801498127340826e-06 440
1744047698270 7.865168539325843e-06 450
1744047698271 7.865168539325843e-06 450
1744047702371 6.928838951310862e-06 460
1744047702371 6.928838951310862e-06 460
1744047706454 5.9925093632958805e-06 470
1744047706453 5.9925093632958805e-06 470
1744047710563 5.056179775280899e-06 480
1744047710564 5.056179775280899e-06 480
1744047716307 4.1198501872659175e-06 490
1744047716308 4.1198501872659175e-06 490
1744047723659 3.1835205992509364e-06 500
1744047723662 3.1835205992509364e-06 500
1744047730099 2.247191011235955e-06 510
1744047730097 2.247191011235955e-06 510
1744047734490 1.310861423220974e-06 520
1744047734492 1.310861423220974e-06 520
1744047738844 3.7453183520599253e-07 530
1744047738846 3.7453183520599253e-07 530
