1747390096918 0.11235955056179775 10
1747390096919 0.11235955056179775 10
1747390098835 0.2247191011235955 20
1747390098836 0.2247191011235955 20
1747390102410 0.33707865168539325 30
1747390102411 0.33707865168539325 30
1747390104335 0.449438202247191 40
1747390104335 0.449438202247191 40
1747390106265 0.5617977528089888 50
1747390106266 0.5617977528089888 50
1747390108201 0.6741573033707865 60
1747390108202 0.6741573033707865 60
1747390110148 0.7865168539325843 70
1747390110148 0.7865168539325843 70
1747390112084 0.898876404494382 80
1747390112085 0.898876404494382 80
1747390114989 1.0 89
1747390114990 1.0 89
1747390116101 1.0112359550561798 90
1747390116102 1.0112359550561798 90
1747390118054 1.1235955056179776 100
1747390118055 1.1235955056179776 100
1747390119997 1.2359550561797752 110
1747390119998 1.2359550561797752 110
1747390121950 1.348314606741573 120
1747390121951 1.348314606741573 120
1747390123899 1.4606741573033708 130
1747390123900 1.4606741573033708 130
1747390125852 1.5730337078651684 140
1747390125853 1.5730337078651684 140
1747390129413 1.6853932584269664 150
1747390129413 1.6853932584269664 150
1747390131356 1.797752808988764 160
1747390131357 1.797752808988764 160
1747390134930 1.9101123595505618 170
1747390134931 1.9101123595505618 170
1747390137648 2.0 178
1747390137647 2.0 178
1747390138937 2.0224719101123596 180
1747390138937 2.0224719101123596 180
1747390142548 2.134831460674157 190
1747390142551 2.134831460674157 190
1747390144522 2.247191011235955 200
1747390144523 2.247191011235955 200
1747390146475 2.359550561797753 210
1747390146475 2.359550561797753 210
1747390148421 2.4719101123595504 220
1747390148422 2.4719101123595504 220
1747390150379 2.5842696629213484 230
1747390150379 2.5842696629213484 230
1747390152335 2.696629213483146 240
1747390152336 2.696629213483146 240
1747390155956 2.808988764044944 250
1747390155957 2.808988764044944 250
1747390159536 2.9213483146067416 260
1747390159537 2.9213483146067416 260
1747390162068 3.0 267
1747390162070 3.0 267
1747390163547 3.033707865168539 270
1747390163548 3.033707865168539 270
1747390167125 3.146067415730337 280
1747390167125 3.146067415730337 280
1747390169087 3.258426966292135 290
1747390169088 3.258426966292135 290
1747390172654 3.370786516853933 300
1747390172654 3.370786516853933 300
1747390175914 3.4831460674157304 310
1747390175917 3.4831460674157304 310
1747390178226 3.595505617977528 320
1747390178226 3.595505617977528 320
1747390180173 3.7078651685393256 330
1747390180174 3.7078651685393256 330
1747390182126 3.8202247191011236 340
1747390182126 3.8202247191011236 340
1747390184080 3.932584269662921 350
1747390184081 3.932584269662921 350
1747390186421 4.0 356
1747390186420 4.0 356
1747390187302 4.0 356
1747390187302 4.0 356
