1747390096918 1.4657213687896729 10
1747390096919 1.4657213687896729 10
1747390098835 3.6040093898773193 20
1747390098836 3.6040093898773193 20
1747390102410 2.5711216926574707 30
1747390102411 2.5711216926574707 30
1747390104335 2.1422135829925537 40
1747390104335 2.1422135829925537 40
1747390106265 9.328181266784668 50
1747390106266 9.328181266784668 50
1747390108201 4.292264938354492 60
1747390108202 4.292264938354492 60
1747390110148 3.82731294631958 70
1747390110148 3.82731294631958 70
1747390112084 4.466347694396973 80
1747390112085 4.466347694396973 80
1747390116101 2.9817135334014893 90
1747390116102 2.9817135334014893 90
1747390118054 4.014319896697998 100
1747390118055 4.014319896697998 100
1747390119997 4.409028053283691 110
1747390119998 4.409028053283691 110
1747390121950 5.808851718902588 120
1747390121951 5.808851718902588 120
1747390123899 6.809966087341309 130
1747390123900 6.809966087341309 130
1747390125852 5.428569316864014 140
1747390125853 5.428569316864014 140
1747390129413 3.2823917865753174 150
1747390129413 3.2823917865753174 150
1747390131356 4.915954113006592 160
1747390131357 4.915954113006592 160
1747390134930 3.1295878887176514 170
1747390134931 3.1295878887176514 170
1747390138937 4.751264572143555 180
1747390138937 4.751264572143555 180
1747390142548 8.118218421936035 190
1747390142551 8.118218421936035 190
1747390144522 3.9159750938415527 200
1747390144523 3.9159750938415527 200
1747390146475 0.5553609132766724 210
1747390146475 0.5553609132766724 210
1747390148421 2.3673324584960938 220
1747390148422 2.3673324584960938 220
1747390150379 7.888514995574951 230
1747390150379 7.888514995574951 230
1747390152335 28.558984756469727 240
1747390152336 28.558984756469727 240
1747390155956 22.95261001586914 250
1747390155957 22.95261001586914 250
1747390159536 0.5478400588035583 260
1747390159537 0.5478400588035583 260
1747390163547 0.13786710798740387 270
1747390163548 0.13786710798740387 270
1747390167125 0.061736609786748886 280
1747390167125 0.061736609786748886 280
1747390169087 0.37837541103363037 290
1747390169088 0.37837541103363037 290
1747390172654 0.07331504672765732 300
1747390172654 0.07331504672765732 300
1747390175914 1.1671758890151978 310
1747390175917 1.1671758890151978 310
1747390178226 0.020609313622117043 320
1747390178226 0.020609313622117043 320
1747390180173 0.016563676297664642 330
1747390180174 0.016563676297664642 330
1747390182126 0.08670476824045181 340
1747390182126 0.08670476824045181 340
1747390184080 0.05962096154689789 350
1747390184081 0.05962096154689789 350
