1747390096918 4.943820224719101e-05 10
1747390096919 4.943820224719101e-05 10
1747390098835 4.8876404494382024e-05 20
1747390098836 4.8876404494382024e-05 20
1747390102410 4.831460674157304e-05 30
1747390102411 4.831460674157304e-05 30
1747390104335 4.7752808988764046e-05 40
1747390104335 4.7752808988764046e-05 40
1747390106265 4.719101123595506e-05 50
1747390106266 4.719101123595506e-05 50
1747390108201 4.662921348314607e-05 60
1747390108202 4.662921348314607e-05 60
1747390110148 4.606741573033708e-05 70
1747390110148 4.606741573033708e-05 70
1747390112084 4.550561797752809e-05 80
1747390112085 4.550561797752809e-05 80
1747390116101 4.4943820224719104e-05 90
1747390116102 4.4943820224719104e-05 90
1747390118054 4.438202247191011e-05 100
1747390118055 4.438202247191011e-05 100
1747390119997 4.3820224719101126e-05 110
1747390119998 4.3820224719101126e-05 110
1747390121950 4.3258426966292134e-05 120
1747390121951 4.3258426966292134e-05 120
1747390123899 4.269662921348315e-05 130
1747390123900 4.269662921348315e-05 130
1747390125852 4.2134831460674156e-05 140
1747390125853 4.2134831460674156e-05 140
1747390129413 4.157303370786517e-05 150
1747390129413 4.157303370786517e-05 150
1747390131356 4.1011235955056184e-05 160
1747390131357 4.1011235955056184e-05 160
1747390134930 4.044943820224719e-05 170
1747390134931 4.044943820224719e-05 170
1747390138937 3.98876404494382e-05 180
1747390138937 3.98876404494382e-05 180
1747390142548 3.9325842696629214e-05 190
1747390142551 3.9325842696629214e-05 190
1747390144522 3.876404494382023e-05 200
1747390144523 3.876404494382023e-05 200
1747390146475 3.8202247191011236e-05 210
1747390146475 3.8202247191011236e-05 210
1747390148421 3.764044943820225e-05 220
1747390148422 3.764044943820225e-05 220
1747390150379 3.7078651685393264e-05 230
1747390150379 3.7078651685393264e-05 230
1747390152335 3.651685393258427e-05 240
1747390152336 3.651685393258427e-05 240
1747390155956 3.595505617977528e-05 250
1747390155957 3.595505617977528e-05 250
1747390159536 3.5393258426966294e-05 260
1747390159537 3.5393258426966294e-05 260
1747390163547 3.483146067415731e-05 270
1747390163548 3.483146067415731e-05 270
1747390167125 3.4269662921348316e-05 280
1747390167125 3.4269662921348316e-05 280
1747390169087 3.370786516853933e-05 290
1747390169088 3.370786516853933e-05 290
1747390172654 3.314606741573034e-05 300
1747390172654 3.314606741573034e-05 300
1747390175914 3.258426966292135e-05 310
1747390175917 3.258426966292135e-05 310
1747390178226 3.202247191011236e-05 320
1747390178226 3.202247191011236e-05 320
1747390180173 3.1460674157303374e-05 330
1747390180174 3.1460674157303374e-05 330
1747390182126 3.089887640449438e-05 340
1747390182126 3.089887640449438e-05 340
1747390184080 3.0337078651685396e-05 350
1747390184081 3.0337078651685396e-05 350
