1747390096918 0.6298 10
1747390096919 0.6298 10
1747390098835 0.6302 20
1747390098836 0.6302 20
1747390102410 0.6005 30
1747390102411 0.6005 30
1747390104335 0.5313 40
1747390104335 0.5313 40
1747390106265 0.4267 50
1747390106266 0.4267 50
1747390108201 0.444 60
1747390108202 0.444 60
1747390110148 0.464 70
1747390110148 0.464 70
1747390112084 0.4649 80
1747390112085 0.4649 80
1747390116101 0.4085 90
1747390116102 0.4085 90
1747390118054 0.4056 100
1747390118055 0.4056 100
1747390119997 0.3385 110
1747390119998 0.3385 110
1747390121950 0.2404 120
1747390121951 0.2404 120
1747390123899 0.23 130
1747390123900 0.23 130
1747390125852 0.289 140
1747390125853 0.289 140
1747390129413 0.2766 150
1747390129413 0.2766 150
1747390131356 0.2008 160
1747390131357 0.2008 160
1747390134930 0.2065 170
1747390134931 0.2065 170
1747390138937 0.1065 180
1747390138937 0.1065 180
1747390142548 0.1089 190
1747390142551 0.1089 190
1747390144522 0.1009 200
1747390144523 0.1009 200
1747390146475 0.1418 210
1747390146475 0.1418 210
1747390148421 0.0607 220
1747390148422 0.0607 220
1747390150379 0.093 230
1747390150379 0.093 230
1747390152335 0.0807 240
1747390152336 0.0807 240
1747390155956 0.0648 250
1747390155957 0.0648 250
1747390159536 0.0574 260
1747390159537 0.0574 260
1747390163547 0.0916 270
1747390163548 0.0916 270
1747390167125 0.0197 280
1747390167125 0.0197 280
1747390169087 0.0034 290
1747390169088 0.0034 290
1747390172654 0.0024 300
1747390172654 0.0024 300
1747390175914 0.0021 310
1747390175917 0.0021 310
1747390178226 0.007 320
1747390178226 0.007 320
1747390180173 0.0097 330
1747390180174 0.0097 330
1747390182126 0.0036 340
1747390182126 0.0036 340
1747390184080 0.0619 350
1747390184081 0.0619 350
