1747066818784 0.5555555555555556 10
1747066818784 0.5555555555555556 10
1747066822349 1.0 18
1747066822349 1.0 18
1747066824258 1.1111111111111112 20
1747066824259 1.1111111111111112 20
1747066830012 1.6666666666666665 30
1747066830012 1.6666666666666665 30
1747066832851 2.0 36
1747066832850 2.0 36
1747066835653 2.2222222222222223 40
1747066835652 2.2222222222222223 40
1747066839755 2.7777777777777777 50
1747066839756 2.7777777777777777 50
1747066841770 3.0 54
1747066841770 3.0 54
1747066845187 3.3333333333333335 60
1747066845188 3.3333333333333335 60
1747066849315 3.888888888888889 70
1747066849318 3.888888888888889 70
1747066850519 4.0 72
1747066850520 4.0 72
1747066856333 4.444444444444445 80
1747066856333 4.444444444444445 80
1747066861945 5.0 90
1747066861946 5.0 90
1747066862423 5.0 90
1747066862424 5.0 90
1747066864247 5.0 90
1747066864248 5.0 90
