1747066818784 1.978144645690918 10
1747066818784 1.978144645690918 10
1747066824258 3.4832005500793457 20
1747066824259 3.4832005500793457 20
1747066830012 4.324589252471924 30
1747066830012 4.324589252471924 30
1747066835653 2.2623157501220703 40
1747066835652 2.2623157501220703 40
1747066839755 6.879137992858887 50
1747066839756 6.879137992858887 50
1747066845187 6.436314105987549 60
1747066845188 6.436314105987549 60
1747066849315 5.430519104003906 70
1747066849318 5.430519104003906 70
1747066856333 2.322511911392212 80
1747066856333 2.322511911392212 80
1747066861945 1.1594364643096924 90
1747066861946 1.1594364643096924 90
