1747066818784 4.4444444444444447e-05 10
1747066818784 4.4444444444444447e-05 10
1747066824258 3.888888888888889e-05 20
1747066824259 3.888888888888889e-05 20
1747066830012 3.3333333333333335e-05 30
1747066830012 3.3333333333333335e-05 30
1747066835653 2.777777777777778e-05 40
1747066835652 2.777777777777778e-05 40
1747066839755 2.2222222222222223e-05 50
1747066839756 2.2222222222222223e-05 50
1747066845187 1.6666666666666667e-05 60
1747066845188 1.6666666666666667e-05 60
1747066849315 1.1111111111111112e-05 70
1747066849318 1.1111111111111112e-05 70
1747066856333 5.555555555555556e-06 80
1747066856333 5.555555555555556e-06 80
1747066861946 0.0 90
1747066861945 0.0 90
