1744052541399 7.41867733001709 10
1744052541400 7.41867733001709 10
1744052545273 2.9099442958831787 20
1744052545273 2.9099442958831787 20
1744052549113 6.462699890136719 30
1744052549114 6.462699890136719 30
1744052552990 5.293481826782227 40
1744052552991 5.293481826782227 40
1744052556874 4.503625392913818 50
1744052556874 4.503625392913818 50
1744052562388 2.5026276111602783 60
1744052562389 2.5026276111602783 60
1744052569598 7.066769123077393 70
1744052569599 7.066769123077393 70
1744052573579 9.452228546142578 80
1744052573580 9.452228546142578 80
1744052577495 32.61463165283203 90
1744052577495 32.61463165283203 90
1744052581448 22.106170654296875 100
1744052581448 22.106170654296875 100
1744052586852 6.936222553253174 110
1744052586851 6.936222553253174 110
1744052590791 3.652458429336548 120
1744052590792 3.652458429336548 120
1744052596405 2.165235757827759 130
1744052596405 2.165235757827759 130
1744052602008 28.59249496459961 140
1744052602009 28.59249496459961 140
1744052606016 29.13154411315918 150
1744052606016 29.13154411315918 150
1744052609962 11.856874465942383 160
1744052609962 11.856874465942383 160
1744052617112 9.13662338256836 170
1744052617114 9.13662338256836 170
1744052625655 23.331066131591797 180
1744052625656 23.331066131591797 180
1744052630929 15.902130126953125 190
1744052630933 15.902130126953125 190
1744052635591 0.7180183529853821 200
1744052635592 0.7180183529853821 200
1744052642038 10.44122314453125 210
1744052642039 10.44122314453125 210
1744052646345 17.930850982666016 220
1744052646346 17.930850982666016 220
1744052650873 2.1339046955108643 230
1744052650877 2.1339046955108643 230
1744052658375 0.1426602303981781 240
1744052658378 0.1426602303981781 240
1744052664353 41.47395706176758 250
1744052664355 41.47395706176758 250
1744052672075 0.10918663442134857 260
1744052672075 0.10918663442134857 260
1744052676229 44.99114227294922 270
1744052676229 44.99114227294922 270
1744052680565 0.1321777105331421 280
1744052680565 0.1321777105331421 280
1744052686729 5.305035591125488 290
1744052686733 5.305035591125488 290
1744052691186 3.963278293609619 300
1744052691187 3.963278293609619 300
1744052700967 15.809868812561035 310
1744052700968 15.809868812561035 310
1744052705087 4.085977554321289 320
1744052705088 4.085977554321289 320
1744052710970 27.131805419921875 330
1744052710971 27.131805419921875 330
1744052716656 0.7418777346611023 340
1744052716657 0.7418777346611023 340
1744052720838 48.234718322753906 350
1744052720840 48.234718322753906 350
1744052732753 0.15062513947486877 360
1744052732754 0.15062513947486877 360
1744052739981 0.32456767559051514 370
1744052739982 0.32456767559051514 370
1744052743955 0.0956447571516037 380
1744052743956 0.0956447571516037 380
1744052747952 0.06522466242313385 390
1744052747953 0.06522466242313385 390
1744052751946 0.36987972259521484 400
1744052751947 0.36987972259521484 400
1744052760589 63.99114990234375 410
1744052760589 63.99114990234375 410
1744052764615 4.8618950843811035 420
1744052764616 4.8618950843811035 420
1744052768616 2.8566927909851074 430
1744052768617 2.8566927909851074 430
1744052772606 0.058243148028850555 440
1744052772607 0.058243148028850555 440
1744052776612 40.06153106689453 450
1744052776613 40.06153106689453 450
1744052782239 0.03670809790492058 460
1744052782241 0.03670809790492058 460
1744052786256 3.3372678756713867 470
1744052786256 3.3372678756713867 470
1744052791865 29.177282333374023 480
1744052791866 29.177282333374023 480
1744052795870 0.19452130794525146 490
1744052795871 0.19452130794525146 490
1744052799946 0.08780752867460251 500
1744052799948 0.08780752867460251 500
1744052805412 0.04657763987779617 510
1744052805412 0.04657763987779617 510
1744052809623 0.05239862948656082 520
1744052809624 0.05239862948656082 520
1744052813767 20.63727569580078 530
1744052813768 20.63727569580078 530
1744206647887 8.308753967285156 10
1744206647888 8.308753967285156 10
