1747232906651 0.5263157894736842 10
1747232906651 0.5263157894736842 10
1747232916473 1.0 19
1747232916473 1.0 19
1747232918780 1.0526315789473684 20
1747232918780 1.0526315789473684 20
1747232928464 1.5789473684210527 30
1747232928465 1.5789473684210527 30
1747232937443 2.0 38
1747232937443 2.0 38
1747232940609 2.1052631578947367 40
1747232940609 2.1052631578947367 40
1747232948861 2.6315789473684212 50
1747232948861 2.6315789473684212 50
1747232955422 3.0 57
1747232955422 3.0 57
1747232959553 3.1578947368421053 60
1747232959553 3.1578947368421053 60
1747232967865 3.6842105263157894 70
1747232967865 3.6842105263157894 70
1747232975259 4.0 76
1747232975259 4.0 76
1747232981701 4.2105263157894735 80
1747232981702 4.2105263157894735 80
1747232990119 4.7368421052631575 90
1747232990121 4.7368421052631575 90
1747232995057 5.0 95
1747232995058 5.0 95
1747233000964 5.2631578947368425 100
1747233000964 5.2631578947368425 100
1747233009298 5.7894736842105265 110
1747233009298 5.7894736842105265 110
1747233015082 6.0 114
1747233015083 6.0 114
1747233016637 6.0 114
1747233016637 6.0 114
