1747232906651 9.72331428527832 10
1747232906651 9.72331428527832 10
1747232918780 1.9542337656021118 20
1747232918780 1.9542337656021118 20
1747232928464 1.1715272665023804 30
1747232928465 1.1715272665023804 30
1747232940609 0.10775517672300339 40
1747232940609 0.10775517672300339 40
1747232948861 0.04619157314300537 50
1747232948861 0.04619157314300537 50
1747232959553 0.0354519747197628 60
1747232959553 0.0354519747197628 60
1747232967865 0.023409171029925346 70
1747232967865 0.023409171029925346 70
1747232981701 0.01618807390332222 80
1747232981702 0.01618807390332222 80
1747232990119 0.01438910048455 90
1747232990121 0.01438910048455 90
1747233000964 0.01719539240002632 100
1747233000964 0.01719539240002632 100
1747233009298 0.013614943251013756 110
1747233009298 0.013614943251013756 110
