1747232906651 4.736842105263158e-05 10
1747232906651 4.736842105263158e-05 10
1747232918780 4.473684210526316e-05 20
1747232918780 4.473684210526316e-05 20
1747232928464 4.210526315789474e-05 30
1747232928465 4.210526315789474e-05 30
1747232940609 3.9473684210526316e-05 40
1747232940609 3.9473684210526316e-05 40
1747232948861 3.6842105263157895e-05 50
1747232948861 3.6842105263157895e-05 50
1747232959553 3.421052631578947e-05 60
1747232959553 3.421052631578947e-05 60
1747232967865 3.157894736842105e-05 70
1747232967865 3.157894736842105e-05 70
1747232981701 2.8947368421052634e-05 80
1747232981702 2.8947368421052634e-05 80
1747232990119 2.6315789473684212e-05 90
1747232990121 2.6315789473684212e-05 90
1747233000964 2.368421052631579e-05 100
1747233000964 2.368421052631579e-05 100
1747233009298 2.105263157894737e-05 110
1747233009298 2.105263157894737e-05 110
