1747232906651 0.6081 10
1747232906651 0.6081 10
1747232918780 0.2787 20
1747232918780 0.2787 20
1747232928464 0.1926 30
1747232928465 0.1926 30
1747232940609 0.0736 40
1747232940609 0.0736 40
1747232948861 0.0032 50
1747232948861 0.0032 50
1747232959553 0.003 60
1747232959553 0.003 60
1747232967865 0.0011 70
1747232967865 0.0011 70
1747232981701 0.0007 80
1747232981702 0.0007 80
1747232990119 0.0007 90
1747232990121 0.0007 90
1747233000964 0.0006 100
1747233000964 0.0006 100
1747233009298 0.0005 110
1747233009298 0.0005 110
