1747235549781 1.0 9
1747235549781 1.0 9
1747235551401 1.1111111111111112 10
1747235551402 1.1111111111111112 10
1747235555035 2.0 18
1747235555036 2.0 18
1747235556927 2.2222222222222223 20
1747235556928 2.2222222222222223 20
1747235560175 3.0 27
1747235560176 3.0 27
1747235563134 3.3333333333333335 30
1747235563133 3.3333333333333335 30
1747235567508 4.0 36
1747235567508 4.0 36
1747235570292 4.444444444444445 40
1747235570292 4.444444444444445 40
1747235574257 5.0 45
1747235574258 5.0 45
1747235580501 5.555555555555555 50
1747235580503 5.555555555555555 50
1747235582348 6.0 54
1747235582349 6.0 54
1747235586146 6.666666666666667 60
1747235586147 6.666666666666667 60
1747235587552 7.0 63
1747235587552 7.0 63
1747235592099 7.777777777777778 70
1747235592100 7.777777777777778 70
1747235593132 8.0 72
1747235593132 8.0 72
1747235597965 8.88888888888889 80
1747235597966 8.88888888888889 80
1747235598493 9.0 81
1747235598494 9.0 81
1747235603430 10.0 90
1747235603432 10.0 90
1747235603710 10.0 90
1747235603709 10.0 90
1747235606242 10.0 90
1747235606243 10.0 90
