1747235551401 2.0702011585235596 10
1747235551402 2.0702011585235596 10
1747235556927 2.802487373352051 20
1747235556928 2.802487373352051 20
1747235563134 1.5712597370147705 30
1747235563133 1.5712597370147705 30
1747235570292 0.828536868095398 40
1747235570292 0.828536868095398 40
1747235580501 0.19533243775367737 50
1747235580503 0.19533243775367737 50
1747235586146 0.14909832179546356 60
1747235586147 0.14909832179546356 60
1747235592099 0.057707615196704865 70
1747235592100 0.057707615196704865 70
1747235597965 0.045554693788290024 80
1747235597966 0.045554693788290024 80
1747235603430 0.09738513827323914 90
1747235603432 0.09738513827323914 90
