1747235551401 4.4444444444444447e-05 10
1747235551402 4.4444444444444447e-05 10
1747235556927 3.888888888888889e-05 20
1747235556928 3.888888888888889e-05 20
1747235563134 3.3333333333333335e-05 30
1747235563133 3.3333333333333335e-05 30
1747235570292 2.777777777777778e-05 40
1747235570292 2.777777777777778e-05 40
1747235580501 2.2222222222222223e-05 50
1747235580503 2.2222222222222223e-05 50
1747235586146 1.6666666666666667e-05 60
1747235586147 1.6666666666666667e-05 60
1747235592099 1.1111111111111112e-05 70
1747235592100 1.1111111111111112e-05 70
1747235597965 5.555555555555556e-06 80
1747235597966 5.555555555555556e-06 80
1747235603430 0.0 90
1747235603432 0.0 90
