1747231316538 0.5555555555555556 10
1747231316539 0.5555555555555556 10
1747231325294 1.0 18
1747231325294 1.0 18
1747231328141 1.1111111111111112 20
1747231328141 1.1111111111111112 20
1747231336243 1.6666666666666665 30
1747231336243 1.6666666666666665 30
1747231341869 2.0 36
1747231341869 2.0 36
1747231348033 2.2222222222222223 40
1747231348033 2.2222222222222223 40
1747231361006 2.7777777777777777 50
1747231361006 2.7777777777777777 50
1747231366698 3.0 54
1747231366698 3.0 54
1747231373135 3.3333333333333335 60
1747231373135 3.3333333333333335 60
1747231384687 3.888888888888889 70
1747231384687 3.888888888888889 70
1747231388720 4.0 72
1747231388720 4.0 72
1747231399766 4.444444444444445 80
1747231399766 4.444444444444445 80
1747231409436 5.0 90
1747231409437 5.0 90
1747231410405 5.0 90
1747231410405 5.0 90
