1747231316538 1.5355085134506226 10
1747231316539 1.5355085134506226 10
1747231328141 5.615372657775879 20
1747231328141 5.615372657775879 20
1747231336243 2.921191930770874 30
1747231336243 2.921191930770874 30
1747231348033 5.207827568054199 40
1747231348033 5.207827568054199 40
1747231361006 4.683136940002441 50
1747231361006 4.683136940002441 50
1747231373135 3.0212371349334717 60
1747231373135 3.0212371349334717 60
1747231384687 2.2737927436828613 70
1747231384687 2.2737927436828613 70
1747231399766 5.6413798332214355 80
1747231399766 5.6413798332214355 80
1747231409436 1.6327157020568848 90
1747231409437 1.6327157020568848 90
