1747231316538 9.444444444444444e-05 10
1747231316539 9.444444444444444e-05 10
1747231328141 8.888888888888889e-05 20
1747231328141 8.888888888888889e-05 20
1747231336243 8.333333333333334e-05 30
1747231336243 8.333333333333334e-05 30
1747231348033 7.777777777777778e-05 40
1747231348033 7.777777777777778e-05 40
1747231361006 7.222222222222222e-05 50
1747231361006 7.222222222222222e-05 50
1747231373135 6.666666666666667e-05 60
1747231373135 6.666666666666667e-05 60
1747231384687 6.111111111111112e-05 70
1747231384687 6.111111111111112e-05 70
1747231399766 5.555555555555556e-05 80
1747231399766 5.555555555555556e-05 80
1747231409436 5e-05 90
1747231409437 5e-05 90
