1747233807072 0.5555555555555556 10
1747233807071 0.5555555555555556 10
1747233810955 1.0 18
1747233810956 1.0 18
1747233814133 1.1111111111111112 20
1747233814134 1.1111111111111112 20
1747233820047 1.6666666666666665 30
1747233820048 1.6666666666666665 30
1747233824729 2.0 36
1747233824730 2.0 36
1747233827526 2.2222222222222223 40
1747233827528 2.2222222222222223 40
1747233831955 2.7777777777777777 50
1747233831958 2.7777777777777777 50
1747233834107 3.0 54
1747233834108 3.0 54
1747233838100 3.3333333333333335 60
1747233838099 3.3333333333333335 60
1747233842354 3.888888888888889 70
1747233842355 3.888888888888889 70
1747233843616 4.0 72
1747233843615 4.0 72
1747233848637 4.444444444444445 80
1747233848639 4.444444444444445 80
1747233853100 5.0 90
1747233853100 5.0 90
1747233853620 5.0 90
1747233853621 5.0 90
1747233855268 5.0 90
1747233855269 5.0 90
