1747233807071 2.3607568740844727 10
1747233807072 2.3607568740844727 10
1747233814133 2.865204334259033 20
1747233814134 2.865204334259033 20
1747233820047 1.5577943325042725 30
1747233820048 1.5577943325042725 30
1747233827526 1.3324741125106812 40
1747233827528 1.3324741125106812 40
1747233831955 3.4411985874176025 50
1747233831958 3.4411985874176025 50
1747233838100 2.346015214920044 60
1747233838099 2.346015214920044 60
1747233842354 8.382941246032715 70
1747233842355 8.382941246032715 70
1747233848637 4.7320098876953125 80
1747233848639 4.7320098876953125 80
1747233853100 1.7576302289962769 90
1747233853100 1.7576302289962769 90
