1747233807072 4.722222222222222e-05 10
1747233807071 4.722222222222222e-05 10
1747233814133 4.4444444444444447e-05 20
1747233814134 4.4444444444444447e-05 20
1747233820047 4.166666666666667e-05 30
1747233820048 4.166666666666667e-05 30
1747233827526 3.888888888888889e-05 40
1747233827528 3.888888888888889e-05 40
1747233831955 3.611111111111111e-05 50
1747233831958 3.611111111111111e-05 50
1747233838100 3.3333333333333335e-05 60
1747233838099 3.3333333333333335e-05 60
1747233842354 3.055555555555556e-05 70
1747233842355 3.055555555555556e-05 70
1747233848637 2.777777777777778e-05 80
1747233848639 2.777777777777778e-05 80
1747233853100 2.5e-05 90
1747233853100 2.5e-05 90
