1747389527380 0.10638297872340426 10
1747389527380 0.10638297872340426 10
1747389529337 0.2127659574468085 20
1747389529337 0.2127659574468085 20
1747389531233 0.3191489361702128 30
1747389531234 0.3191489361702128 30
1747389533171 0.425531914893617 40
1747389533172 0.425531914893617 40
1747389535187 0.5319148936170213 50
1747389535189 0.5319148936170213 50
1747389537246 0.6382978723404256 60
1747389537247 0.6382978723404256 60
1747389539325 0.7446808510638298 70
1747389539323 0.7446808510638298 70
1747389541403 0.851063829787234 80
1747389541405 0.851063829787234 80
1747389543473 0.9574468085106383 90
1747389543475 0.9574468085106383 90
1747389545577 1.0 94
1747389545579 1.0 94
1747389549538 1.0638297872340425 100
1747389549540 1.0638297872340425 100
1747389551626 1.1702127659574468 110
1747389551628 1.1702127659574468 110
1747389553790 1.2765957446808511 120
1747389553792 1.2765957446808511 120
1747389555866 1.3829787234042552 130
1747389555867 1.3829787234042552 130
1747389557946 1.4893617021276595 140
1747389557947 1.4893617021276595 140
1747389560027 1.5957446808510638 150
1747389560029 1.5957446808510638 150
1747389562104 1.702127659574468 160
1747389562102 1.702127659574468 160
1747389564195 1.8085106382978724 170
1747389564198 1.8085106382978724 170
1747389566267 1.9148936170212765 180
1747389566269 1.9148936170212765 180
1747389569211 2.0 188
1747389569213 2.0 188
1747389572508 2.021276595744681 190
1747389572510 2.021276595744681 190
1747389574601 2.127659574468085 200
1747389574604 2.127659574468085 200
1747389576674 2.2340425531914896 210
1747389576676 2.2340425531914896 210
1747389578728 2.3404255319148937 220
1747389578730 2.3404255319148937 220
1747389580825 2.4468085106382977 230
1747389580827 2.4468085106382977 230
1747389582931 2.5531914893617023 240
1747389582933 2.5531914893617023 240
1747389585040 2.6595744680851063 250
1747389585042 2.6595744680851063 250
1747389587154 2.7659574468085104 260
1747389587156 2.7659574468085104 260
1747389589270 2.872340425531915 270
1747389589272 2.872340425531915 270
1747389591364 2.978723404255319 280
1747389591365 2.978723404255319 280
1747389593146 3.0 282
1747389593144 3.0 282
1747389598733 3.0851063829787235 290
1747389598739 3.0851063829787235 290
1747389601063 3.1914893617021276 300
1747389601065 3.1914893617021276 300
1747389603161 3.297872340425532 310
1747389603163 3.297872340425532 310
1747389605207 3.404255319148936 320
1747389605209 3.404255319148936 320
1747389607287 3.5106382978723403 330
1747389607289 3.5106382978723403 330
1747389609339 3.617021276595745 340
1747389609341 3.617021276595745 340
1747389611423 3.723404255319149 350
1747389611425 3.723404255319149 350
1747389613549 3.829787234042553 360
1747389613551 3.829787234042553 360
1747389615647 3.9361702127659575 370
1747389615649 3.9361702127659575 370
1747389618253 4.0 376
1747389618255 4.0 376
1747389620629 4.0 376
1747389620631 4.0 376
