1747389527380 2.165595769882202 10
1747389527380 2.165595769882202 10
1747389529337 8.37488842010498 20
1747389529337 8.37488842010498 20
1747389531233 0.7339909672737122 30
1747389531234 0.7339909672737122 30
1747389533171 1.423406720161438 40
1747389533172 1.423406720161438 40
1747389535187 20.84084129333496 50
1747389535189 20.84084129333496 50
1747389537246 0.1079765111207962 60
1747389537247 0.1079765111207962 60
1747389539325 0.06245487928390503 70
1747389539323 0.06245487928390503 70
1747389541403 16.93602180480957 80
1747389541405 16.93602180480957 80
1747389543473 1.8120988607406616 90
1747389543475 1.8120988607406616 90
1747389549538 0.06853483617305756 100
1747389549540 0.06853483617305756 100
1747389551626 14.94926929473877 110
1747389551628 14.94926929473877 110
1747389553790 0.10665393620729446 120
1747389553792 0.10665393620729446 120
1747389555866 0.03418496996164322 130
1747389555867 0.03418496996164322 130
1747389557946 2.1922802925109863 140
1747389557947 2.1922802925109863 140
1747389560027 1.678087592124939 150
1747389560029 1.678087592124939 150
1747389562104 0.018174026161432266 160
1747389562102 0.018174026161432266 160
1747389564195 9.483838081359863 170
1747389564198 9.483838081359863 170
1747389566267 0.02029849775135517 180
1747389566269 0.02029849775135517 180
1747389572508 0.02856832928955555 190
1747389572510 0.02856832928955555 190
1747389574601 0.09614568948745728 200
1747389574604 0.09614568948745728 200
1747389576674 0.07805775851011276 210
1747389576676 0.07805775851011276 210
1747389578728 0.014244175516068935 220
1747389578730 0.014244175516068935 220
1747389580825 0.008236022666096687 230
1747389580827 0.008236022666096687 230
1747389582931 0.00973533745855093 240
1747389582933 0.00973533745855093 240
1747389585040 0.008315522223711014 250
1747389585042 0.008315522223711014 250
1747389587154 0.00666158739477396 260
1747389587156 0.00666158739477396 260
1747389589270 0.005582172889262438 270
1747389589272 0.005582172889262438 270
1747389591364 0.008151364512741566 280
1747389591365 0.008151364512741566 280
1747389598733 0.005228193011134863 290
1747389598739 0.005228193011134863 290
1747389601063 0.007282864768058062 300
1747389601065 0.007282864768058062 300
1747389603161 0.005637326277792454 310
1747389603163 0.005637326277792454 310
1747389605207 0.005438606720417738 320
1747389605209 0.005438606720417738 320
1747389607287 0.004644347820430994 330
1747389607289 0.004644347820430994 330
1747389609339 0.20397353172302246 340
1747389609341 0.20397353172302246 340
1747389611423 0.005486267618834972 350
1747389611425 0.005486267618834972 350
1747389613549 0.00888981856405735 360
1747389613551 0.00888981856405735 360
1747389615647 0.009092242456972599 370
1747389615649 0.009092242456972599 370
