1747389527380 4.946808510638298e-05 10
1747389527380 4.946808510638298e-05 10
1747389529337 4.893617021276596e-05 20
1747389529337 4.893617021276596e-05 20
1747389531233 4.840425531914894e-05 30
1747389531234 4.840425531914894e-05 30
1747389533171 4.787234042553192e-05 40
1747389533172 4.787234042553192e-05 40
1747389535187 4.734042553191489e-05 50
1747389535189 4.734042553191489e-05 50
1747389537246 4.680851063829788e-05 60
1747389537247 4.680851063829788e-05 60
1747389539325 4.627659574468085e-05 70
1747389539323 4.627659574468085e-05 70
1747389541403 4.574468085106383e-05 80
1747389541405 4.574468085106383e-05 80
1747389543473 4.5212765957446815e-05 90
1747389543475 4.5212765957446815e-05 90
1747389549538 4.468085106382979e-05 100
1747389549540 4.468085106382979e-05 100
1747389551626 4.414893617021277e-05 110
1747389551628 4.414893617021277e-05 110
1747389553790 4.3617021276595746e-05 120
1747389553792 4.3617021276595746e-05 120
1747389555866 4.3085106382978725e-05 130
1747389555867 4.3085106382978725e-05 130
1747389557946 4.2553191489361704e-05 140
1747389557947 4.2553191489361704e-05 140
1747389560027 4.2021276595744684e-05 150
1747389560029 4.2021276595744684e-05 150
1747389562104 4.148936170212766e-05 160
1747389562102 4.148936170212766e-05 160
1747389564195 4.095744680851064e-05 170
1747389564198 4.095744680851064e-05 170
1747389566267 4.0425531914893614e-05 180
1747389566269 4.0425531914893614e-05 180
1747389572508 3.9893617021276594e-05 190
1747389572510 3.9893617021276594e-05 190
1747389574601 3.936170212765958e-05 200
1747389574604 3.936170212765958e-05 200
1747389576674 3.882978723404255e-05 210
1747389576676 3.882978723404255e-05 210
1747389578728 3.829787234042553e-05 220
1747389578730 3.829787234042553e-05 220
1747389580825 3.776595744680852e-05 230
1747389580827 3.776595744680852e-05 230
1747389582931 3.723404255319149e-05 240
1747389582933 3.723404255319149e-05 240
1747389585040 3.670212765957447e-05 250
1747389585042 3.670212765957447e-05 250
1747389587154 3.617021276595745e-05 260
1747389587156 3.617021276595745e-05 260
1747389589270 3.563829787234043e-05 270
1747389589272 3.563829787234043e-05 270
1747389591364 3.5106382978723407e-05 280
1747389591365 3.5106382978723407e-05 280
1747389598733 3.4574468085106386e-05 290
1747389598739 3.4574468085106386e-05 290
1747389601063 3.4042553191489365e-05 300
1747389601065 3.4042553191489365e-05 300
1747389603161 3.3510638297872344e-05 310
1747389603163 3.3510638297872344e-05 310
1747389605207 3.2978723404255317e-05 320
1747389605209 3.2978723404255317e-05 320
1747389607287 3.2446808510638296e-05 330
1747389607289 3.2446808510638296e-05 330
1747389609339 3.191489361702128e-05 340
1747389609341 3.191489361702128e-05 340
1747389611423 3.1382978723404254e-05 350
1747389611425 3.1382978723404254e-05 350
1747389613549 3.085106382978723e-05 360
1747389613551 3.085106382978723e-05 360
1747389615647 3.0319148936170216e-05 370
1747389615649 3.0319148936170216e-05 370
