1747389527380 0.6142 10
1747389527380 0.6142 10
1747389529337 0.2968 20
1747389529337 0.2968 20
1747389531233 0.1772 30
1747389531234 0.1772 30
1747389533171 0.0628 40
1747389533172 0.0628 40
1747389535187 0.1161 50
1747389535189 0.1161 50
1747389537246 0.0412 60
1747389537247 0.0412 60
1747389539325 0.0618 70
1747389539323 0.0618 70
1747389541403 0.2306 80
1747389541405 0.2306 80
1747389543473 0.0557 90
1747389543475 0.0557 90
1747389549538 0.071 100
1747389549540 0.071 100
1747389551626 0.0301 110
1747389551628 0.0301 110
1747389553790 0.0283 120
1747389553792 0.0283 120
1747389555866 0.0167 130
1747389555867 0.0167 130
1747389557946 0.0432 140
1747389557947 0.0432 140
1747389560027 0.0369 150
1747389560029 0.0369 150
1747389562104 0.0261 160
1747389562102 0.0261 160
1747389564195 0.0993 170
1747389564198 0.0993 170
1747389566267 0.1583 180
1747389566269 0.1583 180
1747389572508 0.0218 190
1747389572510 0.0218 190
1747389574601 0.0337 200
1747389574604 0.0337 200
1747389576674 0.0013 210
1747389576676 0.0013 210
1747389578728 0.001 220
1747389578730 0.001 220
1747389580825 0.0009 230
1747389580827 0.0009 230
1747389582931 0.0291 240
1747389582933 0.0291 240
1747389585040 0.0007 250
1747389585042 0.0007 250
1747389587154 0.0006 260
1747389587156 0.0006 260
1747389589270 0.0003 270
1747389589272 0.0003 270
1747389591364 0.0003 280
1747389591365 0.0003 280
1747389598733 0.0003 290
1747389598739 0.0003 290
1747389601063 0.0003 300
1747389601065 0.0003 300
1747389603161 0.0002 310
1747389603163 0.0002 310
1747389605207 0.0387 320
1747389605209 0.0387 320
1747389607287 0.0365 330
1747389607289 0.0365 330
1747389609339 0.0003 340
1747389609341 0.0003 340
1747389611423 0.0528 350
1747389611425 0.0528 350
1747389613549 0.0003 360
1747389613551 0.0003 360
1747389615647 0.0188 370
1747389615649 0.0188 370
