1747415328796 0.22727272727272727 10
1747415328797 0.22727272727272727 10
1747415332775 0.45454545454545453 20
1747415332776 0.45454545454545453 20
1747415336744 0.6818181818181818 30
1747415336760 0.6818181818181818 30
1747415340695 0.9090909090909091 40
1747415340695 0.9090909090909091 40
1747415344961 1.0 44
1747415344961 1.0 44
1747415348995 1.1363636363636362 50
1747415348995 1.1363636363636362 50
1747415352945 1.3636363636363638 60
1747415352945 1.3636363636363638 60
1747415356961 1.5909090909090908 70
1747415356961 1.5909090909090908 70
1747415361046 1.8181818181818183 80
1747415361046 1.8181818181818183 80
1747415365286 2.0 88
1747415365286 2.0 88
1747415367813 2.0454545454545454 90
1747415367813 2.0454545454545454 90
1747415371942 2.2727272727272725 100
1747415371943 2.2727272727272725 100
1747415376063 2.5 110
1747415376063 2.5 110
1747415380197 2.7272727272727275 120
1747415380197 2.7272727272727275 120
1747415385263 2.9545454545454546 130
1747415385266 2.9545454545454546 130
1747415387823 3.0 132
1747415387824 3.0 132
1747415394933 3.1818181818181817 140
1747415394933 3.1818181818181817 140
1747415402148 3.409090909090909 150
1747415402148 3.409090909090909 150
1747415406131 3.6363636363636362 160
1747415406131 3.6363636363636362 160
1747415411764 3.8636363636363638 170
1747415411764 3.8636363636363638 170
1747415415132 4.0 176
1747415415132 4.0 176
1747415420032 4.090909090909091 180
1747415420032 4.090909090909091 180
1747415424064 4.318181818181818 190
1747415424064 4.318181818181818 190
1747415428052 4.545454545454545 200
1747415428053 4.545454545454545 200
1747415433682 4.7727272727272725 210
1747415433682 4.7727272727272725 210
1747415439149 5.0 220
1747415439149 5.0 220
1747415440332 5.0 220
1747415440332 5.0 220
1747415446065 5.2272727272727275 230
1747415446066 5.2272727272727275 230
1747415450100 5.454545454545454 240
1747415450100 5.454545454545454 240
1747415454134 5.681818181818182 250
1747415454134 5.681818181818182 250
1747415458231 5.909090909090909 260
1747415458232 5.909090909090909 260
1747415460893 6.0 264
1747415460891 6.0 264
1747415463701 6.0 264
1747415463701 6.0 264
