1747415328796 6.32533073425293 10
1747415328797 6.32533073425293 10
1747415332775 22.03456687927246 20
1747415332776 22.03456687927246 20
1747415336744 58.310672760009766 30
1747415336760 58.310672760009766 30
1747415340695 2.313882827758789 40
1747415340695 2.313882827758789 40
1747415348995 6.046402931213379 50
1747415348995 6.046402931213379 50
1747415352945 10.585626602172852 60
1747415352945 10.585626602172852 60
1747415356961 4.92840576171875 70
1747415356961 4.92840576171875 70
1747415361046 1.4361544847488403 80
1747415361046 1.4361544847488403 80
1747415367813 0.8661817908287048 90
1747415367813 0.8661817908287048 90
1747415371942 2.6694483757019043 100
1747415371943 2.6694483757019043 100
1747415376063 0.7466926574707031 110
1747415376063 0.7466926574707031 110
1747415380197 1.586025595664978 120
1747415380197 1.586025595664978 120
1747415385263 23.3236026763916 130
1747415385266 23.3236026763916 130
1747415394933 2.5999350547790527 140
1747415394933 2.5999350547790527 140
1747415402148 34.65017318725586 150
1747415402148 34.65017318725586 150
1747415406131 0.9656770825386047 160
1747415406131 0.9656770825386047 160
1747415411764 32.40168762207031 170
1747415411764 32.40168762207031 170
1747415420032 20.836374282836914 180
1747415420032 20.836374282836914 180
1747415424064 6.430510997772217 190
1747415424064 6.430510997772217 190
1747415428052 5.047552585601807 200
1747415428053 5.047552585601807 200
1747415433682 0.3192134201526642 210
1747415433682 0.3192134201526642 210
1747415439149 71.93757629394531 220
1747415439149 71.93757629394531 220
1747415446065 55.40206527709961 230
1747415446066 55.40206527709961 230
1747415450100 5.277646064758301 240
1747415450100 5.277646064758301 240
1747415454134 0.7498716115951538 250
1747415454134 0.7498716115951538 250
1747415458231 23.302152633666992 260
1747415458232 23.302152633666992 260
