1747415328796 4.886363636363637e-05 10
1747415328797 4.886363636363637e-05 10
1747415332775 4.772727272727273e-05 20
1747415332776 4.772727272727273e-05 20
1747415336744 4.659090909090909e-05 30
1747415336760 4.659090909090909e-05 30
1747415340695 4.545454545454546e-05 40
1747415340695 4.545454545454546e-05 40
1747415348995 4.431818181818182e-05 50
1747415348995 4.431818181818182e-05 50
1747415352945 4.318181818181819e-05 60
1747415352945 4.318181818181819e-05 60
1747415356961 4.204545454545455e-05 70
1747415356961 4.204545454545455e-05 70
1747415361046 4.0909090909090915e-05 80
1747415361046 4.0909090909090915e-05 80
1747415367813 3.9772727272727275e-05 90
1747415367813 3.9772727272727275e-05 90
1747415371942 3.8636363636363636e-05 100
1747415371943 3.8636363636363636e-05 100
1747415376063 3.7500000000000003e-05 110
1747415376063 3.7500000000000003e-05 110
1747415380197 3.6363636363636364e-05 120
1747415380197 3.6363636363636364e-05 120
1747415385263 3.522727272727273e-05 130
1747415385266 3.522727272727273e-05 130
1747415394933 3.409090909090909e-05 140
1747415394933 3.409090909090909e-05 140
1747415402148 3.295454545454545e-05 150
1747415402148 3.295454545454545e-05 150
1747415406131 3.181818181818182e-05 160
1747415406131 3.181818181818182e-05 160
1747415411764 3.068181818181818e-05 170
1747415411764 3.068181818181818e-05 170
1747415420032 2.954545454545455e-05 180
1747415420032 2.954545454545455e-05 180
1747415424064 2.8409090909090912e-05 190
1747415424064 2.8409090909090912e-05 190
1747415428052 2.7272727272727273e-05 200
1747415428053 2.7272727272727273e-05 200
1747415433682 2.6136363636363637e-05 210
1747415433682 2.6136363636363637e-05 210
1747415439149 2.5e-05 220
1747415439149 2.5e-05 220
1747415446065 2.3863636363636365e-05 230
1747415446066 2.3863636363636365e-05 230
1747415450100 2.272727272727273e-05 240
1747415450100 2.272727272727273e-05 240
1747415454134 2.1590909090909093e-05 250
1747415454134 2.1590909090909093e-05 250
1747415458231 2.0454545454545457e-05 260
1747415458232 2.0454545454545457e-05 260
