1747415328796 0.5646 10
1747415328797 0.5646 10
1747415332775 0.5405 20
1747415332776 0.5405 20
1747415336744 0.5736 30
1747415336760 0.5736 30
1747415340695 0.3828 40
1747415340695 0.3828 40
1747415348995 0.3701 50
1747415348995 0.3701 50
1747415352945 0.214 60
1747415352945 0.214 60
1747415356961 0.4596 70
1747415356961 0.4596 70
1747415361046 0.3804 80
1747415361046 0.3804 80
1747415367813 0.3568 90
1747415367813 0.3568 90
1747415371942 0.3154 100
1747415371943 0.3154 100
1747415376063 0.282 110
1747415376063 0.282 110
1747415380197 0.3071 120
1747415380197 0.3071 120
1747415385263 0.226 130
1747415385266 0.226 130
1747415394933 0.4239 140
1747415394933 0.4239 140
1747415402148 0.3152 150
1747415402148 0.3152 150
1747415406131 0.1828 160
1747415406131 0.1828 160
1747415411764 0.2357 170
1747415411764 0.2357 170
1747415420032 0.1789 180
1747415420032 0.1789 180
1747415424064 0.1546 190
1747415424064 0.1546 190
1747415428052 0.4516 200
1747415428053 0.4516 200
1747415433682 0.1801 210
1747415433682 0.1801 210
1747415439149 0.4123 220
1747415439149 0.4123 220
1747415446065 0.1605 230
1747415446066 0.1605 230
1747415450100 0.217 240
1747415450100 0.217 240
1747415454134 0.1635 250
1747415454134 0.1635 250
1747415458231 0.1891 260
1747415458232 0.1891 260
