1747403432897 0.22727272727272727 10
1747403432897 0.22727272727272727 10
1747403436646 0.45454545454545453 20
1747403436646 0.45454545454545453 20
1747403440406 0.6818181818181818 30
1747403440406 0.6818181818181818 30
1747403444127 0.9090909090909091 40
1747403444127 0.9090909090909091 40
1747403446581 1.0 44
1747403446581 1.0 44
1747403449764 1.1363636363636362 50
1747403449764 1.1363636363636362 50
1747403453502 1.3636363636363638 60
1747403453502 1.3636363636363638 60
1747403457329 1.5909090909090908 70
1747403457331 1.5909090909090908 70
1747403461138 1.8181818181818183 80
1747403461140 1.8181818181818183 80
1747403465106 2.0 88
1747403465106 2.0 88
1747403466953 2.0454545454545454 90
1747403466953 2.0454545454545454 90
1747403470798 2.2727272727272725 100
1747403470798 2.2727272727272725 100
1747403474602 2.5 110
1747403474602 2.5 110
1747403478521 2.7272727272727275 120
1747403478521 2.7272727272727275 120
1747403482302 2.9545454545454546 130
1747403482302 2.9545454545454546 130
1747403484047 3.0 132
1747403484047 3.0 132
1747403487959 3.1818181818181817 140
1747403487959 3.1818181818181817 140
1747403491683 3.409090909090909 150
1747403491683 3.409090909090909 150
1747403495442 3.6363636363636362 160
1747403495442 3.6363636363636362 160
1747403499221 3.8636363636363638 170
1747403499221 3.8636363636363638 170
1747403502444 4.0 176
1747403502444 4.0 176
1747403504943 4.090909090909091 180
1747403504943 4.090909090909091 180
1747403510396 4.318181818181818 190
1747403510396 4.318181818181818 190
1747403515858 4.545454545454545 200
1747403515860 4.545454545454545 200
1747403519654 4.7727272727272725 210
1747403519654 4.7727272727272725 210
1747403524900 5.0 220
1747403524900 5.0 220
1747403526051 5.0 220
1747403526051 5.0 220
1747403526979 5.0 220
1747403526979 5.0 220
