1747403432897 2.175811529159546 10
1747403432897 2.175811529159546 10
1747403436646 4.638356685638428 20
1747403436646 4.638356685638428 20
1747403440406 14.04681396484375 30
1747403440406 14.04681396484375 30
1747403444127 20.44144630432129 40
1747403444127 20.44144630432129 40
1747403449764 11.275249481201172 50
1747403449764 11.275249481201172 50
1747403453502 7.795085430145264 60
1747403453502 7.795085430145264 60
1747403457329 13.776679992675781 70
1747403457331 13.776679992675781 70
1747403461138 21.2008056640625 80
1747403461140 21.2008056640625 80
1747403466953 4.117346286773682 90
1747403466953 4.117346286773682 90
1747403470798 8.682737350463867 100
1747403470798 8.682737350463867 100
1747403474602 4.853740692138672 110
1747403474602 4.853740692138672 110
1747403478521 1.0979416370391846 120
1747403478521 1.0979416370391846 120
1747403482302 54.12522888183594 130
1747403482302 54.12522888183594 130
1747403487959 15.565292358398438 140
1747403487959 15.565292358398438 140
1747403491683 10.131872177124023 150
1747403491683 10.131872177124023 150
1747403495442 6.530343532562256 160
1747403495442 6.530343532562256 160
1747403499221 11.18995189666748 170
1747403499221 11.18995189666748 170
1747403504943 0.344147264957428 180
1747403504943 0.344147264957428 180
1747403510396 0.6695501804351807 190
1747403510396 0.6695501804351807 190
1747403515858 16.771442413330078 200
1747403515860 16.771442413330078 200
1747403519654 26.727611541748047 210
1747403519654 26.727611541748047 210
1747403524900 82.08363342285156 220
1747403524900 82.08363342285156 220
