1747403432897 4.886363636363637e-05 10
1747403432897 4.886363636363637e-05 10
1747403436646 4.772727272727273e-05 20
1747403436646 4.772727272727273e-05 20
1747403440406 4.659090909090909e-05 30
1747403440406 4.659090909090909e-05 30
1747403444127 4.545454545454546e-05 40
1747403444127 4.545454545454546e-05 40
1747403449764 4.431818181818182e-05 50
1747403449764 4.431818181818182e-05 50
1747403453502 4.318181818181819e-05 60
1747403453502 4.318181818181819e-05 60
1747403457329 4.204545454545455e-05 70
1747403457331 4.204545454545455e-05 70
1747403461138 4.0909090909090915e-05 80
1747403461140 4.0909090909090915e-05 80
1747403466953 3.9772727272727275e-05 90
1747403466953 3.9772727272727275e-05 90
1747403470798 3.8636363636363636e-05 100
1747403470798 3.8636363636363636e-05 100
1747403474602 3.7500000000000003e-05 110
1747403474602 3.7500000000000003e-05 110
1747403478521 3.6363636363636364e-05 120
1747403478521 3.6363636363636364e-05 120
1747403482302 3.522727272727273e-05 130
1747403482302 3.522727272727273e-05 130
1747403487959 3.409090909090909e-05 140
1747403487959 3.409090909090909e-05 140
1747403491683 3.295454545454545e-05 150
1747403491683 3.295454545454545e-05 150
1747403495442 3.181818181818182e-05 160
1747403495442 3.181818181818182e-05 160
1747403499221 3.068181818181818e-05 170
1747403499221 3.068181818181818e-05 170
1747403504943 2.954545454545455e-05 180
1747403504943 2.954545454545455e-05 180
1747403510396 2.8409090909090912e-05 190
1747403510396 2.8409090909090912e-05 190
1747403515858 2.7272727272727273e-05 200
1747403515860 2.7272727272727273e-05 200
1747403519654 2.6136363636363637e-05 210
1747403519654 2.6136363636363637e-05 210
1747403524900 2.5e-05 220
1747403524900 2.5e-05 220
