1747403432897 0.6851 10
1747403432897 0.6851 10
1747403436646 0.661 20
1747403436646 0.661 20
1747403440406 0.5625 30
1747403440406 0.5625 30
1747403444127 0.5067 40
1747403444127 0.5067 40
1747403449764 0.6166 50
1747403449764 0.6166 50
1747403453502 0.4169 60
1747403453502 0.4169 60
1747403457329 0.3973 70
1747403457331 0.3973 70
1747403461138 0.3017 80
1747403461140 0.3017 80
1747403466953 0.3464 90
1747403466953 0.3464 90
1747403470798 0.2191 100
1747403470798 0.2191 100
1747403474602 0.3112 110
1747403474602 0.3112 110
1747403478521 0.245 120
1747403478521 0.245 120
1747403482302 0.2702 130
1747403487959 0.1348 140
1747403487959 0.1348 140
1747403491683 0.2229 150
1747403491683 0.2229 150
1747403495442 0.2514 160
1747403495442 0.2514 160
1747403499221 0.2322 170
1747403499221 0.2322 170
1747403504943 0.0919 180
1747403504943 0.0919 180
1747403510396 0.2871 190
1747403510396 0.2871 190
1747403515858 0.0422 200
1747403515860 0.0422 200
1747403519654 0.1418 210
1747403519654 0.1418 210
1747403524900 0.2086 220
1747403524900 0.2086 220
