1747401653949 0.22727272727272727 10
1747401653949 0.22727272727272727 10
1747401655882 0.45454545454545453 20
1747401655883 0.45454545454545453 20
1747401657863 0.6818181818181818 30
1747401657863 0.6818181818181818 30
1747401659872 0.9090909090909091 40
1747401659872 0.9090909090909091 40
1747401661173 1.0 44
1747401661173 1.0 44
1747401663315 1.1363636363636362 50
1747401663315 1.1363636363636362 50
1747401665293 1.3636363636363638 60
1747401665293 1.3636363636363638 60
1747401667240 1.5909090909090908 70
1747401667240 1.5909090909090908 70
1747401669184 1.8181818181818183 80
1747401669184 1.8181818181818183 80
1747401671241 2.0 88
1747401671241 2.0 88
1747401672545 2.0454545454545454 90
1747401672545 2.0454545454545454 90
1747401674519 2.2727272727272725 100
1747401674519 2.2727272727272725 100
1747401676477 2.5 110
1747401676487 2.5 110
1747401678451 2.7272727272727275 120
1747401678451 2.7272727272727275 120
1747401680414 2.9545454545454546 130
1747401680414 2.9545454545454546 130
1747401681303 3.0 132
1747401681303 3.0 132
1747401685564 3.1818181818181817 140
1747401685564 3.1818181818181817 140
1747401687528 3.409090909090909 150
1747401687528 3.409090909090909 150
1747401689481 3.6363636363636362 160
1747401689495 3.6363636363636362 160
1747401691433 3.8636363636363638 170
1747401691433 3.8636363636363638 170
1747401693138 4.0 176
1747401693138 4.0 176
1747401694844 4.090909090909091 180
1747401694844 4.090909090909091 180
1747401696823 4.318181818181818 190
1747401696823 4.318181818181818 190
1747401698804 4.545454545454545 200
1747401698804 4.545454545454545 200
1747401700788 4.7727272727272725 210
1747401700804 4.7727272727272725 210
1747401702704 5.0 220
1747401702704 5.0 220
1747401703309 5.0 220
1747401703305 5.0 220
1747401704240 5.0 220
1747401704240 5.0 220
