1747401653949 3.094769239425659 10
1747401653949 3.094769239425659 10
1747401655882 2.512213706970215 20
1747401655883 2.512213706970215 20
1747401657863 8.221126556396484 30
1747401657863 8.221126556396484 30
1747401659872 2.533118486404419 40
1747401659872 2.533118486404419 40
1747401663315 2.463418960571289 50
1747401663315 2.463418960571289 50
1747401665293 5.5941691398620605 60
1747401665293 5.5941691398620605 60
1747401667240 2.8064804077148438 70
1747401667240 2.8064804077148438 70
1747401669184 14.520713806152344 80
1747401669184 14.520713806152344 80
1747401672545 6.725753307342529 90
1747401672545 6.725753307342529 90
1747401674519 14.027402877807617 100
1747401674519 14.027402877807617 100
1747401676477 9.374860763549805 110
1747401676487 9.374860763549805 110
1747401678451 2.567624568939209 120
1747401678451 2.567624568939209 120
1747401680414 0.6365850567817688 130
1747401680414 0.6365850567817688 130
1747401685564 3.8990607261657715 140
1747401685564 3.8990607261657715 140
1747401687528 0.2451632171869278 150
1747401687528 0.2451632171869278 150
1747401689481 0.07770414650440216 160
1747401689495 0.07770414650440216 160
1747401691433 0.1491180807352066 170
1747401691433 0.1491180807352066 170
1747401694844 0.08071687072515488 180
1747401694844 0.08071687072515488 180
1747401696823 0.15916691720485687 190
1747401696823 0.15916691720485687 190
1747401698804 0.03349248319864273 200
1747401698804 0.03349248319864273 200
1747401700788 0.04514757916331291 210
1747401700804 0.04514757916331291 210
1747401702704 17.552820205688477 220
1747401702704 17.552820205688477 220
