1747401653949 4.886363636363637e-05 10
1747401653949 4.886363636363637e-05 10
1747401655882 4.772727272727273e-05 20
1747401655883 4.772727272727273e-05 20
1747401657863 4.659090909090909e-05 30
1747401657863 4.659090909090909e-05 30
1747401659872 4.545454545454546e-05 40
1747401659872 4.545454545454546e-05 40
1747401663315 4.431818181818182e-05 50
1747401663315 4.431818181818182e-05 50
1747401665293 4.318181818181819e-05 60
1747401665293 4.318181818181819e-05 60
1747401667240 4.204545454545455e-05 70
1747401667240 4.204545454545455e-05 70
1747401669184 4.0909090909090915e-05 80
1747401669184 4.0909090909090915e-05 80
1747401672545 3.9772727272727275e-05 90
1747401672545 3.9772727272727275e-05 90
1747401674519 3.8636363636363636e-05 100
1747401674519 3.8636363636363636e-05 100
1747401676477 3.7500000000000003e-05 110
1747401676487 3.7500000000000003e-05 110
1747401678451 3.6363636363636364e-05 120
1747401678451 3.6363636363636364e-05 120
1747401680414 3.522727272727273e-05 130
1747401680414 3.522727272727273e-05 130
1747401685564 3.409090909090909e-05 140
1747401685564 3.409090909090909e-05 140
1747401687528 3.295454545454545e-05 150
1747401687528 3.295454545454545e-05 150
1747401689481 3.181818181818182e-05 160
1747401689495 3.181818181818182e-05 160
1747401691433 3.068181818181818e-05 170
1747401691433 3.068181818181818e-05 170
1747401694844 2.954545454545455e-05 180
1747401694844 2.954545454545455e-05 180
1747401696823 2.8409090909090912e-05 190
1747401696823 2.8409090909090912e-05 190
1747401698804 2.7272727272727273e-05 200
1747401698804 2.7272727272727273e-05 200
1747401700788 2.6136363636363637e-05 210
1747401700804 2.6136363636363637e-05 210
1747401702704 2.5e-05 220
1747401702704 2.5e-05 220
