1747401653949 0.6434 10
1747401653949 0.6434 10
1747401655882 0.4197 20
1747401655883 0.4197 20
1747401657863 0.3697 30
1747401657863 0.3697 30
1747401659872 0.3918 40
1747401659872 0.3918 40
1747401663315 0.2854 50
1747401663315 0.2854 50
1747401665293 0.2369 60
1747401665293 0.2369 60
1747401667240 0.2116 70
1747401667240 0.2116 70
1747401669184 0.233 80
1747401669184 0.233 80
1747401672545 0.2504 90
1747401672545 0.2504 90
1747401674519 0.0754 100
1747401674519 0.0754 100
1747401676477 0.1278 110
1747401676487 0.1278 110
1747401678451 0.1309 120
1747401678451 0.1309 120
1747401680414 0.1428 130
1747401680414 0.1428 130
1747401685564 0.0738 140
1747401685564 0.0738 140
1747401687528 0.0507 150
1747401687528 0.0507 150
1747401689481 0.0813 160
1747401689495 0.0813 160
1747401691433 0.0541 170
1747401691433 0.0541 170
1747401694844 0.0234 180
1747401694844 0.0234 180
1747401696823 0.0026 190
1747401696823 0.0026 190
1747401698804 0.0035 200
1747401698804 0.0035 200
1747401700788 0.0464 210
1747401700804 0.0464 210
1747401702704 0.0553 220
1747401702704 0.0553 220
