1747408482023 0.0228310502283105 10
1747408482022 0.0228310502283105 10
1747408487442 0.045662100456621 20
1747408487443 0.045662100456621 20
1747408491336 0.0684931506849315 30
1747408491337 0.0684931506849315 30
1747408495317 0.091324200913242 40
1747408495317 0.091324200913242 40
1747408499187 0.1141552511415525 50
1747408499188 0.1141552511415525 50
1747408503033 0.136986301369863 60
1747408503034 0.136986301369863 60
1747408508563 0.1598173515981735 70
1747408508564 0.1598173515981735 70
1747408512470 0.182648401826484 80
1747408512470 0.182648401826484 80
1747408517988 0.2054794520547945 90
1747408517988 0.2054794520547945 90
1747408523518 0.228310502283105 100
1747408523518 0.228310502283105 100
1747408530560 0.2511415525114155 110
1747408530562 0.2511415525114155 110
1747408536078 0.273972602739726 120
1747408536079 0.273972602739726 120
1747408539935 0.2968036529680365 130
1747408539935 0.2968036529680365 130
1747408545223 0.319634703196347 140
1747408545226 0.319634703196347 140
1747408549315 0.3424657534246575 150
1747408549315 0.3424657534246575 150
1747408554776 0.365296803652968 160
1747408554777 0.365296803652968 160
1747408560271 0.3881278538812785 170
1747408560272 0.3881278538812785 170
1747408564146 0.410958904109589 180
1747408564146 0.410958904109589 180
1747408568018 0.4337899543378995 190
1747408568019 0.4337899543378995 190
1747408573529 0.45662100456621 200
1747408573530 0.45662100456621 200
1747408577433 0.4794520547945205 210
1747408577434 0.4794520547945205 210
1747408582956 0.502283105022831 220
1747408582957 0.502283105022831 220
1747408590110 0.5251141552511416 230
1747408590111 0.5251141552511416 230
1747408593985 0.547945205479452 240
1747408593985 0.547945205479452 240
1747408597874 0.5707762557077626 250
1747408597874 0.5707762557077626 250
1747408603397 0.593607305936073 260
1747408603398 0.593607305936073 260
1747408608941 0.6164383561643836 270
1747408608943 0.6164383561643836 270
1747408612867 0.639269406392694 280
1747408612868 0.639269406392694 280
1747408618425 0.6621004566210046 290
1747408618425 0.6621004566210046 290
1747408622327 0.684931506849315 300
1747408622328 0.684931506849315 300
1747408626233 0.7077625570776256 310
1747408626234 0.7077625570776256 310
1747408630139 0.730593607305936 320
1747408630140 0.730593607305936 320
1747408634061 0.7534246575342466 330
1747408634062 0.7534246575342466 330
1747408637988 0.776255707762557 340
1747408637989 0.776255707762557 340
1747408641918 0.7990867579908676 350
1747408641918 0.7990867579908676 350
1747408645846 0.821917808219178 360
1747408645847 0.821917808219178 360
1747408649778 0.8447488584474886 370
1747408649779 0.8447488584474886 370
1747408653713 0.867579908675799 380
1747408653714 0.867579908675799 380
1747408659322 0.8904109589041096 390
1747408659322 0.8904109589041096 390
1747408663252 0.91324200913242 400
1747408663252 0.91324200913242 400
1747408667201 0.9360730593607306 410
1747408667201 0.9360730593607306 410
1747408671160 0.958904109589041 420
1747408671161 0.958904109589041 420
1747408676747 0.9817351598173516 430
1747408676747 0.9817351598173516 430
1747408691512 1.0 438
1747408691518 1.0 438
1747408694064 1.004566210045662 440
1747408694065 1.004566210045662 440
1747408698046 1.0273972602739727 450
1747408698046 1.0273972602739727 450
1747408701984 1.0502283105022832 460
1747408701985 1.0502283105022832 460
1747408705920 1.0730593607305936 470
1747408705920 1.0730593607305936 470
1747408709879 1.095890410958904 480
1747408709880 1.095890410958904 480
1747408715474 1.1187214611872145 490
1747408715487 1.1187214611872145 490
1747408719423 1.1415525114155252 500
1747408719423 1.1415525114155252 500
1747408725018 1.1643835616438356 510
1747408725019 1.1643835616438356 510
1747408728947 1.187214611872146 520
1747408728948 1.187214611872146 520
1747408734532 1.2100456621004567 530
1747408734532 1.2100456621004567 530
1747408740139 1.2328767123287672 540
1747408740139 1.2328767123287672 540
1747408744122 1.2557077625570776 550
1747408744122 1.2557077625570776 550
1747408748104 1.278538812785388 560
1747408748104 1.278538812785388 560
1747408752140 1.3013698630136985 570
1747408752140 1.3013698630136985 570
1747408756195 1.3242009132420092 580
1747408756196 1.3242009132420092 580
1747408760250 1.3470319634703196 590
1747408760251 1.3470319634703196 590
1747408764223 1.36986301369863 600
1747408764223 1.36986301369863 600
1747408768205 1.3926940639269407 610
1747408768205 1.3926940639269407 610
1747408772174 1.4155251141552512 620
1747408772174 1.4155251141552512 620
1747408776141 1.4383561643835616 630
1747408776142 1.4383561643835616 630
1747408780091 1.461187214611872 640
1747408780091 1.461187214611872 640
1747408784128 1.4840182648401825 650
1747408784128 1.4840182648401825 650
1747408788224 1.5068493150684932 660
1747408788224 1.5068493150684932 660
1747408792258 1.5296803652968036 670
1747408792258 1.5296803652968036 670
1747408796256 1.5525114155251143 680
1747408796257 1.5525114155251143 680
1747408800225 1.5753424657534247 690
1747408800225 1.5753424657534247 690
1747408804225 1.5981735159817352 700
1747408804225 1.5981735159817352 700
1747408808226 1.6210045662100456 710
1747408808226 1.6210045662100456 710
1747408812359 1.643835616438356 720
1747408812359 1.643835616438356 720
1747408816385 1.6666666666666665 730
1747408816386 1.6666666666666665 730
1747408822159 1.6894977168949772 740
1747408822159 1.6894977168949772 740
1747408826254 1.7123287671232876 750
1747408826255 1.7123287671232876 750
1747408832014 1.7351598173515983 760
1747408832015 1.7351598173515983 760
1747408836060 1.7579908675799087 770
1747408836076 1.7579908675799087 770
1747408840057 1.7808219178082192 780
1747408840058 1.7808219178082192 780
1747408844081 1.8036529680365296 790
1747408844081 1.8036529680365296 790
1747408848077 1.82648401826484 800
1747408848077 1.82648401826484 800
1747408852060 1.8493150684931505 810
1747408852060 1.8493150684931505 810
1747408856046 1.8721461187214612 820
1747408856046 1.8721461187214612 820
1747408860061 1.8949771689497716 830
1747408860061 1.8949771689497716 830
1747408864045 1.9178082191780823 840
1747408864046 1.9178082191780823 840
1747408868137 1.9406392694063928 850
1747408868137 1.9406392694063928 850
1747408872295 1.9634703196347032 860
1747408872295 1.9634703196347032 860
1747408876712 1.9863013698630136 870
1747408876729 1.9863013698630136 870
1747408892580 2.0 876
1747408892580 2.0 876
1747408896045 2.009132420091324 880
1747408896045 2.009132420091324 880
1747408900092 2.0319634703196345 890
1747408900093 2.0319634703196345 890
1747408904197 2.0547945205479454 900
1747408904197 2.0547945205479454 900
1747408908263 2.077625570776256 910
1747408908264 2.077625570776256 910
1747408912352 2.1004566210045663 920
1747408912353 2.1004566210045663 920
1747408916398 2.1232876712328768 930
1747408916398 2.1232876712328768 930
1747408922231 2.146118721461187 940
1747408922232 2.146118721461187 940
1747408927898 2.1689497716894977 950
1747408927898 2.1689497716894977 950
1747408932084 2.191780821917808 960
1747408932085 2.191780821917808 960
1747408936320 2.2146118721461185 970
1747408936322 2.2146118721461185 970
1747408940358 2.237442922374429 980
1747408940359 2.237442922374429 980
1747408944348 2.26027397260274 990
1747408944348 2.26027397260274 990
1747408948466 2.2831050228310503 1000
1747408948466 2.2831050228310503 1000
1747408954483 2.3059360730593608 1010
1747408954483 2.3059360730593608 1010
1747408958655 2.328767123287671 1020
1747408958656 2.328767123287671 1020
1747408962796 2.3515981735159817 1030
1747408962797 2.3515981735159817 1030
1747408966905 2.374429223744292 1040
1747408966906 2.374429223744292 1040
1747408971018 2.3972602739726026 1050
1747408971020 2.3972602739726026 1050
1747408975406 2.4200913242009134 1060
1747408975408 2.4200913242009134 1060
1747408979505 2.442922374429224 1070
1747408979506 2.442922374429224 1070
1747408983762 2.4657534246575343 1080
1747408983763 2.4657534246575343 1080
1747408987871 2.4885844748858448 1090
1747408987872 2.4885844748858448 1090
1747408992866 2.5114155251141552 1100
1747408992869 2.5114155251141552 1100
1747408997037 2.5342465753424657 1110
1747408997039 2.5342465753424657 1110
1747409001448 2.557077625570776 1120
1747409001450 2.557077625570776 1120
1747409006004 2.5799086757990866 1130
1747409006006 2.5799086757990866 1130
1747409010215 2.602739726027397 1140
1747409010216 2.602739726027397 1140
1747409014418 2.625570776255708 1150
1747409014419 2.625570776255708 1150
1747409020216 2.6484018264840183 1160
1747409020217 2.6484018264840183 1160
1747409026007 2.671232876712329 1170
1747409026008 2.671232876712329 1170
1747409030151 2.6940639269406392 1180
1747409030153 2.6940639269406392 1180
1747409036379 2.7168949771689497 1190
1747409036380 2.7168949771689497 1190
1747409040636 2.73972602739726 1200
1747409040639 2.73972602739726 1200
1747409045165 2.762557077625571 1210
1747409045166 2.762557077625571 1210
1747409049377 2.7853881278538815 1220
1747409049378 2.7853881278538815 1220
1747409053965 2.808219178082192 1230
1747409053967 2.808219178082192 1230
1747409058329 2.8310502283105023 1240
1747409058331 2.8310502283105023 1240
1747409064109 2.853881278538813 1250
1747409064110 2.853881278538813 1250
1747409068218 2.8767123287671232 1260
1747409068219 2.8767123287671232 1260
1747409072826 2.8995433789954337 1270
1747409072830 2.8995433789954337 1270
1747409077183 2.922374429223744 1280
1747409077185 2.922374429223744 1280
1747409081470 2.9452054794520546 1290
1747409081468 2.9452054794520546 1290
1747409085846 2.968036529680365 1300
1747409085847 2.968036529680365 1300
1747409090125 2.990867579908676 1310
1747409090127 2.990867579908676 1310
1747409104329 3.0 1314
1747409104331 3.0 1314
1747409111949 3.0136986301369864 1320
1747409111952 3.0136986301369864 1320
1747409116152 3.036529680365297 1330
1747409116154 3.036529680365297 1330
1747409120489 3.0593607305936072 1340
1747409120490 3.0593607305936072 1340
1747409124634 3.0821917808219177 1350
1747409124635 3.0821917808219177 1350
1747409128837 3.105022831050228 1360
1747409128838 3.105022831050228 1360
1747409133091 3.127853881278539 1370
1747409133094 3.127853881278539 1370
1747409137372 3.1506849315068495 1380
1747409137373 3.1506849315068495 1380
1747409141431 3.17351598173516 1390
1747409141432 3.17351598173516 1390
1747409145548 3.1963470319634704 1400
1747409145549 3.1963470319634704 1400
1747409149801 3.219178082191781 1410
1747409149802 3.219178082191781 1410
1747409154016 3.2420091324200913 1420
1747409154018 3.2420091324200913 1420
1747409158203 3.2648401826484017 1430
1747409158205 3.2648401826484017 1430
1747409162417 3.287671232876712 1440
1747409162415 3.287671232876712 1440
1747409166734 3.3105022831050226 1450
1747409166736 3.3105022831050226 1450
1747409170952 3.3333333333333335 1460
1747409170953 3.3333333333333335 1460
1747409175145 3.356164383561644 1470
1747409175145 3.356164383561644 1470
1747409179337 3.3789954337899544 1480
1747409179338 3.3789954337899544 1480
1747409183464 3.401826484018265 1490
1747409183465 3.401826484018265 1490
1747409187593 3.4246575342465753 1500
1747409187592 3.4246575342465753 1500
1747409191757 3.4474885844748857 1510
1747409191758 3.4474885844748857 1510
1747409196068 3.470319634703196 1520
1747409196069 3.470319634703196 1520
1747409200414 3.493150684931507 1530
1747409200416 3.493150684931507 1530
1747409205234 3.5159817351598175 1540
1747409205235 3.5159817351598175 1540
1747409209343 3.538812785388128 1550
1747409209346 3.538812785388128 1550
1747409213465 3.5616438356164384 1560
1747409213466 3.5616438356164384 1560
1747409217693 3.584474885844749 1570
1747409217693 3.584474885844749 1570
1747409221800 3.6073059360730593 1580
1747409221799 3.6073059360730593 1580
1747409225887 3.6301369863013697 1590
1747409225888 3.6301369863013697 1590
1747409230059 3.65296803652968 1600
1747409230062 3.65296803652968 1600
1747409234348 3.6757990867579906 1610
1747409234350 3.6757990867579906 1610
1747409240262 3.6986301369863015 1620
1747409240263 3.6986301369863015 1620
1747409244322 3.721461187214612 1630
1747409244323 3.721461187214612 1630
1747409248374 3.7442922374429224 1640
1747409248375 3.7442922374429224 1640
1747409252430 3.767123287671233 1650
1747409252431 3.767123287671233 1650
1747409256482 3.7899543378995433 1660
1747409256483 3.7899543378995433 1660
1747409260529 3.8127853881278537 1670
1747409260529 3.8127853881278537 1670
1747409264580 3.8356164383561646 1680
1747409264580 3.8356164383561646 1680
1747409268632 3.858447488584475 1690
1747409268633 3.858447488584475 1690
1747409272678 3.8812785388127855 1700
1747409272678 3.8812785388127855 1700
1747409276740 3.904109589041096 1710
1747409276740 3.904109589041096 1710
1747409280828 3.9269406392694064 1720
1747409280829 3.9269406392694064 1720
1747409284955 3.949771689497717 1730
1747409284956 3.949771689497717 1730
1747409290809 3.9726027397260273 1740
1747409290810 3.9726027397260273 1740
1747409294964 3.9954337899543377 1750
1747409294966 3.9954337899543377 1750
1747409307801 4.0 1752
1747409307801 4.0 1752
1747409310151 4.0 1752
1747409310151 4.0 1752
