1747408482022 9.967459678649902 10
1747408482023 9.967459678649902 10
1747408487442 0.0399564690887928 20
1747408487443 0.0399564690887928 20
1747408491336 0.08394741266965866 30
1747408491337 0.08394741266965866 30
1747408495317 0.022283121943473816 40
1747408495317 0.022283121943473816 40
1747408499187 0.09139298647642136 50
1747408499188 0.09139298647642136 50
1747408503033 0.009056937880814075 60
1747408503034 0.009056937880814075 60
1747408508563 36.022884368896484 70
1747408508564 36.022884368896484 70
1747408512470 36.59181213378906 80
1747408512470 36.59181213378906 80
1747408517988 0.0063306246884167194 90
1747408517988 0.0063306246884167194 90
1747408523518 0.008119456470012665 100
1747408523518 0.008119456470012665 100
1747408530560 0.006787403486669064 110
1747408530562 0.006787403486669064 110
1747408536078 0.004483397118747234 120
1747408536079 0.004483397118747234 120
1747408539935 0.003298412775620818 130
1747408539935 0.003298412775620818 130
1747408545223 0.003413624595850706 140
1747408545226 0.003413624595850706 140
1747408549315 0.012520280666649342 150
1747408549315 0.012520280666649342 150
1747408554776 0.015635693445801735 160
1747408554777 0.015635693445801735 160
1747408560271 0.0016823987243697047 170
1747408560272 0.0016823987243697047 170
1747408564146 0.001435434096492827 180
1747408564146 0.001435434096492827 180
1747408568018 0.0013855372089892626 190
1747408568019 0.0013855372089892626 190
1747408573529 0.0012925585033372045 200
1747408573530 0.0012925585033372045 200
1747408577433 0.001297871582210064 210
1747408577434 0.001297871582210064 210
1747408582956 0.0012231767177581787 220
1747408582957 0.0012231767177581787 220
1747408590110 0.028736861422657967 230
1747408590111 0.028736861422657967 230
1747408593985 0.001423386624082923 240
1747408593985 0.001423386624082923 240
1747408597874 2.9782190322875977 250
1747408597874 2.9782190322875977 250
1747408603397 0.0037841431330889463 260
1747408603398 0.0037841431330889463 260
1747408608941 0.013762757182121277 270
1747408608943 0.013762757182121277 270
1747408612867 0.004363059066236019 280
1747408612868 0.004363059066236019 280
1747408618425 31.587501525878906 290
1747408618425 31.587501525878906 290
1747408622327 0.4350503385066986 300
1747408622328 0.4350503385066986 300
1747408626233 0.7098335027694702 310
1747408626234 0.7098335027694702 310
1747408630139 0.008784900419414043 320
1747408630140 0.008784900419414043 320
1747408634061 0.007022675126791 330
1747408634062 0.007022675126791 330
1747408637988 0.004465840756893158 340
1747408637989 0.004465840756893158 340
1747408641918 0.002618522848933935 350
1747408641918 0.002618522848933935 350
1747408645846 0.0017295490251854062 360
1747408645847 0.0017295490251854062 360
1747408649778 0.0016479408368468285 370
1747408649779 0.0016479408368468285 370
1747408653713 0.0024204333312809467 380
1747408653714 0.0024204333312809467 380
1747408659322 0.001618682872503996 390
1747408659322 0.001618682872503996 390
1747408663252 0.0013388619991019368 400
1747408663252 0.0013388619991019368 400
1747408667201 0.012779898941516876 410
1747408667201 0.012779898941516876 410
1747408671160 0.009558550082147121 420
1747408671161 0.009558550082147121 420
1747408676747 0.004965432919561863 430
1747408676747 0.004965432919561863 430
1747408694064 0.0032694863621145487 440
1747408694065 0.0032694863621145487 440
1747408698046 101.21812438964844 450
1747408698046 101.21812438964844 450
1747408701984 0.0019463527714833617 460
1747408701985 0.0019463527714833617 460
1747408705920 0.0017183574382215738 470
1747408705920 0.0017183574382215738 470
1747408709879 0.0014336579479277134 480
1747408709880 0.0014336579479277134 480
1747408715474 0.0014162276638671756 490
1747408715487 0.0014162276638671756 490
1747408719423 0.00391392083838582 500
1747408719423 0.00391392083838582 500
1747408725018 0.000979365548118949 510
1747408725019 0.000979365548118949 510
1747408728947 0.0010667569003999233 520
1747408728948 0.0010667569003999233 520
1747408734532 0.0008927559247240424 530
1747408734532 0.0008927559247240424 530
1747408740139 0.0009832868818193674 540
1747408740139 0.0009832868818193674 540
1747408744122 0.0009142566123045981 550
1747408744122 0.0009142566123045981 550
1747408748104 0.0008883106638677418 560
1747408748104 0.0008883106638677418 560
1747408752140 0.0007287702756002545 570
1747408752140 0.0007287702756002545 570
1747408756195 0.0007787125068716705 580
1747408756196 0.0007787125068716705 580
1747408760250 0.000697757990565151 590
1747408760251 0.000697757990565151 590
1747408764223 0.0007430779514834285 600
1747408764223 0.0007430779514834285 600
1747408768205 0.0006725848070345819 610
1747408768205 0.0006725848070345819 610
1747408772174 0.0006588440155610442 620
1747408772174 0.0006588440155610442 620
1747408776141 0.005047333426773548 630
1747408776142 0.005047333426773548 630
1747408780091 0.000598982791416347 640
1747408780091 0.000598982791416347 640
1747408784128 0.000553232675883919 650
1747408784128 0.000553232675883919 650
1747408788224 0.0015935570700094104 660
1747408788224 0.0015935570700094104 660
1747408792258 0.0005718982429243624 670
1747408792258 0.0005718982429243624 670
1747408796256 0.0005286935484036803 680
1747408796257 0.0005286935484036803 680
1747408800225 0.0008025228744372725 690
1747408800225 0.0008025228744372725 690
1747408804225 0.0005131218931637704 700
1747408804225 0.0005131218931637704 700
1747408808226 0.000476029614219442 710
1747408808226 0.000476029614219442 710
1747408812359 0.0004542280803434551 720
1747408812359 0.0004542280803434551 720
1747408816385 0.00041104594129137695 730
1747408816386 0.00041104594129137695 730
1747408822159 0.0004112715250812471 740
1747408822159 0.0004112715250812471 740
1747408826254 0.00044526802957989275 750
1747408826255 0.00044526802957989275 750
1747408832014 0.00044488190906122327 760
1747408832015 0.00044488190906122327 760
1747408836060 0.00040072904084809124 770
1747408836076 0.00040072904084809124 770
1747408840057 0.0003737977531272918 780
1747408840058 0.0003737977531272918 780
1747408844081 0.0003298578376416117 790
1747408844081 0.0003298578376416117 790
1747408848077 0.000345990207279101 800
1747408848077 0.000345990207279101 800
1747408852060 0.000378590717446059 810
1747408852060 0.000378590717446059 810
1747408856046 0.00035833267611451447 820
1747408856046 0.00035833267611451447 820
1747408860061 0.0003040213487111032 830
1747408860061 0.0003040213487111032 830
1747408864045 0.00035583190037868917 840
1747408864046 0.00035583190037868917 840
1747408868137 0.0002925264707300812 850
1747408868137 0.0002925264707300812 850
1747408872295 0.0003063417680095881 860
1747408872295 0.0003063417680095881 860
1747408876712 0.0003152652061544359 870
1747408876729 0.0003152652061544359 870
1747408896045 0.0002769721613731235 880
1747408896045 0.0002769721613731235 880
1747408900092 0.0002662796759977937 890
1747408900093 0.0002662796759977937 890
1747408904197 0.00031864061020314693 900
1747408904197 0.00031864061020314693 900
1747408908263 0.0002876762591768056 910
1747408908264 0.0002876762591768056 910
1747408912352 0.0002685335639398545 920
1747408912353 0.0002685335639398545 920
1747408916398 0.00029774586437270045 930
1747408916398 0.00029774586437270045 930
1747408922231 0.00023967014567460865 940
1747408922232 0.00023967014567460865 940
1747408927898 0.0002767914265859872 950
1747408927898 0.0002767914265859872 950
1747408932084 0.0002770439023151994 960
1747408932085 0.0002770439023151994 960
1747408936320 0.00021937754354439676 970
1747408936322 0.00021937754354439676 970
1747408940358 0.00020479668455664068 980
1747408940359 0.00020479668455664068 980
1747408944348 0.00024154555285349488 990
1747408944348 0.00024154555285349488 990
1747408948466 0.00021558973821811378 1000
1747408948466 0.00021558973821811378 1000
1747408954483 0.00021547234791796654 1010
1747408954483 0.00021547234791796654 1010
1747408958655 0.00023394204617943615 1020
1747408958656 0.00023394204617943615 1020
1747408962796 0.00023103549028746784 1030
1747408962797 0.00023103549028746784 1030
1747408966905 0.00022605026606470346 1040
1747408966906 0.00022605026606470346 1040
1747408971018 0.0002479459799360484 1050
1747408971020 0.0002479459799360484 1050
1747408975406 0.00018808461027219892 1060
1747408975408 0.00018808461027219892 1060
1747408979505 0.00047565647400915623 1070
1747408979506 0.00047565647400915623 1070
1747408983762 0.0008538559195585549 1080
1747408983763 0.0008538559195585549 1080
1747408987871 0.0008627381757833064 1090
1747408987872 0.0008627381757833064 1090
1747408992866 0.0005134835955686867 1100
1747408992869 0.0005134835955686867 1100
1747408997037 0.0004927537520416081 1110
1747408997039 0.0004927537520416081 1110
1747409001448 0.00030081908334977925 1120
1747409001450 0.00030081908334977925 1120
1747409006004 0.00029884581454098225 1130
1747409006006 0.00029884581454098225 1130
1747409010215 0.00026434051687829196 1140
1747409010216 0.00026434051687829196 1140
1747409014418 0.00019864893693011254 1150
1747409014419 0.00019864893693011254 1150
1747409020216 0.0038907781708985567 1160
1747409020217 0.0038907781708985567 1160
1747409026007 296.1058654785156 1170
1747409026008 296.1058654785156 1170
1747409030151 0.004081277642399073 1180
1747409030153 0.004081277642399073 1180
1747409036379 0.003408835968002677 1190
1747409036380 0.003408835968002677 1190
1747409040636 0.0018301504896953702 1200
1747409040639 0.0018301504896953702 1200
1747409045165 0.02015497162938118 1210
1747409045166 0.02015497162938118 1210
1747409049377 0.024514051154255867 1220
1747409049378 0.024514051154255867 1220
1747409053965 0.006502801552414894 1230
1747409053967 0.006502801552414894 1230
1747409058329 0.005353326443582773 1240
1747409058331 0.005353326443582773 1240
1747409064109 0.0018282487289980054 1250
1747409064110 0.0018282487289980054 1250
1747409068218 0.001346119912341237 1260
1747409068219 0.001346119912341237 1260
1747409072826 0.002096329117193818 1270
1747409072830 0.002096329117193818 1270
1747409077183 0.00162023538723588 1280
1747409077185 0.00162023538723588 1280
1747409081470 0.001461051986552775 1290
1747409081468 0.001461051986552775 1290
1747409085846 0.001092633232474327 1300
1747409085847 0.001092633232474327 1300
1747409090125 0.0009083787444978952 1310
1747409090127 0.0009083787444978952 1310
1747409111949 0.0009166954550892115 1320
1747409111952 0.0009166954550892115 1320
1747409116154 0.0009863555897027254 1330
1747409116152 0.0009863555897027254 1330
1747409120489 0.000938260811381042 1340
1747409120490 0.000938260811381042 1340
1747409124634 0.001026188605464995 1350
1747409124635 0.001026188605464995 1350
1747409128837 0.0009939096635207534 1360
1747409128838 0.0009939096635207534 1360
1747409133091 0.000962521939072758 1370
1747409133094 0.000962521939072758 1370
1747409137372 0.0007944967364892364 1380
1747409137373 0.0007944967364892364 1380
1747409141431 0.0007894105510786176 1390
1747409141432 0.0007894105510786176 1390
1747409145548 0.0006905057234689593 1400
1747409145549 0.0006905057234689593 1400
1747409149801 0.0007041309727355838 1410
1747409149802 0.0007041309727355838 1410
1747409154016 0.0006152443238534033 1420
1747409154018 0.0006152443238534033 1420
1747409158203 0.0004963421961292624 1430
1747409158205 0.0004963421961292624 1430
1747409162417 0.0007533077732659876 1440
1747409162415 0.0007533077732659876 1440
1747409166734 0.0006250106380321085 1450
1747409166736 0.0006250106380321085 1450
1747409170952 0.0007391853141598403 1460
1747409170953 0.0007391853141598403 1460
1747409175145 0.0005967156612314284 1470
1747409175145 0.0005967156612314284 1470
1747409179337 0.0005736390594393015 1480
1747409179338 0.0005736390594393015 1480
1747409183464 0.0007093209424056113 1490
1747409183465 0.0007093209424056113 1490
1747409187592 0.0004529776342678815 1500
1747409187593 0.0004529776342678815 1500
1747409191757 0.0005179541185498238 1510
1747409191758 0.0005179541185498238 1510
1747409196068 0.0004734827089123428 1520
1747409196069 0.0004734827089123428 1520
1747409200414 0.00048326709656976163 1530
1747409200416 0.00048326709656976163 1530
1747409205234 0.0003738085797522217 1540
1747409205235 0.0003738085797522217 1540
1747409209343 0.0004862365312874317 1550
1747409209346 0.0004862365312874317 1550
1747409213465 0.00047961948439478874 1560
1747409213466 0.00047961948439478874 1560
1747409217693 0.0005499247345142066 1570
1747409217693 0.0005499247345142066 1570
1747409221800 0.0004242026770953089 1580
1747409225887 0.0004892772994935513 1590
1747409225888 0.0004892772994935513 1590
1747409230059 0.00048656665603630245 1600
1747409230062 0.00048656665603630245 1600
1747409234348 0.00045540896826423705 1610
1747409234350 0.00045540896826423705 1610
1747409240262 0.0004763519100379199 1620
1747409240263 0.0004763519100379199 1620
1747409244322 0.0003003932652063668 1630
1747409244323 0.0003003932652063668 1630
1747409248374 0.00044519270886667073 1640
1747409248375 0.00044519270886667073 1640
1747409252430 0.0004179015231784433 1650
1747409252431 0.0004179015231784433 1650
1747409256482 0.00042479290277697146 1660
1747409256483 0.00042479290277697146 1660
1747409260529 0.00038731552194803953 1670
1747409260529 0.00038731552194803953 1670
1747409264580 0.0003079791204072535 1680
1747409268632 0.00030065790633670986 1690
1747409268633 0.00030065790633670986 1690
1747409272678 0.0003247983113396913 1700
1747409272678 0.0003247983113396913 1700
1747409276740 0.0003618812479544431 1710
1747409276740 0.0003618812479544431 1710
1747409280828 0.000405160739319399 1720
1747409280829 0.000405160739319399 1720
1747409284955 0.0002845075505319983 1730
1747409284956 0.0002845075505319983 1730
1747409290809 0.00037127145333215594 1740
1747409290810 0.00037127145333215594 1740
1747409294964 0.0002880724205169827 1750
1747409294966 0.0002880724205169827 1750
