1747408482023 4.988584474885845e-05 10
1747408482022 4.988584474885845e-05 10
1747408487442 4.977168949771689e-05 20
1747408487443 4.977168949771689e-05 20
1747408491336 4.9657534246575346e-05 30
1747408491337 4.9657534246575346e-05 30
1747408495317 4.9543378995433794e-05 40
1747408495317 4.9543378995433794e-05 40
1747408499187 4.942922374429224e-05 50
1747408499188 4.942922374429224e-05 50
1747408503033 4.9315068493150684e-05 60
1747408503034 4.9315068493150684e-05 60
1747408508563 4.920091324200913e-05 70
1747408508564 4.920091324200913e-05 70
1747408512470 4.908675799086758e-05 80
1747408512470 4.908675799086758e-05 80
1747408517988 4.8972602739726034e-05 90
1747408517988 4.8972602739726034e-05 90
1747408523518 4.8858447488584476e-05 100
1747408523518 4.8858447488584476e-05 100
1747408530560 4.8744292237442924e-05 110
1747408530562 4.8744292237442924e-05 110
1747408536078 4.863013698630137e-05 120
1747408536079 4.863013698630137e-05 120
1747408539935 4.851598173515982e-05 130
1747408539935 4.851598173515982e-05 130
1747408545223 4.840182648401827e-05 140
1747408545226 4.840182648401827e-05 140
1747408549315 4.8287671232876716e-05 150
1747408549315 4.8287671232876716e-05 150
1747408554776 4.8173515981735164e-05 160
1747408554777 4.8173515981735164e-05 160
1747408560271 4.805936073059361e-05 170
1747408560272 4.805936073059361e-05 170
1747408564146 4.794520547945205e-05 180
1747408564146 4.794520547945205e-05 180
1747408568018 4.78310502283105e-05 190
1747408568019 4.78310502283105e-05 190
1747408573529 4.7716894977168955e-05 200
1747408573530 4.7716894977168955e-05 200
1747408577433 4.7602739726027403e-05 210
1747408577434 4.7602739726027403e-05 210
1747408582956 4.7488584474885845e-05 220
1747408582957 4.7488584474885845e-05 220
1747408590110 4.737442922374429e-05 230
1747408590111 4.737442922374429e-05 230
1747408593985 4.726027397260274e-05 240
1747408593985 4.726027397260274e-05 240
1747408597874 4.714611872146119e-05 250
1747408597874 4.714611872146119e-05 250
1747408603397 4.703196347031964e-05 260
1747408603398 4.703196347031964e-05 260
1747408608941 4.6917808219178085e-05 270
1747408608943 4.6917808219178085e-05 270
1747408612867 4.680365296803653e-05 280
1747408612868 4.680365296803653e-05 280
1747408618425 4.668949771689498e-05 290
1747408618425 4.668949771689498e-05 290
1747408622327 4.657534246575342e-05 300
1747408622328 4.657534246575342e-05 300
1747408626233 4.646118721461187e-05 310
1747408626234 4.646118721461187e-05 310
1747408630139 4.6347031963470325e-05 320
1747408630140 4.6347031963470325e-05 320
1747408634061 4.623287671232877e-05 330
1747408634062 4.623287671232877e-05 330
1747408637988 4.6118721461187214e-05 340
1747408637989 4.6118721461187214e-05 340
1747408641918 4.600456621004566e-05 350
1747408641918 4.600456621004566e-05 350
1747408645846 4.589041095890411e-05 360
1747408645847 4.589041095890411e-05 360
1747408649778 4.577625570776256e-05 370
1747408649779 4.577625570776256e-05 370
1747408653713 4.5662100456621006e-05 380
1747408653714 4.5662100456621006e-05 380
1747408659322 4.5547945205479454e-05 390
1747408659322 4.5547945205479454e-05 390
1747408663252 4.54337899543379e-05 400
1747408663252 4.54337899543379e-05 400
1747408667201 4.531963470319635e-05 410
1747408667201 4.531963470319635e-05 410
1747408671160 4.520547945205479e-05 420
1747408671161 4.520547945205479e-05 420
1747408676747 4.5091324200913246e-05 430
1747408676747 4.5091324200913246e-05 430
1747408694064 4.4977168949771694e-05 440
1747408694065 4.4977168949771694e-05 440
1747408698046 4.486301369863014e-05 450
1747408698046 4.486301369863014e-05 450
1747408701984 4.474885844748858e-05 460
1747408701985 4.474885844748858e-05 460
1747408705920 4.463470319634703e-05 470
1747408705920 4.463470319634703e-05 470
1747408709879 4.452054794520548e-05 480
1747408709880 4.452054794520548e-05 480
1747408715474 4.4406392694063934e-05 490
1747408715487 4.4406392694063934e-05 490
1747408719423 4.4292237442922375e-05 500
1747408719423 4.4292237442922375e-05 500
1747408725018 4.417808219178082e-05 510
1747408725019 4.417808219178082e-05 510
1747408728947 4.406392694063927e-05 520
1747408728948 4.406392694063927e-05 520
1747408734532 4.394977168949772e-05 530
1747408734532 4.394977168949772e-05 530
1747408740139 4.383561643835617e-05 540
1747408740139 4.383561643835617e-05 540
1747408744122 4.3721461187214615e-05 550
1747408744122 4.3721461187214615e-05 550
1747408748104 4.360730593607306e-05 560
1747408748104 4.360730593607306e-05 560
1747408752140 4.349315068493151e-05 570
1747408752140 4.349315068493151e-05 570
1747408756195 4.337899543378995e-05 580
1747408756196 4.337899543378995e-05 580
1747408760250 4.32648401826484e-05 590
1747408760251 4.32648401826484e-05 590
1747408764223 4.3150684931506855e-05 600
1747408764223 4.3150684931506855e-05 600
1747408768205 4.30365296803653e-05 610
1747408768205 4.30365296803653e-05 610
1747408772174 4.2922374429223744e-05 620
1747408772174 4.2922374429223744e-05 620
1747408776141 4.280821917808219e-05 630
1747408776142 4.280821917808219e-05 630
1747408780091 4.269406392694064e-05 640
1747408780091 4.269406392694064e-05 640
1747408784128 4.257990867579909e-05 650
1747408784128 4.257990867579909e-05 650
1747408788224 4.2465753424657536e-05 660
1747408788224 4.2465753424657536e-05 660
1747408792258 4.2351598173515984e-05 670
1747408792258 4.2351598173515984e-05 670
1747408796256 4.223744292237443e-05 680
1747408796257 4.223744292237443e-05 680
1747408800225 4.212328767123288e-05 690
1747408800225 4.212328767123288e-05 690
1747408804225 4.200913242009132e-05 700
1747408804225 4.200913242009132e-05 700
1747408808226 4.1894977168949776e-05 710
1747408808226 4.1894977168949776e-05 710
1747408812359 4.1780821917808224e-05 720
1747408812359 4.1780821917808224e-05 720
1747408816385 4.166666666666667e-05 730
1747408816386 4.166666666666667e-05 730
1747408822159 4.155251141552511e-05 740
1747408822159 4.155251141552511e-05 740
1747408826254 4.143835616438356e-05 750
1747408826255 4.143835616438356e-05 750
1747408832014 4.132420091324201e-05 760
1747408832015 4.132420091324201e-05 760
1747408836060 4.121004566210046e-05 770
1747408836076 4.121004566210046e-05 770
1747408840057 4.1095890410958905e-05 780
1747408840058 4.1095890410958905e-05 780
1747408844081 4.098173515981735e-05 790
1747408844081 4.098173515981735e-05 790
1747408848077 4.08675799086758e-05 800
1747408848077 4.08675799086758e-05 800
1747408852060 4.075342465753425e-05 810
1747408852060 4.075342465753425e-05 810
1747408856046 4.063926940639269e-05 820
1747408856046 4.063926940639269e-05 820
1747408860061 4.0525114155251145e-05 830
1747408860061 4.0525114155251145e-05 830
1747408864045 4.041095890410959e-05 840
1747408864046 4.041095890410959e-05 840
1747408868137 4.029680365296804e-05 850
1747408868137 4.029680365296804e-05 850
1747408872295 4.018264840182648e-05 860
1747408872295 4.018264840182648e-05 860
1747408876712 4.006849315068493e-05 870
1747408876729 4.006849315068493e-05 870
1747408896045 3.995433789954338e-05 880
1747408896045 3.995433789954338e-05 880
1747408900092 3.984018264840183e-05 890
1747408900093 3.984018264840183e-05 890
1747408904197 3.9726027397260274e-05 900
1747408904197 3.9726027397260274e-05 900
1747408908263 3.961187214611872e-05 910
1747408908264 3.961187214611872e-05 910
1747408912352 3.949771689497717e-05 920
1747408912353 3.949771689497717e-05 920
1747408916398 3.938356164383562e-05 930
1747408916398 3.938356164383562e-05 930
1747408922231 3.9269406392694066e-05 940
1747408922232 3.9269406392694066e-05 940
1747408927898 3.9155251141552514e-05 950
1747408927898 3.9155251141552514e-05 950
1747408932084 3.904109589041096e-05 960
1747408932085 3.904109589041096e-05 960
1747408936320 3.892694063926941e-05 970
1747408936322 3.892694063926941e-05 970
1747408940358 3.881278538812785e-05 980
1747408940359 3.881278538812785e-05 980
1747408944348 3.86986301369863e-05 990
1747408944348 3.86986301369863e-05 990
1747408948466 3.8584474885844754e-05 1000
1747408948466 3.8584474885844754e-05 1000
1747408954483 3.84703196347032e-05 1010
1747408954483 3.84703196347032e-05 1010
1747408958655 3.8356164383561644e-05 1020
1747408958656 3.8356164383561644e-05 1020
1747408962796 3.824200913242009e-05 1030
1747408962797 3.824200913242009e-05 1030
1747408966905 3.812785388127854e-05 1040
1747408966906 3.812785388127854e-05 1040
1747408971018 3.801369863013699e-05 1050
1747408971020 3.801369863013699e-05 1050
1747408975406 3.7899543378995436e-05 1060
1747408975408 3.7899543378995436e-05 1060
1747408979505 3.7785388127853884e-05 1070
1747408979506 3.7785388127853884e-05 1070
1747408983762 3.767123287671233e-05 1080
1747408983763 3.767123287671233e-05 1080
1747408987871 3.755707762557078e-05 1090
1747408987872 3.755707762557078e-05 1090
1747408992866 3.744292237442922e-05 1100
1747408992869 3.744292237442922e-05 1100
1747408997037 3.7328767123287675e-05 1110
1747408997039 3.7328767123287675e-05 1110
1747409001448 3.7214611872146123e-05 1120
1747409001450 3.7214611872146123e-05 1120
1747409006004 3.710045662100457e-05 1130
1747409006006 3.710045662100457e-05 1130
1747409010215 3.698630136986301e-05 1140
1747409010216 3.698630136986301e-05 1140
1747409014418 3.687214611872146e-05 1150
1747409014419 3.687214611872146e-05 1150
1747409020216 3.675799086757991e-05 1160
1747409020217 3.675799086757991e-05 1160
1747409026007 3.664383561643836e-05 1170
1747409026008 3.664383561643836e-05 1170
1747409030151 3.6529680365296805e-05 1180
1747409030153 3.6529680365296805e-05 1180
1747409036379 3.641552511415525e-05 1190
1747409036380 3.641552511415525e-05 1190
1747409040636 3.63013698630137e-05 1200
1747409040639 3.63013698630137e-05 1200
1747409045165 3.618721461187215e-05 1210
1747409045166 3.618721461187215e-05 1210
1747409049377 3.60730593607306e-05 1220
1747409049378 3.60730593607306e-05 1220
1747409053965 3.5958904109589045e-05 1230
1747409053967 3.5958904109589045e-05 1230
1747409058329 3.584474885844749e-05 1240
1747409058331 3.584474885844749e-05 1240
1747409064109 3.573059360730594e-05 1250
1747409064110 3.573059360730594e-05 1250
1747409068218 3.561643835616438e-05 1260
1747409068219 3.561643835616438e-05 1260
1747409072826 3.550228310502283e-05 1270
1747409072830 3.550228310502283e-05 1270
1747409077183 3.538812785388128e-05 1280
1747409077185 3.538812785388128e-05 1280
1747409081470 3.527397260273973e-05 1290
1747409081468 3.527397260273973e-05 1290
1747409085846 3.5159817351598174e-05 1300
1747409085847 3.5159817351598174e-05 1300
1747409090125 3.504566210045662e-05 1310
1747409090127 3.504566210045662e-05 1310
1747409111949 3.493150684931507e-05 1320
1747409111952 3.493150684931507e-05 1320
1747409116154 3.481735159817352e-05 1330
1747409116152 3.481735159817352e-05 1330
1747409120489 3.4703196347031966e-05 1340
1747409120490 3.4703196347031966e-05 1340
1747409124634 3.4589041095890414e-05 1350
1747409124635 3.4589041095890414e-05 1350
1747409128837 3.447488584474886e-05 1360
1747409128838 3.447488584474886e-05 1360
1747409133091 3.436073059360731e-05 1370
1747409133094 3.436073059360731e-05 1370
1747409137372 3.424657534246575e-05 1380
1747409137373 3.424657534246575e-05 1380
1747409141431 3.41324200913242e-05 1390
1747409141432 3.41324200913242e-05 1390
1747409145548 3.4018264840182654e-05 1400
1747409145549 3.4018264840182654e-05 1400
1747409149801 3.39041095890411e-05 1410
1747409149802 3.39041095890411e-05 1410
1747409154016 3.378995433789954e-05 1420
1747409154018 3.378995433789954e-05 1420
1747409158203 3.367579908675799e-05 1430
1747409158205 3.367579908675799e-05 1430
1747409162417 3.356164383561644e-05 1440
1747409162415 3.356164383561644e-05 1440
1747409166734 3.344748858447489e-05 1450
1747409166736 3.344748858447489e-05 1450
1747409170952 3.3333333333333335e-05 1460
1747409170953 3.3333333333333335e-05 1460
1747409175145 3.321917808219178e-05 1470
1747409175145 3.321917808219178e-05 1470
1747409179337 3.310502283105023e-05 1480
1747409179338 3.310502283105023e-05 1480
1747409183464 3.299086757990868e-05 1490
1747409183465 3.299086757990868e-05 1490
1747409187592 3.287671232876712e-05 1500
1747409187593 3.287671232876712e-05 1500
1747409191757 3.2762557077625575e-05 1510
1747409191758 3.2762557077625575e-05 1510
1747409196068 3.264840182648402e-05 1520
1747409196069 3.264840182648402e-05 1520
1747409200414 3.253424657534247e-05 1530
1747409200416 3.253424657534247e-05 1530
1747409205234 3.242009132420091e-05 1540
1747409205235 3.242009132420091e-05 1540
1747409209343 3.230593607305936e-05 1550
1747409209346 3.230593607305936e-05 1550
1747409213465 3.219178082191781e-05 1560
1747409213466 3.219178082191781e-05 1560
1747409217693 3.207762557077626e-05 1570
1747409217693 3.207762557077626e-05 1570
1747409221800 3.1963470319634704e-05 1580
1747409221799 3.1963470319634704e-05 1580
1747409225887 3.184931506849315e-05 1590
1747409225888 3.184931506849315e-05 1590
1747409230059 3.17351598173516e-05 1600
1747409230062 3.17351598173516e-05 1600
1747409234348 3.162100456621005e-05 1610
1747409234350 3.162100456621005e-05 1610
1747409240262 3.1506849315068496e-05 1620
1747409240263 3.1506849315068496e-05 1620
1747409244322 3.1392694063926944e-05 1630
1747409244323 3.1392694063926944e-05 1630
1747409248374 3.127853881278539e-05 1640
1747409248375 3.127853881278539e-05 1640
1747409252430 3.116438356164384e-05 1650
1747409252431 3.116438356164384e-05 1650
1747409256482 3.105022831050228e-05 1660
1747409256483 3.105022831050228e-05 1660
1747409260529 3.093607305936073e-05 1670
1747409260529 3.093607305936073e-05 1670
1747409264580 3.082191780821918e-05 1680
1747409264580 3.082191780821918e-05 1680
1747409268632 3.070776255707763e-05 1690
1747409268633 3.070776255707763e-05 1690
1747409272678 3.059360730593607e-05 1700
1747409272678 3.059360730593607e-05 1700
1747409276740 3.047945205479452e-05 1710
1747409276740 3.047945205479452e-05 1710
1747409280828 3.036529680365297e-05 1720
1747409280829 3.036529680365297e-05 1720
1747409284955 3.025114155251142e-05 1730
1747409284956 3.025114155251142e-05 1730
1747409290809 3.0136986301369862e-05 1740
1747409290810 3.0136986301369862e-05 1740
1747409294964 3.0022831050228313e-05 1750
1747409294966 3.0022831050228313e-05 1750
