1747408482022 0.5537 10
1747408482023 0.5537 10
1747408487442 0.0387 20
1747408487443 0.0387 20
1747408491336 0.1024 30
1747408491337 0.1024 30
1747408495317 0.0374 40
1747408495317 0.0374 40
1747408499187 0.0014 50
1747408499188 0.0014 50
1747408503033 0.028 60
1747408503034 0.028 60
1747408508563 0.0832 70
1747408508564 0.0832 70
1747408512470 0.1017 80
1747408512470 0.1017 80
1747408517988 0.0003 90
1747408517988 0.0003 90
1747408523518 0.0003 100
1747408523518 0.0003 100
1747408530560 0.0411 110
1747408530562 0.0411 110
1747408536078 0.0323 120
1747408536079 0.0323 120
1747408539935 0.0001 130
1747408539935 0.0001 130
1747408545223 0.0055 140
1747408545226 0.0055 140
1747408549315 0.0001 150
1747408549315 0.0001 150
1747408554776 0.0001 160
1747408554777 0.0001 160
1747408560271 0.0001 170
1747408560272 0.0001 170
1747408564146 0.0001 180
1747408564146 0.0001 180
1747408568018 0.0004 190
1747408568019 0.0004 190
1747408573529 0.0479 200
1747408573530 0.0479 200
1747408577433 0.0001 210
1747408577434 0.0001 210
1747408582956 0.0001 220
1747408582957 0.0001 220
1747408590110 0.0001 230
1747408590111 0.0001 230
1747408593985 0.0 240
1747408593985 0.0 240
1747408597874 0.0571 250
1747408597874 0.0571 250
1747408603397 0.0001 260
1747408603398 0.0001 260
1747408608941 0.0245 270
1747408608943 0.0245 270
1747408612867 0.0001 280
1747408612868 0.0001 280
1747408618425 0.0255 290
1747408618425 0.0255 290
1747408622327 0.0001 300
1747408622328 0.0001 300
1747408626233 0.1402 310
1747408626234 0.1402 310
1747408630139 0.0012 320
1747408630140 0.0012 320
1747408634061 0.0003 330
1747408634062 0.0003 330
1747408637988 0.0002 340
1747408637989 0.0002 340
1747408641918 0.0001 350
1747408641918 0.0001 350
1747408645846 0.0001 360
1747408645847 0.0001 360
1747408649778 0.0276 370
1747408649779 0.0276 370
1747408653713 0.0001 380
1747408653714 0.0001 380
1747408659322 0.0001 390
1747408659322 0.0001 390
1747408663252 0.0001 400
1747408663252 0.0001 400
1747408667201 0.0644 410
1747408667201 0.0644 410
1747408671160 0.0265 420
1747408671161 0.0265 420
1747408676747 0.0004 430
1747408676747 0.0004 430
1747408694065 0.0002 440
1747408694064 0.0002 440
1747408698046 0.0594 450
1747408698046 0.0594 450
1747408701984 0.0001 460
1747408701985 0.0001 460
1747408705920 0.0001 470
1747408705920 0.0001 470
1747408709879 0.0001 480
1747408709880 0.0001 480
1747408715474 0.0001 490
1747408715487 0.0001 490
1747408719423 0.0001 500
1747408719423 0.0001 500
1747408725018 0.0044 510
1747408725019 0.0044 510
1747408728947 0.0 520
1747408728948 0.0 520
1747408734532 0.0039 530
1747408734532 0.0039 530
1747408740139 0.0 540
1747408740139 0.0 540
1747408744122 0.0 550
1747408744122 0.0 550
1747408748104 0.0 560
1747408748104 0.0 560
1747408752140 0.0 570
1747408752140 0.0 570
1747408756195 0.0 580
1747408756196 0.0 580
1747408760250 0.0 590
1747408760251 0.0 590
1747408764223 0.0 600
1747408764223 0.0 600
1747408768205 0.0 610
1747408768205 0.0 610
1747408772174 0.0255 620
1747408772174 0.0255 620
1747408776141 0.0002 630
1747408776142 0.0002 630
1747408780091 0.0 640
1747408780091 0.0 640
1747408784128 0.0 650
1747408784128 0.0 650
1747408788224 0.0 660
1747408788224 0.0 660
1747408792258 0.0 670
1747408792258 0.0 670
1747408796256 0.0 680
1747408796257 0.0 680
1747408800225 0.0 690
1747408800225 0.0 690
1747408804225 0.0 700
1747408804225 0.0 700
1747408808226 0.0 710
1747408808226 0.0 710
1747408812359 0.0 720
1747408812359 0.0 720
1747408816385 0.0 730
1747408816386 0.0 730
1747408822159 0.0 740
1747408822159 0.0 740
1747408826254 0.0 750
1747408826255 0.0 750
1747408832014 0.0 760
1747408832015 0.0 760
1747408836060 0.0 770
1747408836076 0.0 770
1747408840057 0.0 780
1747408840058 0.0 780
1747408844081 0.0 790
1747408844081 0.0 790
1747408848077 0.0 800
1747408848077 0.0 800
1747408852060 0.0 810
1747408852060 0.0 810
1747408856046 0.0 820
1747408856046 0.0 820
1747408860061 0.0 830
1747408860061 0.0 830
1747408864045 0.0 840
1747408864046 0.0 840
1747408868137 0.0 850
1747408868137 0.0 850
1747408872295 0.0 860
1747408872295 0.0 860
1747408876712 0.0 870
1747408876729 0.0 870
1747408896045 0.0 880
1747408896045 0.0 880
1747408900092 0.0 890
1747408900093 0.0 890
1747408904197 0.0 900
1747408904197 0.0 900
1747408908263 0.0 910
1747408908264 0.0 910
1747408912352 0.0 920
1747408912353 0.0 920
1747408916398 0.0 930
1747408916398 0.0 930
1747408922231 0.0 940
1747408922232 0.0 940
1747408927898 0.0 950
1747408927898 0.0 950
1747408932084 0.0 960
1747408932085 0.0 960
1747408936320 0.0 970
1747408936322 0.0 970
1747408940358 0.0 980
1747408940359 0.0 980
1747408944348 0.0 990
1747408944348 0.0 990
1747408948466 0.0 1000
1747408948466 0.0 1000
1747408954483 0.0 1010
1747408954483 0.0 1010
1747408958655 0.0 1020
1747408958656 0.0 1020
1747408962796 0.0 1030
1747408962797 0.0 1030
1747408966905 0.0 1040
1747408966906 0.0 1040
1747408971018 0.0001 1050
1747408971020 0.0001 1050
1747408975406 0.0491 1060
1747408975408 0.0491 1060
1747408979505 0.1131 1070
1747408979506 0.1131 1070
1747408983762 0.0 1080
1747408983763 0.0 1080
1747408987871 0.0 1090
1747408987872 0.0 1090
1747408992866 0.0 1100
1747408992869 0.0 1100
1747408997037 0.0 1110
1747408997039 0.0 1110
1747409001448 0.0 1120
1747409001450 0.0 1120
1747409006004 0.05 1130
1747409006006 0.05 1130
1747409010215 0.0022 1140
1747409010216 0.0022 1140
1747409014418 0.0 1150
1747409014419 0.0 1150
1747409020216 0.0757 1160
1747409020217 0.0757 1160
1747409026007 0.0116 1170
1747409026008 0.0116 1170
1747409030151 0.0004 1180
1747409030153 0.0004 1180
1747409036379 0.0002 1190
1747409036380 0.0002 1190
1747409040636 0.0001 1200
1747409040639 0.0001 1200
1747409045165 0.0573 1210
1747409045166 0.0573 1210
1747409049377 0.0019 1220
1747409049378 0.0019 1220
1747409053965 0.0005 1230
1747409053967 0.0005 1230
1747409058329 0.0002 1240
1747409058331 0.0002 1240
1747409064109 0.0001 1250
1747409064110 0.0001 1250
1747409068218 0.0001 1260
1747409068219 0.0001 1260
1747409072826 0.0001 1270
1747409072830 0.0001 1270
1747409077183 0.0001 1280
1747409077185 0.0001 1280
1747409081468 0.0001 1290
1747409081470 0.0001 1290
1747409085846 0.0001 1300
1747409085847 0.0001 1300
1747409090125 0.0 1310
1747409090127 0.0 1310
1747409111949 0.0 1320
1747409111952 0.0 1320
1747409116154 0.0 1330
1747409116152 0.0 1330
1747409120489 0.0 1340
1747409120490 0.0 1340
1747409124634 0.0 1350
1747409124635 0.0 1350
1747409128837 0.0 1360
1747409128838 0.0 1360
1747409133091 0.0 1370
1747409133094 0.0 1370
1747409137372 0.0 1380
1747409137373 0.0 1380
1747409141431 0.0 1390
1747409141432 0.0 1390
1747409145548 0.0 1400
1747409145549 0.0 1400
1747409149801 0.0 1410
1747409149802 0.0 1410
1747409154016 0.0 1420
1747409154018 0.0 1420
1747409158203 0.0 1430
1747409158205 0.0 1430
1747409162417 0.0 1440
1747409162415 0.0 1440
1747409166734 0.0 1450
1747409166736 0.0 1450
1747409170952 0.0 1460
1747409170953 0.0 1460
1747409175145 0.0 1470
1747409175145 0.0 1470
1747409179337 0.0 1480
1747409179338 0.0 1480
1747409183464 0.0 1490
1747409183465 0.0 1490
1747409187592 0.0 1500
1747409187593 0.0 1500
1747409191757 0.0 1510
1747409191758 0.0 1510
1747409196068 0.0 1520
1747409196069 0.0 1520
1747409200414 0.0 1530
1747409200416 0.0 1530
1747409205234 0.0 1540
1747409205235 0.0 1540
1747409209343 0.0 1550
1747409209346 0.0 1550
1747409213465 0.0 1560
1747409213466 0.0 1560
1747409217693 0.0 1570
1747409217693 0.0 1570
1747409221799 0.0 1580
1747409221800 0.0 1580
1747409225887 0.0 1590
1747409225888 0.0 1590
1747409230059 0.0 1600
1747409230062 0.0 1600
1747409234348 0.0 1610
1747409234350 0.0 1610
1747409240262 0.0 1620
1747409240263 0.0 1620
1747409244322 0.0 1630
1747409244323 0.0 1630
1747409248374 0.0 1640
1747409248375 0.0 1640
1747409252430 0.0 1650
1747409252431 0.0 1650
1747409256482 0.0 1660
1747409256483 0.0 1660
1747409260529 0.0 1670
1747409260529 0.0 1670
1747409264580 0.0 1680
1747409264580 0.0 1680
1747409268632 0.0 1690
1747409268633 0.0 1690
1747409272678 0.0 1700
1747409272678 0.0 1700
1747409276740 0.0 1710
1747409276740 0.0 1710
1747409280828 0.0 1720
1747409280829 0.0 1720
1747409284955 0.0 1730
1747409284956 0.0 1730
1747409290809 0.0 1740
1747409290810 0.0 1740
1747409294964 0.0 1750
1747409294966 0.0 1750
