1747398387919 0.0228310502283105 10
1747398387920 0.0228310502283105 10
1747398391589 0.045662100456621 20
1747398391590 0.045662100456621 20
1747398395270 0.0684931506849315 30
1747398395271 0.0684931506849315 30
1747398398972 0.091324200913242 40
1747398398971 0.091324200913242 40
1747398402692 0.1141552511415525 50
1747398402694 0.1141552511415525 50
1747398406419 0.136986301369863 60
1747398406420 0.136986301369863 60
1747398410168 0.1598173515981735 70
1747398410168 0.1598173515981735 70
1747398413920 0.182648401826484 80
1747398413921 0.182648401826484 80
1747398417682 0.2054794520547945 90
1747398417684 0.2054794520547945 90
1747398421450 0.228310502283105 100
1747398421451 0.228310502283105 100
1747398425217 0.2511415525114155 110
1747398425218 0.2511415525114155 110
1747398429001 0.273972602739726 120
1747398429002 0.273972602739726 120
1747398432784 0.2968036529680365 130
1747398432786 0.2968036529680365 130
1747398436596 0.319634703196347 140
1747398436597 0.319634703196347 140
1747398440406 0.3424657534246575 150
1747398440407 0.3424657534246575 150
1747398444214 0.365296803652968 160
1747398444214 0.365296803652968 160
1747398448021 0.3881278538812785 170
1747398448023 0.3881278538812785 170
1747398451839 0.410958904109589 180
1747398451840 0.410958904109589 180
1747398457313 0.4337899543378995 190
1747398457314 0.4337899543378995 190
1747398461127 0.45662100456621 200
1747398461128 0.45662100456621 200
1747398464953 0.4794520547945205 210
1747398464954 0.4794520547945205 210
1747398468869 0.502283105022831 220
1747398468870 0.502283105022831 220
1747398472758 0.5251141552511416 230
1747398472759 0.5251141552511416 230
1747398476717 0.547945205479452 240
1747398476718 0.547945205479452 240
1747398480636 0.5707762557077626 250
1747398480638 0.5707762557077626 250
1747398484631 0.593607305936073 260
1747398484633 0.593607305936073 260
1747398488741 0.6164383561643836 270
1747398488745 0.6164383561643836 270
1747398492769 0.639269406392694 280
1747398492771 0.639269406392694 280
1747398496781 0.6621004566210046 290
1747398496782 0.6621004566210046 290
1747398500742 0.684931506849315 300
1747398500742 0.684931506849315 300
1747398504727 0.7077625570776256 310
1747398504727 0.7077625570776256 310
1747398508654 0.730593607305936 320
1747398508656 0.730593607305936 320
1747398512522 0.7534246575342466 330
1747398512523 0.7534246575342466 330
1747398516535 0.776255707762557 340
1747398516536 0.776255707762557 340
1747398520433 0.7990867579908676 350
1747398520435 0.7990867579908676 350
1747398524325 0.821917808219178 360
1747398524325 0.821917808219178 360
1747398528224 0.8447488584474886 370
1747398528225 0.8447488584474886 370
1747398532107 0.867579908675799 380
1747398532107 0.867579908675799 380
1747398536024 0.8904109589041096 390
1747398536026 0.8904109589041096 390
1747398539956 0.91324200913242 400
1747398539957 0.91324200913242 400
1747398543883 0.9360730593607306 410
1747398543883 0.9360730593607306 410
1747398547844 0.958904109589041 420
1747398547846 0.958904109589041 420
1747398551782 0.9817351598173516 430
1747398551782 0.9817351598173516 430
1747398566652 1.0 438
1747398566653 1.0 438
1747398569050 1.004566210045662 440
1747398569052 1.004566210045662 440
1747398573076 1.0273972602739727 450
1747398573078 1.0273972602739727 450
1747398576980 1.0502283105022832 460
1747398576982 1.0502283105022832 460
1747398580917 1.0730593607305936 470
1747398580917 1.0730593607305936 470
1747398584839 1.095890410958904 480
1747398584840 1.095890410958904 480
1747398588732 1.1187214611872145 490
1747398588733 1.1187214611872145 490
1747398592654 1.1415525114155252 500
1747398592655 1.1415525114155252 500
1747398596664 1.1643835616438356 510
1747398596665 1.1643835616438356 510
1747398600708 1.187214611872146 520
1747398600707 1.187214611872146 520
1747398604799 1.2100456621004567 530
1747398604802 1.2100456621004567 530
1747398608848 1.2328767123287672 540
1747398608846 1.2328767123287672 540
1747398612896 1.2557077625570776 550
1747398612898 1.2557077625570776 550
1747398617003 1.278538812785388 560
1747398617005 1.278538812785388 560
1747398620968 1.3013698630136985 570
1747398620970 1.3013698630136985 570
1747398625025 1.3242009132420092 580
1747398625026 1.3242009132420092 580
1747398629035 1.3470319634703196 590
1747398629036 1.3470319634703196 590
1747398633059 1.36986301369863 600
1747398633060 1.36986301369863 600
1747398637048 1.3926940639269407 610
1747398637049 1.3926940639269407 610
1747398640994 1.4155251141552512 620
1747398640996 1.4155251141552512 620
1747398645042 1.4383561643835616 630
1747398645046 1.4383561643835616 630
1747398649006 1.461187214611872 640
1747398649008 1.461187214611872 640
1747398652958 1.4840182648401825 650
1747398652960 1.4840182648401825 650
1747398656950 1.5068493150684932 660
1747398656950 1.5068493150684932 660
1747398660953 1.5296803652968036 670
1747398660953 1.5296803652968036 670
1747398665016 1.5525114155251143 680
1747398665017 1.5525114155251143 680
1747398669001 1.5753424657534247 690
1747398669001 1.5753424657534247 690
1747398672933 1.5981735159817352 700
1747398672933 1.5981735159817352 700
1747398676877 1.6210045662100456 710
1747398676879 1.6210045662100456 710
1747398680768 1.643835616438356 720
1747398680768 1.643835616438356 720
1747398684651 1.6666666666666665 730
1747398684651 1.6666666666666665 730
1747398688581 1.6894977168949772 740
1747398688581 1.6894977168949772 740
1747398692505 1.7123287671232876 750
1747398692505 1.7123287671232876 750
1747398696417 1.7351598173515983 760
1747398696417 1.7351598173515983 760
1747398700331 1.7579908675799087 770
1747398700331 1.7579908675799087 770
1747398704241 1.7808219178082192 780
1747398704241 1.7808219178082192 780
1747398708134 1.8036529680365296 790
1747398708134 1.8036529680365296 790
1747398712056 1.82648401826484 800
1747398712058 1.82648401826484 800
1747398715978 1.8493150684931505 810
1747398715978 1.8493150684931505 810
1747398719874 1.8721461187214612 820
1747398719874 1.8721461187214612 820
1747398723792 1.8949771689497716 830
1747398723792 1.8949771689497716 830
1747398727701 1.9178082191780823 840
1747398727701 1.9178082191780823 840
1747398731626 1.9406392694063928 850
1747398731626 1.9406392694063928 850
1747398735542 1.9634703196347032 860
1747398735542 1.9634703196347032 860
1747398739437 1.9863013698630136 870
1747398739437 1.9863013698630136 870
1747398753396 2.0 876
1747398753412 2.0 876
1747398756082 2.009132420091324 880
1747398756082 2.009132420091324 880
1747398760009 2.0319634703196345 890
1747398760009 2.0319634703196345 890
1747398763935 2.0547945205479454 900
1747398763935 2.0547945205479454 900
1747398767939 2.077625570776256 910
1747398767939 2.077625570776256 910
1747398771857 2.1004566210045663 920
1747398771857 2.1004566210045663 920
1747398775773 2.1232876712328768 930
1747398775774 2.1232876712328768 930
1747398779755 2.146118721461187 940
1747398779754 2.146118721461187 940
1747398783734 2.1689497716894977 950
1747398783735 2.1689497716894977 950
1747398787711 2.191780821917808 960
1747398787712 2.191780821917808 960
1747398791787 2.2146118721461185 970
1747398791788 2.2146118721461185 970
1747398795851 2.237442922374429 980
1747398795852 2.237442922374429 980
1747398799864 2.26027397260274 990
1747398799865 2.26027397260274 990
1747398803864 2.2831050228310503 1000
1747398803865 2.2831050228310503 1000
1747398807869 2.3059360730593608 1010
1747398807869 2.3059360730593608 1010
1747398811895 2.328767123287671 1020
1747398811896 2.328767123287671 1020
1747398816020 2.3515981735159817 1030
1747398816020 2.3515981735159817 1030
1747398820036 2.374429223744292 1040
1747398820036 2.374429223744292 1040
1747398824053 2.3972602739726026 1050
1747398824054 2.3972602739726026 1050
1747398828058 2.4200913242009134 1060
1747398828058 2.4200913242009134 1060
1747398832031 2.442922374429224 1070
1747398832032 2.442922374429224 1070
1747398836009 2.4657534246575343 1080
1747398836010 2.4657534246575343 1080
1747398839983 2.4885844748858448 1090
1747398839984 2.4885844748858448 1090
1747398843971 2.5114155251141552 1100
1747398843972 2.5114155251141552 1100
1747398847931 2.5342465753424657 1110
1747398847932 2.5342465753424657 1110
1747398851881 2.557077625570776 1120
1747398851882 2.557077625570776 1120
1747398855829 2.5799086757990866 1130
1747398855830 2.5799086757990866 1130
1747398859779 2.602739726027397 1140
1747398859780 2.602739726027397 1140
1747398863755 2.625570776255708 1150
1747398863755 2.625570776255708 1150
1747398867646 2.6484018264840183 1160
1747398867646 2.6484018264840183 1160
1747398871531 2.671232876712329 1170
1747398871532 2.671232876712329 1170
1747398875409 2.6940639269406392 1180
1747398875409 2.6940639269406392 1180
1747398879268 2.7168949771689497 1190
1747398879268 2.7168949771689497 1190
1747398883135 2.73972602739726 1200
1747398883136 2.73972602739726 1200
1747398886996 2.762557077625571 1210
1747398886996 2.762557077625571 1210
1747398890864 2.7853881278538815 1220
1747398890864 2.7853881278538815 1220
1747398894710 2.808219178082192 1230
1747398894710 2.808219178082192 1230
1747398898587 2.8310502283105023 1240
1747398898588 2.8310502283105023 1240
1747398902518 2.853881278538813 1250
1747398902518 2.853881278538813 1250
1747398906457 2.8767123287671232 1260
1747398906457 2.8767123287671232 1260
1747398910447 2.8995433789954337 1270
1747398910447 2.8995433789954337 1270
1747398914412 2.922374429223744 1280
1747398914412 2.922374429223744 1280
1747398918348 2.9452054794520546 1290
1747398918349 2.9452054794520546 1290
1747398922233 2.968036529680365 1300
1747398922234 2.968036529680365 1300
1747398926136 2.990867579908676 1310
1747398926137 2.990867579908676 1310
1747398939365 3.0 1314
1747398939365 3.0 1314
1747398942648 3.0136986301369864 1320
1747398942648 3.0136986301369864 1320
1747398946698 3.036529680365297 1330
1747398946698 3.036529680365297 1330
1747398952362 3.0593607305936072 1340
1747398952362 3.0593607305936072 1340
1747398956300 3.0821917808219177 1350
1747398956300 3.0821917808219177 1350
1747398960195 3.105022831050228 1360
1747398960195 3.105022831050228 1360
1747398964131 3.127853881278539 1370
1747398964132 3.127853881278539 1370
1747398968013 3.1506849315068495 1380
1747398968014 3.1506849315068495 1380
1747398971890 3.17351598173516 1390
1747398971890 3.17351598173516 1390
1747398975798 3.1963470319634704 1400
1747398975798 3.1963470319634704 1400
1747398979669 3.219178082191781 1410
1747398979669 3.219178082191781 1410
1747398983546 3.2420091324200913 1420
1747398983547 3.2420091324200913 1420
1747398987541 3.2648401826484017 1430
1747398987541 3.2648401826484017 1430
1747398993134 3.287671232876712 1440
1747398993134 3.287671232876712 1440
1747398997076 3.3105022831050226 1450
1747398997076 3.3105022831050226 1450
1747399001008 3.3333333333333335 1460
1747399001008 3.3333333333333335 1460
1747399006584 3.356164383561644 1470
1747399006584 3.356164383561644 1470
1747399010498 3.3789954337899544 1480
1747399010498 3.3789954337899544 1480
1747399016038 3.401826484018265 1490
1747399016038 3.401826484018265 1490
1747399021657 3.4246575342465753 1500
1747399021657 3.4246575342465753 1500
1747399025515 3.4474885844748857 1510
1747399025515 3.4474885844748857 1510
1747399029370 3.470319634703196 1520
1747399029370 3.470319634703196 1520
1747399033237 3.493150684931507 1530
1747399033237 3.493150684931507 1530
1747399037090 3.5159817351598175 1540
1747399037090 3.5159817351598175 1540
1747399040940 3.538812785388128 1550
1747399040955 3.538812785388128 1550
1747399044814 3.5616438356164384 1560
1747399044799 3.5616438356164384 1560
1747399048686 3.584474885844749 1570
1747399048686 3.584474885844749 1570
1747399052549 3.6073059360730593 1580
1747399052549 3.6073059360730593 1580
1747399056460 3.6301369863013697 1590
1747399056460 3.6301369863013697 1590
1747399060331 3.65296803652968 1600
1747399060331 3.65296803652968 1600
1747399064201 3.6757990867579906 1610
1747399064201 3.6757990867579906 1610
1747399068082 3.6986301369863015 1620
1747399068091 3.6986301369863015 1620
1747399072005 3.721461187214612 1630
1747399072005 3.721461187214612 1630
1747399075940 3.7442922374429224 1640
1747399075940 3.7442922374429224 1640
1747399079963 3.767123287671233 1650
1747399079963 3.767123287671233 1650
1747399083987 3.7899543378995433 1660
1747399083989 3.7899543378995433 1660
1747399088148 3.8127853881278537 1670
1747399088149 3.8127853881278537 1670
1747399093812 3.8356164383561646 1680
1747399093813 3.8356164383561646 1680
1747399097750 3.858447488584475 1690
1747399097750 3.858447488584475 1690
1747399101733 3.8812785388127855 1700
1747399101741 3.8812785388127855 1700
1747399105748 3.904109589041096 1710
1747399105748 3.904109589041096 1710
1747399109732 3.9269406392694064 1720
1747399109732 3.9269406392694064 1720
1747399113691 3.949771689497717 1730
1747399113691 3.949771689497717 1730
1747399117589 3.9726027397260273 1740
1747399117589 3.9726027397260273 1740
1747399121481 3.9954337899543377 1750
1747399121481 3.9954337899543377 1750
1747399133706 4.0 1752
1747399133706 4.0 1752
1747399134648 4.0 1752
1747399134648 4.0 1752
