1747398387919 2.899617910385132 10
1747398387920 2.899617910385132 10
1747398391589 6.532829761505127 20
1747398391590 6.532829761505127 20
1747398395270 5.066752910614014 30
1747398395271 5.066752910614014 30
1747398398971 7.713698863983154 40
1747398398972 7.713698863983154 40
1747398402692 0.2901151180267334 50
1747398402694 0.2901151180267334 50
1747398406419 0.7346307635307312 60
1747398406420 0.7346307635307312 60
1747398410168 6.235032558441162 70
1747398410168 6.235032558441162 70
1747398413920 9.175488471984863 80
1747398413921 9.175488471984863 80
1747398417682 5.350413799285889 90
1747398417684 5.350413799285889 90
1747398421450 0.05125091224908829 100
1747398421451 0.05125091224908829 100
1747398425217 0.0752992257475853 110
1747398425218 0.0752992257475853 110
1747398429001 9.777607917785645 120
1747398429002 9.777607917785645 120
1747398432784 25.253662109375 130
1747398432786 25.253662109375 130
1747398436596 3.413942575454712 140
1747398436597 3.413942575454712 140
1747398440406 0.07453843951225281 150
1747398440407 0.07453843951225281 150
1747398444214 0.0956401601433754 160
1747398444214 0.0956401601433754 160
1747398448021 0.07943540811538696 170
1747398448023 0.07943540811538696 170
1747398451839 0.14287813007831573 180
1747398451840 0.14287813007831573 180
1747398457313 5.8616251945495605 190
1747398457314 5.8616251945495605 190
1747398461127 0.7386932969093323 200
1747398461128 0.7386932969093323 200
1747398464953 0.04314936697483063 210
1747398464954 0.04314936697483063 210
1747398468869 16.02350616455078 220
1747398468870 16.02350616455078 220
1747398472758 0.05288458243012428 230
1747398472759 0.05288458243012428 230
1747398476717 0.09726828336715698 240
1747398476718 0.09726828336715698 240
1747398480636 11.154509544372559 250
1747398480638 11.154509544372559 250
1747398484631 0.7042803168296814 260
1747398484633 0.7042803168296814 260
1747398488741 0.07776717096567154 270
1747398488745 0.07776717096567154 270
1747398492769 0.03076285310089588 280
1747398492771 0.03076285310089588 280
1747398496781 0.027147244662046432 290
1747398496782 0.027147244662046432 290
1747398500742 3.5059542655944824 300
1747398500742 3.5059542655944824 300
1747398504727 0.09532301872968674 310
1747398504727 0.09532301872968674 310
1747398508654 15.326727867126465 320
1747398508656 15.326727867126465 320
1747398512522 0.12384016066789627 330
1747398512523 0.12384016066789627 330
1747398516535 0.3691258728504181 340
1747398516536 0.3691258728504181 340
1747398520433 0.0222794096916914 350
1747398520435 0.0222794096916914 350
1747398524325 0.05055048316717148 360
1747398524325 0.05055048316717148 360
1747398528224 0.19330863654613495 370
1747398528225 0.19330863654613495 370
1747398532107 0.4801856577396393 380
1747398532107 0.4801856577396393 380
1747398536024 5.898153305053711 390
1747398536026 5.898153305053711 390
1747398539956 3.518982410430908 400
1747398539957 3.518982410430908 400
1747398543883 9.223501205444336 410
1747398543883 9.223501205444336 410
1747398547844 0.04654225334525108 420
1747398547846 0.04654225334525108 420
1747398551782 0.9802625775337219 430
1747398551782 0.9802625775337219 430
1747398569052 2.317424774169922 440
1747398569050 2.317424774169922 440
1747398573076 11.50296688079834 450
1747398573078 11.50296688079834 450
1747398576980 5.6847639083862305 460
1747398576982 5.6847639083862305 460
1747398580917 0.020724041387438774 470
1747398580917 0.020724041387438774 470
1747398584839 0.015202783979475498 480
1747398584840 0.015202783979475498 480
1747398588732 0.011030222289264202 490
1747398588733 0.011030222289264202 490
1747398592654 0.0628887191414833 500
1747398592655 0.0628887191414833 500
1747398596664 0.03988085687160492 510
1747398596665 0.03988085687160492 510
1747398600707 2.6522397994995117 520
1747398600708 2.6522397994995117 520
1747398604799 0.014902877621352673 530
1747398604802 0.014902877621352673 530
1747398608848 0.012765745632350445 540
1747398608846 0.012765745632350445 540
1747398612896 0.10351550579071045 550
1747398612898 0.10351550579071045 550
1747398617003 0.011945218779146671 560
1747398617005 0.011945218779146671 560
1747398620968 1.0738520622253418 570
1747398620970 1.0738520622253418 570
1747398625025 0.038891591131687164 580
1747398625026 0.038891591131687164 580
1747398629035 0.057291481643915176 590
1747398629036 0.057291481643915176 590
1747398633059 0.006966808345168829 600
1747398633060 0.006966808345168829 600
1747398637048 43.69157028198242 610
1747398637049 43.69157028198242 610
1747398640994 0.013982736505568027 620
1747398640996 0.013982736505568027 620
1747398645042 0.004399109166115522 630
1747398645046 0.004399109166115522 630
1747398649006 0.21482498943805695 640
1747398649008 0.21482498943805695 640
1747398652958 5.227883338928223 650
1747398652960 5.227883338928223 650
1747398656950 0.005268926732242107 660
1747398656950 0.005268926732242107 660
1747398660953 0.008875849656760693 670
1747398660953 0.008875849656760693 670
1747398665016 0.00661185709759593 680
1747398665017 0.00661185709759593 680
1747398669001 0.0043154931627213955 690
1747398669001 0.0043154931627213955 690
1747398672933 0.005457771010696888 700
1747398672933 0.005457771010696888 700
1747398676877 0.008903824724256992 710
1747398676879 0.008903824724256992 710
1747398680768 3.8432910442352295 720
1747398680768 3.8432910442352295 720
1747398684651 0.011901628226041794 730
1747398684651 0.011901628226041794 730
1747398688581 0.02172379195690155 740
1747398688581 0.02172379195690155 740
1747398692505 0.0074477712623775005 750
1747398692505 0.0074477712623775005 750
1747398696417 0.006075911223888397 760
1747398696417 0.006075911223888397 760
1747398700331 0.015285240486264229 770
1747398700331 0.015285240486264229 770
1747398704241 0.021872924640774727 780
1747398704241 0.021872924640774727 780
1747398708134 0.0151823116466403 790
1747398708134 0.0151823116466403 790
1747398712056 0.010271817445755005 800
1747398712058 0.010271817445755005 800
1747398715978 0.13606558740139008 810
1747398715978 0.13606558740139008 810
1747398719874 8.260263442993164 820
1747398719874 8.260263442993164 820
1747398723792 0.015281902626156807 830
1747398723792 0.015281902626156807 830
1747398727701 0.007186163682490587 840
1747398727701 0.007186163682490587 840
1747398731626 0.005203516688197851 850
1747398731626 0.005203516688197851 850
1747398735542 20.54798126220703 860
1747398735542 20.54798126220703 860
1747398739437 0.007093633059412241 870
1747398739437 0.007093633059412241 870
1747398756082 0.007050235755741596 880
1747398756082 0.007050235755741596 880
1747398760009 0.04442909359931946 890
1747398760009 0.04442909359931946 890
1747398763935 0.0036156780552119017 900
1747398763935 0.0036156780552119017 900
1747398767939 0.004875130485743284 910
1747398767939 0.004875130485743284 910
1747398771857 0.0036448391620069742 920
1747398771857 0.0036448391620069742 920
1747398775773 0.003592086024582386 930
1747398775774 0.003592086024582386 930
1747398779754 0.003390240017324686 940
1747398779755 0.003390240017324686 940
1747398783734 0.003474498400464654 950
1747398783735 0.003474498400464654 950
1747398787711 0.003492675954475999 960
1747398787712 0.003492675954475999 960
1747398791787 0.00258092419244349 970
1747398791788 0.00258092419244349 970
1747398795851 0.003353393403813243 980
1747398795852 0.003353393403813243 980
1747398799864 0.0023304875940084457 990
1747398799865 0.0023304875940084457 990
1747398803864 0.002699777949601412 1000
1747398803865 0.002699777949601412 1000
1747398807869 0.002438018098473549 1010
1747398807869 0.002438018098473549 1010
1747398811895 0.0030167633667588234 1020
1747398811896 0.0030167633667588234 1020
1747398816020 0.0016525600804015994 1030
1747398816020 0.0016525600804015994 1030
1747398820036 0.0019659644458442926 1040
1747398820036 0.0019659644458442926 1040
1747398824053 0.0028170691803097725 1050
1747398824054 0.0028170691803097725 1050
1747398828058 0.002301399363204837 1060
1747398828058 0.002301399363204837 1060
1747398832031 0.004697389435023069 1070
1747398832032 0.004697389435023069 1070
1747398836009 0.02030620351433754 1080
1747398836010 0.02030620351433754 1080
1747398839983 0.055997151881456375 1090
1747398839984 0.055997151881456375 1090
1747398843971 0.0041647725738584995 1100
1747398843972 0.0041647725738584995 1100
1747398847931 0.003121372312307358 1110
1747398847932 0.003121372312307358 1110
1747398851882 0.0022315599489957094 1120
1747398851881 0.0022315599489957094 1120
1747398855829 0.004150497727096081 1130
1747398855830 0.004150497727096081 1130
1747398859779 0.01139883603900671 1140
1747398859780 0.01139883603900671 1140
1747398863755 0.01648232899606228 1150
1747398863755 0.01648232899606228 1150
1747398867646 0.01661142334342003 1160
1747398867646 0.01661142334342003 1160
1747398871531 0.004304586909711361 1170
1747398871532 0.004304586909711361 1170
1747398875409 0.0043344139121472836 1180
1747398875409 0.0043344139121472836 1180
1747398879268 0.0023522793781012297 1190
1747398879268 0.0023522793781012297 1190
1747398883135 0.0066961743868887424 1200
1747398883136 0.0066961743868887424 1200
1747398886996 0.0017106487648561597 1210
1747398886996 0.0017106487648561597 1210
1747398890864 0.002501885639503598 1220
1747398890864 0.002501885639503598 1220
1747398894710 0.004688391927629709 1230
1747398894710 0.004688391927629709 1230
1747398898587 0.002156804781407118 1240
1747398898588 0.002156804781407118 1240
1747398902518 0.002233437728136778 1250
1747398902518 0.002233437728136778 1250
1747398906457 0.001397064421325922 1260
1747398906457 0.001397064421325922 1260
1747398910447 0.003949601203203201 1270
1747398910447 0.003949601203203201 1270
1747398914412 0.0018922084709629416 1280
1747398914412 0.0018922084709629416 1280
1747398918348 0.006241336930543184 1290
1747398918349 0.006241336930543184 1290
1747398922233 0.0027822961565107107 1300
1747398922234 0.0027822961565107107 1300
1747398926136 0.00321405497379601 1310
1747398926137 0.00321405497379601 1310
1747398942648 0.004582434426993132 1320
1747398942648 0.004582434426993132 1320
1747398946698 0.00634796405211091 1330
1747398946698 0.00634796405211091 1330
1747398952362 0.0019056517630815506 1340
1747398952362 0.0019056517630815506 1340
1747398956300 0.0012892835075035691 1350
1747398956300 0.0012892835075035691 1350
1747398960195 0.0014193508541211486 1360
1747398960195 0.0014193508541211486 1360
1747398964131 0.0012989979004487395 1370
1747398964132 0.0012989979004487395 1370
1747398968013 0.0015689644496887922 1380
1747398968014 0.0015689644496887922 1380
1747398971890 0.0010984137188643217 1390
1747398971890 0.0010984137188643217 1390
1747398975798 0.0014900446403771639 1400
1747398975798 0.0014900446403771639 1400
1747398979669 0.0012394526274874806 1410
1747398979669 0.0012394526274874806 1410
1747398983546 0.0011679743183776736 1420
1747398983547 0.0011679743183776736 1420
1747398987541 0.0014291566330939531 1430
1747398987541 0.0014291566330939531 1430
1747398993134 0.0016572552267462015 1440
1747398993134 0.0016572552267462015 1440
1747398997076 0.00188633322250098 1450
1747398997076 0.00188633322250098 1450
1747399001008 0.0010847306111827493 1460
1747399001008 0.0010847306111827493 1460
1747399006584 0.0009731163736432791 1470
1747399006584 0.0009731163736432791 1470
1747399010498 0.0011543800355866551 1480
1747399010498 0.0011543800355866551 1480
1747399016038 0.0012013084487989545 1490
1747399016038 0.0012013084487989545 1490
1747399021657 0.00442558154463768 1500
1747399021657 0.00442558154463768 1500
1747399025515 0.0008989779162220657 1510
1747399025515 0.0008989779162220657 1510
1747399029370 13.76787281036377 1520
1747399029370 13.76787281036377 1520
1747399033237 0.0031178107019513845 1530
1747399033237 0.0031178107019513845 1530
1747399037090 0.001693047466687858 1540
1747399037090 0.001693047466687858 1540
1747399040940 0.0016826055943965912 1550
1747399040955 0.0016826055943965912 1550
1747399044814 0.0010452804854139686 1560
1747399044799 0.0010452804854139686 1560
1747399048686 0.001814426970668137 1570
1747399048686 0.001814426970668137 1570
1747399052549 0.027838878333568573 1580
1747399052549 0.027838878333568573 1580
1747399056460 0.0036399627570062876 1590
1747399056460 0.0036399627570062876 1590
1747399060331 0.0009734972263686359 1600
1747399060331 0.0009734972263686359 1600
1747399064201 0.0012474656105041504 1610
1747399064201 0.0012474656105041504 1610
1747399068082 0.0025684130378067493 1620
1747399068091 0.0025684130378067493 1620
1747399072005 0.0009718239889480174 1630
1747399072005 0.0009718239889480174 1630
1747399075940 0.0009015888790600002 1640
1747399075940 0.0009015888790600002 1640
1747399079963 0.0009801455307751894 1650
1747399079963 0.0009801455307751894 1650
1747399083987 0.00107870576903224 1660
1747399083989 0.00107870576903224 1660
1747399088148 0.0012696210760623217 1670
1747399088149 0.0012696210760623217 1670
1747399093812 0.00208694813773036 1680
1747399093813 0.00208694813773036 1680
1747399097750 0.0014807208208367229 1690
1747399097750 0.0014807208208367229 1690
1747399101733 0.00203063921071589 1700
1747399101741 0.00203063921071589 1700
1747399105748 0.0016738739795982838 1710
1747399105748 0.0016738739795982838 1710
1747399109732 0.0015064985491335392 1720
1747399109732 0.0015064985491335392 1720
1747399113691 0.002597567392513156 1730
1747399113691 0.002597567392513156 1730
1747399117589 0.0010634813224896789 1740
1747399117589 0.0010634813224896789 1740
1747399121481 0.001285087433643639 1750
1747399121481 0.001285087433643639 1750
