1747398387919 4.988584474885845e-05 10
1747398387920 4.988584474885845e-05 10
1747398391589 4.977168949771689e-05 20
1747398391590 4.977168949771689e-05 20
1747398395270 4.9657534246575346e-05 30
1747398395271 4.9657534246575346e-05 30
1747398398972 4.9543378995433794e-05 40
1747398398971 4.9543378995433794e-05 40
1747398402692 4.942922374429224e-05 50
1747398402694 4.942922374429224e-05 50
1747398406419 4.9315068493150684e-05 60
1747398406420 4.9315068493150684e-05 60
1747398410168 4.920091324200913e-05 70
1747398410168 4.920091324200913e-05 70
1747398413920 4.908675799086758e-05 80
1747398413921 4.908675799086758e-05 80
1747398417682 4.8972602739726034e-05 90
1747398417684 4.8972602739726034e-05 90
1747398421450 4.8858447488584476e-05 100
1747398421451 4.8858447488584476e-05 100
1747398425217 4.8744292237442924e-05 110
1747398425218 4.8744292237442924e-05 110
1747398429001 4.863013698630137e-05 120
1747398429002 4.863013698630137e-05 120
1747398432784 4.851598173515982e-05 130
1747398432786 4.851598173515982e-05 130
1747398436596 4.840182648401827e-05 140
1747398436597 4.840182648401827e-05 140
1747398440406 4.8287671232876716e-05 150
1747398440407 4.8287671232876716e-05 150
1747398444214 4.8173515981735164e-05 160
1747398444214 4.8173515981735164e-05 160
1747398448021 4.805936073059361e-05 170
1747398448023 4.805936073059361e-05 170
1747398451839 4.794520547945205e-05 180
1747398451840 4.794520547945205e-05 180
1747398457313 4.78310502283105e-05 190
1747398457314 4.78310502283105e-05 190
1747398461127 4.7716894977168955e-05 200
1747398461128 4.7716894977168955e-05 200
1747398464953 4.7602739726027403e-05 210
1747398464954 4.7602739726027403e-05 210
1747398468869 4.7488584474885845e-05 220
1747398468870 4.7488584474885845e-05 220
1747398472758 4.737442922374429e-05 230
1747398472759 4.737442922374429e-05 230
1747398476717 4.726027397260274e-05 240
1747398476718 4.726027397260274e-05 240
1747398480636 4.714611872146119e-05 250
1747398480638 4.714611872146119e-05 250
1747398484631 4.703196347031964e-05 260
1747398484633 4.703196347031964e-05 260
1747398488741 4.6917808219178085e-05 270
1747398488745 4.6917808219178085e-05 270
1747398492769 4.680365296803653e-05 280
1747398492771 4.680365296803653e-05 280
1747398496781 4.668949771689498e-05 290
1747398496782 4.668949771689498e-05 290
1747398500742 4.657534246575342e-05 300
1747398500742 4.657534246575342e-05 300
1747398504727 4.646118721461187e-05 310
1747398504727 4.646118721461187e-05 310
1747398508654 4.6347031963470325e-05 320
1747398508656 4.6347031963470325e-05 320
1747398512522 4.623287671232877e-05 330
1747398512523 4.623287671232877e-05 330
1747398516535 4.6118721461187214e-05 340
1747398516536 4.6118721461187214e-05 340
1747398520433 4.600456621004566e-05 350
1747398520435 4.600456621004566e-05 350
1747398524325 4.589041095890411e-05 360
1747398524325 4.589041095890411e-05 360
1747398528224 4.577625570776256e-05 370
1747398528225 4.577625570776256e-05 370
1747398532107 4.5662100456621006e-05 380
1747398532107 4.5662100456621006e-05 380
1747398536024 4.5547945205479454e-05 390
1747398536026 4.5547945205479454e-05 390
1747398539956 4.54337899543379e-05 400
1747398539957 4.54337899543379e-05 400
1747398543883 4.531963470319635e-05 410
1747398543883 4.531963470319635e-05 410
1747398547844 4.520547945205479e-05 420
1747398547846 4.520547945205479e-05 420
1747398551782 4.5091324200913246e-05 430
1747398551782 4.5091324200913246e-05 430
1747398569050 4.4977168949771694e-05 440
1747398569052 4.4977168949771694e-05 440
1747398573076 4.486301369863014e-05 450
1747398573078 4.486301369863014e-05 450
1747398576980 4.474885844748858e-05 460
1747398576982 4.474885844748858e-05 460
1747398580917 4.463470319634703e-05 470
1747398580917 4.463470319634703e-05 470
1747398584839 4.452054794520548e-05 480
1747398584840 4.452054794520548e-05 480
1747398588732 4.4406392694063934e-05 490
1747398588733 4.4406392694063934e-05 490
1747398592654 4.4292237442922375e-05 500
1747398592655 4.4292237442922375e-05 500
1747398596664 4.417808219178082e-05 510
1747398596665 4.417808219178082e-05 510
1747398600708 4.406392694063927e-05 520
1747398600707 4.406392694063927e-05 520
1747398604799 4.394977168949772e-05 530
1747398604802 4.394977168949772e-05 530
1747398608848 4.383561643835617e-05 540
1747398608846 4.383561643835617e-05 540
1747398612896 4.3721461187214615e-05 550
1747398612898 4.3721461187214615e-05 550
1747398617003 4.360730593607306e-05 560
1747398617005 4.360730593607306e-05 560
1747398620968 4.349315068493151e-05 570
1747398620970 4.349315068493151e-05 570
1747398625025 4.337899543378995e-05 580
1747398625026 4.337899543378995e-05 580
1747398629035 4.32648401826484e-05 590
1747398629036 4.32648401826484e-05 590
1747398633059 4.3150684931506855e-05 600
1747398633060 4.3150684931506855e-05 600
1747398637048 4.30365296803653e-05 610
1747398637049 4.30365296803653e-05 610
1747398640994 4.2922374429223744e-05 620
1747398640996 4.2922374429223744e-05 620
1747398645042 4.280821917808219e-05 630
1747398645046 4.280821917808219e-05 630
1747398649006 4.269406392694064e-05 640
1747398649008 4.269406392694064e-05 640
1747398652958 4.257990867579909e-05 650
1747398652960 4.257990867579909e-05 650
1747398656950 4.2465753424657536e-05 660
1747398656950 4.2465753424657536e-05 660
1747398660953 4.2351598173515984e-05 670
1747398660953 4.2351598173515984e-05 670
1747398665016 4.223744292237443e-05 680
1747398665017 4.223744292237443e-05 680
1747398669001 4.212328767123288e-05 690
1747398669001 4.212328767123288e-05 690
1747398672933 4.200913242009132e-05 700
1747398672933 4.200913242009132e-05 700
1747398676877 4.1894977168949776e-05 710
1747398676879 4.1894977168949776e-05 710
1747398680768 4.1780821917808224e-05 720
1747398680768 4.1780821917808224e-05 720
1747398684651 4.166666666666667e-05 730
1747398684651 4.166666666666667e-05 730
1747398688581 4.155251141552511e-05 740
1747398688581 4.155251141552511e-05 740
1747398692505 4.143835616438356e-05 750
1747398692505 4.143835616438356e-05 750
1747398696417 4.132420091324201e-05 760
1747398696417 4.132420091324201e-05 760
1747398700331 4.121004566210046e-05 770
1747398700331 4.121004566210046e-05 770
1747398704241 4.1095890410958905e-05 780
1747398704241 4.1095890410958905e-05 780
1747398708134 4.098173515981735e-05 790
1747398708134 4.098173515981735e-05 790
1747398712056 4.08675799086758e-05 800
1747398712058 4.08675799086758e-05 800
1747398715978 4.075342465753425e-05 810
1747398715978 4.075342465753425e-05 810
1747398719874 4.063926940639269e-05 820
1747398719874 4.063926940639269e-05 820
1747398723792 4.0525114155251145e-05 830
1747398723792 4.0525114155251145e-05 830
1747398727701 4.041095890410959e-05 840
1747398727701 4.041095890410959e-05 840
1747398731626 4.029680365296804e-05 850
1747398731626 4.029680365296804e-05 850
1747398735542 4.018264840182648e-05 860
1747398735542 4.018264840182648e-05 860
1747398739437 4.006849315068493e-05 870
1747398739437 4.006849315068493e-05 870
1747398756082 3.995433789954338e-05 880
1747398756082 3.995433789954338e-05 880
1747398760009 3.984018264840183e-05 890
1747398760009 3.984018264840183e-05 890
1747398763935 3.9726027397260274e-05 900
1747398763935 3.9726027397260274e-05 900
1747398767939 3.961187214611872e-05 910
1747398767939 3.961187214611872e-05 910
1747398771857 3.949771689497717e-05 920
1747398771857 3.949771689497717e-05 920
1747398775773 3.938356164383562e-05 930
1747398775774 3.938356164383562e-05 930
1747398779754 3.9269406392694066e-05 940
1747398779755 3.9269406392694066e-05 940
1747398783734 3.9155251141552514e-05 950
1747398783735 3.9155251141552514e-05 950
1747398787711 3.904109589041096e-05 960
1747398787712 3.904109589041096e-05 960
1747398791787 3.892694063926941e-05 970
1747398791788 3.892694063926941e-05 970
1747398795851 3.881278538812785e-05 980
1747398795852 3.881278538812785e-05 980
1747398799864 3.86986301369863e-05 990
1747398799865 3.86986301369863e-05 990
1747398803864 3.8584474885844754e-05 1000
1747398803865 3.8584474885844754e-05 1000
1747398807869 3.84703196347032e-05 1010
1747398807869 3.84703196347032e-05 1010
1747398811895 3.8356164383561644e-05 1020
1747398811896 3.8356164383561644e-05 1020
1747398816020 3.824200913242009e-05 1030
1747398816020 3.824200913242009e-05 1030
1747398820036 3.812785388127854e-05 1040
1747398820036 3.812785388127854e-05 1040
1747398824053 3.801369863013699e-05 1050
1747398824054 3.801369863013699e-05 1050
1747398828058 3.7899543378995436e-05 1060
1747398828058 3.7899543378995436e-05 1060
1747398832031 3.7785388127853884e-05 1070
1747398832032 3.7785388127853884e-05 1070
1747398836009 3.767123287671233e-05 1080
1747398836010 3.767123287671233e-05 1080
1747398839983 3.755707762557078e-05 1090
1747398839984 3.755707762557078e-05 1090
1747398843971 3.744292237442922e-05 1100
1747398843972 3.744292237442922e-05 1100
1747398847931 3.7328767123287675e-05 1110
1747398847932 3.7328767123287675e-05 1110
1747398851881 3.7214611872146123e-05 1120
1747398855829 3.710045662100457e-05 1130
1747398855830 3.710045662100457e-05 1130
1747398859779 3.698630136986301e-05 1140
1747398859780 3.698630136986301e-05 1140
1747398863755 3.687214611872146e-05 1150
1747398863755 3.687214611872146e-05 1150
1747398867646 3.675799086757991e-05 1160
1747398867646 3.675799086757991e-05 1160
1747398871531 3.664383561643836e-05 1170
1747398871532 3.664383561643836e-05 1170
1747398875409 3.6529680365296805e-05 1180
1747398875409 3.6529680365296805e-05 1180
1747398879268 3.641552511415525e-05 1190
1747398879268 3.641552511415525e-05 1190
1747398883135 3.63013698630137e-05 1200
1747398883136 3.63013698630137e-05 1200
1747398886996 3.618721461187215e-05 1210
1747398886996 3.618721461187215e-05 1210
1747398890864 3.60730593607306e-05 1220
1747398890864 3.60730593607306e-05 1220
1747398894710 3.5958904109589045e-05 1230
1747398894710 3.5958904109589045e-05 1230
1747398898587 3.584474885844749e-05 1240
1747398898588 3.584474885844749e-05 1240
1747398902518 3.573059360730594e-05 1250
1747398902518 3.573059360730594e-05 1250
1747398906457 3.561643835616438e-05 1260
1747398906457 3.561643835616438e-05 1260
1747398910447 3.550228310502283e-05 1270
1747398910447 3.550228310502283e-05 1270
1747398914412 3.538812785388128e-05 1280
1747398914412 3.538812785388128e-05 1280
1747398918348 3.527397260273973e-05 1290
1747398918349 3.527397260273973e-05 1290
1747398922233 3.5159817351598174e-05 1300
1747398922234 3.5159817351598174e-05 1300
1747398926136 3.504566210045662e-05 1310
1747398926137 3.504566210045662e-05 1310
1747398942648 3.493150684931507e-05 1320
1747398942648 3.493150684931507e-05 1320
1747398946698 3.481735159817352e-05 1330
1747398946698 3.481735159817352e-05 1330
1747398952362 3.4703196347031966e-05 1340
1747398952362 3.4703196347031966e-05 1340
1747398956300 3.4589041095890414e-05 1350
1747398956300 3.4589041095890414e-05 1350
1747398960195 3.447488584474886e-05 1360
1747398960195 3.447488584474886e-05 1360
1747398964131 3.436073059360731e-05 1370
1747398964132 3.436073059360731e-05 1370
1747398968013 3.424657534246575e-05 1380
1747398968014 3.424657534246575e-05 1380
1747398971890 3.41324200913242e-05 1390
1747398971890 3.41324200913242e-05 1390
1747398975798 3.4018264840182654e-05 1400
1747398975798 3.4018264840182654e-05 1400
1747398979669 3.39041095890411e-05 1410
1747398979669 3.39041095890411e-05 1410
1747398983546 3.378995433789954e-05 1420
1747398983547 3.378995433789954e-05 1420
1747398987541 3.367579908675799e-05 1430
1747398987541 3.367579908675799e-05 1430
1747398993134 3.356164383561644e-05 1440
1747398993134 3.356164383561644e-05 1440
1747398997076 3.344748858447489e-05 1450
1747398997076 3.344748858447489e-05 1450
1747399001008 3.3333333333333335e-05 1460
1747399001008 3.3333333333333335e-05 1460
1747399006584 3.321917808219178e-05 1470
1747399006584 3.321917808219178e-05 1470
1747399010498 3.310502283105023e-05 1480
1747399010498 3.310502283105023e-05 1480
1747399016038 3.299086757990868e-05 1490
1747399016038 3.299086757990868e-05 1490
1747399021657 3.287671232876712e-05 1500
1747399021657 3.287671232876712e-05 1500
1747399025515 3.2762557077625575e-05 1510
1747399025515 3.2762557077625575e-05 1510
1747399029370 3.264840182648402e-05 1520
1747399029370 3.264840182648402e-05 1520
1747399033237 3.253424657534247e-05 1530
1747399033237 3.253424657534247e-05 1530
1747399037090 3.242009132420091e-05 1540
1747399037090 3.242009132420091e-05 1540
1747399040940 3.230593607305936e-05 1550
1747399040955 3.230593607305936e-05 1550
1747399044799 3.219178082191781e-05 1560
1747399044814 3.219178082191781e-05 1560
1747399048686 3.207762557077626e-05 1570
1747399048686 3.207762557077626e-05 1570
1747399052549 3.1963470319634704e-05 1580
1747399052549 3.1963470319634704e-05 1580
1747399056460 3.184931506849315e-05 1590
1747399056460 3.184931506849315e-05 1590
1747399060331 3.17351598173516e-05 1600
1747399060331 3.17351598173516e-05 1600
1747399064201 3.162100456621005e-05 1610
1747399064201 3.162100456621005e-05 1610
1747399068082 3.1506849315068496e-05 1620
1747399068091 3.1506849315068496e-05 1620
1747399072005 3.1392694063926944e-05 1630
1747399072005 3.1392694063926944e-05 1630
1747399075940 3.127853881278539e-05 1640
1747399075940 3.127853881278539e-05 1640
1747399079963 3.116438356164384e-05 1650
1747399079963 3.116438356164384e-05 1650
1747399083987 3.105022831050228e-05 1660
1747399083989 3.105022831050228e-05 1660
1747399088148 3.093607305936073e-05 1670
1747399088149 3.093607305936073e-05 1670
1747399093812 3.082191780821918e-05 1680
1747399093813 3.082191780821918e-05 1680
1747399097750 3.070776255707763e-05 1690
1747399097750 3.070776255707763e-05 1690
1747399101733 3.059360730593607e-05 1700
1747399101741 3.059360730593607e-05 1700
1747399105748 3.047945205479452e-05 1710
1747399105748 3.047945205479452e-05 1710
1747399109732 3.036529680365297e-05 1720
1747399109732 3.036529680365297e-05 1720
1747399113691 3.025114155251142e-05 1730
1747399113691 3.025114155251142e-05 1730
1747399117589 3.0136986301369862e-05 1740
1747399117589 3.0136986301369862e-05 1740
1747399121481 3.0022831050228313e-05 1750
1747399121481 3.0022831050228313e-05 1750
