1747398387919 0.558 10
1747398387920 0.558 10
1747398391589 0.2263 20
1747398391590 0.2263 20
1747398395270 0.1167 30
1747398395271 0.1167 30
1747398398971 0.1139 40
1747398398972 0.1139 40
1747398402692 0.0644 50
1747398402694 0.0644 50
1747398406419 0.3079 60
1747398406420 0.3079 60
1747398410168 0.1132 70
1747398410168 0.1132 70
1747398413920 0.0404 80
1747398413921 0.0404 80
1747398417682 0.1372 90
1747398417684 0.1372 90
1747398421450 0.0388 100
1747398421451 0.0388 100
1747398425217 0.0594 110
1747398425218 0.0594 110
1747398429001 0.1356 120
1747398429002 0.1356 120
1747398432784 0.1916 130
1747398432786 0.1916 130
1747398436596 0.1103 140
1747398436597 0.1103 140
1747398440406 0.073 150
1747398440407 0.073 150
1747398444214 0.1148 160
1747398444214 0.1148 160
1747398448021 0.031 170
1747398448023 0.031 170
1747398451839 0.0764 180
1747398451840 0.0764 180
1747398457313 0.0493 190
1747398457314 0.0493 190
1747398461127 0.05 200
1747398461128 0.05 200
1747398464953 0.1007 210
1747398464954 0.1007 210
1747398468869 0.0273 220
1747398468870 0.0273 220
1747398472758 0.0988 230
1747398472759 0.0988 230
1747398476717 0.0637 240
1747398476718 0.0637 240
1747398480636 0.0755 250
1747398480638 0.0755 250
1747398484631 0.0387 260
1747398484633 0.0387 260
1747398488741 0.0378 270
1747398488745 0.0378 270
1747398492769 0.0316 280
1747398492771 0.0316 280
1747398496781 0.0605 290
1747398496782 0.0605 290
1747398500742 0.0952 300
1747398500742 0.0952 300
1747398504727 0.1446 310
1747398504727 0.1446 310
1747398508654 0.085 320
1747398508656 0.085 320
1747398512522 0.0252 330
1747398512523 0.0252 330
1747398516535 0.0336 340
1747398516536 0.0336 340
1747398520433 0.0887 350
1747398520435 0.0887 350
1747398524325 0.0348 360
1747398524325 0.0348 360
1747398528224 0.071 370
1747398528225 0.071 370
1747398532107 0.071 380
1747398532107 0.071 380
1747398536024 0.0641 390
1747398536026 0.0641 390
1747398539956 0.089 400
1747398539957 0.089 400
1747398543883 0.0567 410
1747398543883 0.0567 410
1747398547844 0.0907 420
1747398547846 0.0907 420
1747398551782 0.048 430
1747398551782 0.048 430
1747398569052 0.0764 440
1747398569050 0.0764 440
1747398573076 0.0309 450
1747398573078 0.0309 450
1747398576980 0.0237 460
1747398576982 0.0237 460
1747398580917 0.022 470
1747398580917 0.022 470
1747398584839 0.002 480
1747398584840 0.002 480
1747398588732 0.0495 490
1747398588733 0.0495 490
1747398592654 0.0065 500
1747398592655 0.0065 500
1747398596664 0.0665 510
1747398596665 0.0665 510
1747398600707 0.0027 520
1747398600708 0.0027 520
1747398604799 0.0426 530
1747398604802 0.0426 530
1747398608848 0.0451 540
1747398608846 0.0451 540
1747398612898 0.0011 550
1747398612896 0.0011 550
1747398617003 0.07 560
1747398617005 0.07 560
1747398620968 0.0272 570
1747398620970 0.0272 570
1747398625025 0.0005 580
1747398625026 0.0005 580
1747398629035 0.0014 590
1747398629036 0.0014 590
1747398633059 0.0218 600
1747398633060 0.0218 600
1747398637048 0.1425 610
1747398637049 0.1425 610
1747398640994 0.0003 620
1747398640996 0.0003 620
1747398645042 0.0004 630
1747398645046 0.0004 630
1747398649006 0.0004 640
1747398649008 0.0004 640
1747398652958 0.0494 650
1747398652960 0.0494 650
1747398656950 0.0003 660
1747398660953 0.0005 670
1747398660953 0.0005 670
1747398665016 0.0003 680
1747398665017 0.0003 680
1747398669001 0.0295 690
1747398669001 0.0295 690
1747398672933 0.0016 700
1747398672933 0.0016 700
1747398676877 0.0006 710
1747398676879 0.0006 710
1747398680768 0.0495 720
1747398680768 0.0495 720
1747398684651 0.0005 730
1747398684651 0.0005 730
1747398688581 0.0006 740
1747398688581 0.0006 740
1747398692505 0.0004 750
1747398692505 0.0004 750
1747398696417 0.0482 760
1747398696417 0.0482 760
1747398700331 0.0005 770
1747398700331 0.0005 770
1747398704241 0.0435 780
1747398704241 0.0435 780
1747398708134 0.0512 790
1747398708134 0.0512 790
1747398712056 0.0501 800
1747398712058 0.0501 800
1747398715978 0.0172 810
1747398715978 0.0172 810
1747398719874 0.0285 820
1747398719874 0.0285 820
1747398723792 0.0005 830
1747398723792 0.0005 830
1747398727701 0.0008 840
1747398727701 0.0008 840
1747398731626 0.0276 850
1747398731626 0.0276 850
1747398735542 0.0075 860
1747398735542 0.0075 860
1747398739437 0.0464 870
1747398739437 0.0464 870
1747398756082 0.0246 880
1747398756082 0.0246 880
1747398760009 0.0004 890
1747398760009 0.0004 890
1747398763935 0.0003 900
1747398763935 0.0003 900
1747398767939 0.0003 910
1747398767939 0.0003 910
1747398771857 0.0002 920
1747398771857 0.0002 920
1747398775773 0.0004 930
1747398775774 0.0004 930
1747398779754 0.0225 940
1747398779755 0.0225 940
1747398783734 0.0006 950
1747398783735 0.0006 950
1747398787711 0.001 960
1747398787712 0.001 960
1747398791787 0.0004 970
1747398791788 0.0004 970
1747398795851 0.0001 980
1747398795852 0.0001 980
1747398799864 0.0001 990
1747398799865 0.0001 990
1747398803864 0.0001 1000
1747398803865 0.0001 1000
1747398807869 0.0001 1010
1747398807869 0.0001 1010
1747398811895 0.0002 1020
1747398811896 0.0002 1020
1747398816020 0.0003 1030
1747398816020 0.0003 1030
1747398820036 0.0001 1040
1747398820036 0.0001 1040
1747398824053 0.0481 1050
1747398824054 0.0481 1050
1747398828058 0.005 1060
1747398828058 0.005 1060
1747398832031 0.0002 1070
1747398832032 0.0002 1070
1747398836009 0.0413 1080
1747398836010 0.0413 1080
1747398839983 0.0022 1090
1747398839984 0.0022 1090
1747398843971 0.0029 1100
1747398843972 0.0029 1100
1747398847931 0.0002 1110
1747398847932 0.0002 1110
1747398851882 0.0002 1120
1747398851881 0.0002 1120
1747398855829 0.0902 1130
1747398855830 0.0902 1130
1747398859779 0.0002 1140
1747398859780 0.0002 1140
1747398863755 0.0004 1150
1747398863755 0.0004 1150
1747398867646 0.0039 1160
1747398867646 0.0039 1160
1747398871531 0.0002 1170
1747398871532 0.0002 1170
1747398875409 0.0004 1180
1747398875409 0.0004 1180
1747398879268 0.0002 1190
1747398879268 0.0002 1190
1747398883135 0.0009 1200
1747398883136 0.0009 1200
1747398886996 0.0001 1210
1747398886996 0.0001 1210
1747398890864 0.0001 1220
1747398890864 0.0001 1220
1747398894710 0.0001 1230
1747398894710 0.0001 1230
1747398898587 0.0001 1240
1747398898588 0.0001 1240
1747398902518 0.035 1250
1747398902518 0.035 1250
1747398906457 0.0001 1260
1747398906457 0.0001 1260
1747398910447 0.0002 1270
1747398910447 0.0002 1270
1747398914412 0.044 1280
1747398914412 0.044 1280
1747398918348 0.0002 1290
1747398918349 0.0002 1290
1747398922233 0.0158 1300
1747398922234 0.0158 1300
1747398926136 0.0001 1310
1747398926137 0.0001 1310
1747398942648 0.0003 1320
1747398942648 0.0003 1320
1747398946698 0.0001 1330
1747398946698 0.0001 1330
1747398952362 0.0002 1340
1747398952362 0.0002 1340
1747398956300 0.0001 1350
1747398956300 0.0001 1350
1747398960195 0.0001 1360
1747398960195 0.0001 1360
1747398964131 0.0001 1370
1747398964132 0.0001 1370
1747398968013 0.0001 1380
1747398968014 0.0001 1380
1747398971890 0.0001 1390
1747398971890 0.0001 1390
1747398975798 0.0001 1400
1747398975798 0.0001 1400
1747398979669 0.0001 1410
1747398979669 0.0001 1410
1747398983546 0.0001 1420
1747398983547 0.0001 1420
1747398987541 0.0001 1430
1747398987541 0.0001 1430
1747398993134 0.0001 1440
1747398993134 0.0001 1440
1747398997076 0.024 1450
1747398997076 0.024 1450
1747399001008 0.0025 1460
1747399001008 0.0025 1460
1747399006584 0.0001 1470
1747399006584 0.0001 1470
1747399010498 0.0001 1480
1747399010498 0.0001 1480
1747399016038 0.0002 1490
1747399016038 0.0002 1490
1747399021657 0.0368 1500
1747399021657 0.0368 1500
1747399025515 0.0506 1510
1747399025515 0.0506 1510
1747399029370 0.0421 1520
1747399029370 0.0421 1520
1747399033237 0.0025 1530
1747399033237 0.0025 1530
1747399037090 0.0021 1540
1747399037090 0.0021 1540
1747399040940 0.0001 1550
1747399040955 0.0001 1550
1747399044799 0.0001 1560
1747399048686 0.0001 1570
1747399048686 0.0001 1570
1747399052549 0.0046 1580
1747399052549 0.0046 1580
1747399056460 0.0001 1590
1747399056460 0.0001 1590
1747399060331 0.011 1600
1747399060331 0.011 1600
1747399064201 0.0 1610
1747399064201 0.0 1610
1747399068082 0.0001 1620
1747399068091 0.0001 1620
1747399072005 0.0 1630
1747399072005 0.0 1630
1747399075940 0.0007 1640
1747399075940 0.0007 1640
1747399079963 0.0001 1650
1747399079963 0.0001 1650
1747399083987 0.0001 1660
1747399083989 0.0001 1660
1747399088148 0.0001 1670
1747399088149 0.0001 1670
1747399093812 0.0399 1680
1747399093813 0.0399 1680
1747399097750 0.0519 1690
1747399097750 0.0519 1690
1747399101733 0.0001 1700
1747399101741 0.0001 1700
1747399105748 0.0001 1710
1747399105748 0.0001 1710
1747399109732 0.0009 1720
1747399109732 0.0009 1720
1747399113691 0.0001 1730
1747399113691 0.0001 1730
1747399117589 0.0014 1740
1747399117589 0.0014 1740
1747399121481 0.0001 1750
1747399121481 0.0001 1750
