1747403122839 0.22727272727272727 10
1747403122840 0.22727272727272727 10
1747403124657 0.45454545454545453 20
1747403124657 0.45454545454545453 20
1747403129837 0.6818181818181818 30
1747403129838 0.6818181818181818 30
1747403131718 0.9090909090909091 40
1747403131718 0.9090909090909091 40
1747403132971 1.0 44
1747403132970 1.0 44
1747403135104 1.1363636363636362 50
1747403135105 1.1363636363636362 50
1747403137367 1.3636363636363638 60
1747403137367 1.3636363636363638 60
1747403140567 1.5909090909090908 70
1747403140567 1.5909090909090908 70
1747403142544 1.8181818181818183 80
1747403142544 1.8181818181818183 80
1747403144543 2.0 88
1747403144542 2.0 88
1747403146134 2.0454545454545454 90
1747403146135 2.0454545454545454 90
1747403149551 2.2727272727272725 100
1747403149554 2.2727272727272725 100
1747403151534 2.5 110
1747403151535 2.5 110
1747403153431 2.7272727272727275 120
1747403153431 2.7272727272727275 120
1747403155293 2.9545454545454546 130
1747403155294 2.9545454545454546 130
1747403156188 3.0 132
1747403156189 3.0 132
1747403158706 3.1818181818181817 140
1747403158706 3.1818181818181817 140
1747403160566 3.409090909090909 150
1747403160568 3.409090909090909 150
1747403164081 3.6363636363636362 160
1747403164082 3.6363636363636362 160
1747403167557 3.8636363636363638 170
1747403167558 3.8636363636363638 170
1747403169195 4.0 176
1747403169194 4.0 176
1747403170827 4.090909090909091 180
1747403170828 4.090909090909091 180
1747403174362 4.318181818181818 190
1747403174363 4.318181818181818 190
1747403177830 4.545454545454545 200
1747403177831 4.545454545454545 200
1747403179714 4.7727272727272725 210
1747403179714 4.7727272727272725 210
1747403183158 5.0 220
1747403183159 5.0 220
1747403183771 5.0 220
1747403183772 5.0 220
1747403186737 5.2272727272727275 230
1747403186738 5.2272727272727275 230
1747403188668 5.454545454545454 240
1747403188669 5.454545454545454 240
1747403190582 5.681818181818182 250
1747403190583 5.681818181818182 250
1747403194123 5.909090909090909 260
1747403194124 5.909090909090909 260
1747403195371 6.0 264
1747403195372 6.0 264
1747403196580 6.0 264
1747403196580 6.0 264
