1747403122839 2.0283939838409424 10
1747403122840 2.0283939838409424 10
1747403124657 4.289877891540527 20
1747403124657 4.289877891540527 20
1747403129837 2.564608335494995 30
1747403129838 2.564608335494995 30
1747403131718 11.233064651489258 40
1747403131718 11.233064651489258 40
1747403135104 2.610551118850708 50
1747403135105 2.610551118850708 50
1747403137367 4.561635971069336 60
1747403137367 4.561635971069336 60
1747403140567 6.524716377258301 70
1747403140567 6.524716377258301 70
1747403142544 30.429235458374023 80
1747403142544 30.429235458374023 80
1747403146134 9.444131851196289 90
1747403146135 9.444131851196289 90
1747403149551 3.264920234680176 100
1747403149554 3.264920234680176 100
1747403151534 16.558757781982422 110
1747403151535 16.558757781982422 110
1747403153431 13.468365669250488 120
1747403153431 13.468365669250488 120
1747403155293 5.646005630493164 130
1747403155294 5.646005630493164 130
1747403158706 6.302167892456055 140
1747403158706 6.302167892456055 140
1747403160566 14.165045738220215 150
1747403160568 14.165045738220215 150
1747403164081 13.20351791381836 160
1747403164082 13.20351791381836 160
1747403167557 71.00142669677734 170
1747403167558 71.00142669677734 170
1747403170827 20.387317657470703 180
1747403170828 20.387317657470703 180
1747403174362 0.3111519515514374 190
1747403174363 0.3111519515514374 190
1747403177830 0.7191058397293091 200
1747403177831 0.7191058397293091 200
1747403179714 1.2889961004257202 210
1747403179714 1.2889961004257202 210
1747403183158 0.4873754382133484 220
1747403183159 0.4873754382133484 220
1747403186737 0.13291430473327637 230
1747403186738 0.13291430473327637 230
1747403188668 0.27158796787261963 240
1747403188669 0.27158796787261963 240
1747403190582 10.702714920043945 250
1747403190583 10.702714920043945 250
1747403194123 0.8174594640731812 260
1747403194124 0.8174594640731812 260
