1747403122839 4.886363636363637e-05 10
1747403122840 4.886363636363637e-05 10
1747403124657 4.772727272727273e-05 20
1747403124657 4.772727272727273e-05 20
1747403129837 4.659090909090909e-05 30
1747403129838 4.659090909090909e-05 30
1747403131718 4.545454545454546e-05 40
1747403131718 4.545454545454546e-05 40
1747403135104 4.431818181818182e-05 50
1747403135105 4.431818181818182e-05 50
1747403137367 4.318181818181819e-05 60
1747403137367 4.318181818181819e-05 60
1747403140567 4.204545454545455e-05 70
1747403140567 4.204545454545455e-05 70
1747403142544 4.0909090909090915e-05 80
1747403142544 4.0909090909090915e-05 80
1747403146134 3.9772727272727275e-05 90
1747403146135 3.9772727272727275e-05 90
1747403149551 3.8636363636363636e-05 100
1747403149554 3.8636363636363636e-05 100
1747403151534 3.7500000000000003e-05 110
1747403151535 3.7500000000000003e-05 110
1747403153431 3.6363636363636364e-05 120
1747403153431 3.6363636363636364e-05 120
1747403155293 3.522727272727273e-05 130
1747403155294 3.522727272727273e-05 130
1747403158706 3.409090909090909e-05 140
1747403158706 3.409090909090909e-05 140
1747403160566 3.295454545454545e-05 150
1747403160568 3.295454545454545e-05 150
1747403164081 3.181818181818182e-05 160
1747403164082 3.181818181818182e-05 160
1747403167557 3.068181818181818e-05 170
1747403167558 3.068181818181818e-05 170
1747403170827 2.954545454545455e-05 180
1747403170828 2.954545454545455e-05 180
1747403174362 2.8409090909090912e-05 190
1747403174363 2.8409090909090912e-05 190
1747403177830 2.7272727272727273e-05 200
1747403177831 2.7272727272727273e-05 200
1747403179714 2.6136363636363637e-05 210
1747403179714 2.6136363636363637e-05 210
1747403183158 2.5e-05 220
1747403183159 2.5e-05 220
1747403186737 2.3863636363636365e-05 230
1747403186738 2.3863636363636365e-05 230
1747403188668 2.272727272727273e-05 240
1747403188669 2.272727272727273e-05 240
1747403190582 2.1590909090909093e-05 250
1747403190583 2.1590909090909093e-05 250
1747403194123 2.0454545454545457e-05 260
1747403194124 2.0454545454545457e-05 260
