1747403122839 0.6739 10
1747403122840 0.6739 10
1747403124657 0.6449 20
1747403124657 0.6449 20
1747403129837 0.5599 30
1747403129838 0.5599 30
1747403131718 0.4927 40
1747403131718 0.4927 40
1747403135104 0.4654 50
1747403135105 0.4654 50
1747403137367 0.4611 60
1747403137367 0.4611 60
1747403140567 0.4109 70
1747403140567 0.4109 70
1747403142544 0.3171 80
1747403142544 0.3171 80
1747403146134 0.3881 90
1747403146135 0.3881 90
1747403149551 0.2888 100
1747403149554 0.2888 100
1747403151534 0.291 110
1747403151535 0.291 110
1747403153431 0.2822 120
1747403153431 0.2822 120
1747403155293 0.3729 130
1747403155294 0.3729 130
1747403158706 0.2567 140
1747403158706 0.2567 140
1747403160566 0.1796 150
1747403160568 0.1796 150
1747403164081 0.2188 160
1747403164082 0.2188 160
1747403167557 0.2882 170
1747403167558 0.2882 170
1747403170827 0.165 180
1747403170828 0.165 180
1747403174362 0.141 190
1747403174363 0.141 190
1747403177830 0.2353 200
1747403177831 0.2353 200
1747403179714 0.1071 210
1747403179714 0.1071 210
1747403183158 0.0939 220
1747403183159 0.0939 220
1747403186737 0.1132 230
1747403186738 0.1132 230
1747403188668 0.1061 240
1747403188669 0.1061 240
1747403190582 0.0717 250
1747403190583 0.0717 250
1747403194123 0.0635 260
1747403194124 0.0635 260
