1747399362390 0.0228310502283105 10
1747399362390 0.0228310502283105 10
1747399365991 0.045662100456621 20
1747399365993 0.045662100456621 20
1747399369604 0.0684931506849315 30
1747399369604 0.0684931506849315 30
1747399373246 0.091324200913242 40
1747399373246 0.091324200913242 40
1747399377032 0.1141552511415525 50
1747399377032 0.1141552511415525 50
1747399381159 0.136986301369863 60
1747399381175 0.136986301369863 60
1747399387851 0.1598173515981735 70
1747399387851 0.1598173515981735 70
1747399393270 0.182648401826484 80
1747399393268 0.182648401826484 80
1747399396939 0.2054794520547945 90
1747399396939 0.2054794520547945 90
1747399400702 0.228310502283105 100
1747399400702 0.228310502283105 100
1747399406628 0.2511415525114155 110
1747399406628 0.2511415525114155 110
1747399410427 0.273972602739726 120
1747399410427 0.273972602739726 120
1747399414219 0.2968036529680365 130
1747399414219 0.2968036529680365 130
1747399417927 0.319634703196347 140
1747399417927 0.319634703196347 140
1747399421661 0.3424657534246575 150
1747399421676 0.3424657534246575 150
1747399427086 0.365296803652968 160
1747399427086 0.365296803652968 160
1747399431008 0.3881278538812785 170
1747399431008 0.3881278538812785 170
1747399438070 0.410958904109589 180
1747399438070 0.410958904109589 180
1747399441942 0.4337899543378995 190
1747399441942 0.4337899543378995 190
1747399445836 0.45662100456621 200
1747399445836 0.45662100456621 200
1747399449838 0.4794520547945205 210
1747399449838 0.4794520547945205 210
1747399453750 0.502283105022831 220
1747399453750 0.502283105022831 220
1747399457541 0.5251141552511416 230
1747399457541 0.5251141552511416 230
1747399463041 0.547945205479452 240
1747399463041 0.547945205479452 240
1747399468610 0.5707762557077626 250
1747399468610 0.5707762557077626 250
1747399472407 0.593607305936073 260
1747399472409 0.593607305936073 260
1747399476213 0.6164383561643836 270
1747399476213 0.6164383561643836 270
1747399480048 0.639269406392694 280
1747399480046 0.639269406392694 280
1747399483876 0.6621004566210046 290
1747399483876 0.6621004566210046 290
1747399487670 0.684931506849315 300
1747399487670 0.684931506849315 300
1747399491521 0.7077625570776256 310
1747399491523 0.7077625570776256 310
1747399495343 0.730593607305936 320
1747399495343 0.730593607305936 320
1747399499258 0.7534246575342466 330
1747399499258 0.7534246575342466 330
1747399503135 0.776255707762557 340
1747399503135 0.776255707762557 340
1747399507030 0.7990867579908676 350
1747399507030 0.7990867579908676 350
1747399512600 0.821917808219178 360
1747399512600 0.821917808219178 360
1747399516404 0.8447488584474886 370
1747399516404 0.8447488584474886 370
1747399520248 0.867579908675799 380
1747399520248 0.867579908675799 380
1747399524151 0.8904109589041096 390
1747399524153 0.8904109589041096 390
1747399528011 0.91324200913242 400
1747399528011 0.91324200913242 400
1747399533579 0.9360730593607306 410
1747399533583 0.9360730593607306 410
1747399537388 0.958904109589041 420
1747399537388 0.958904109589041 420
1747399541390 0.9817351598173516 430
1747399541390 0.9817351598173516 430
1747399555820 1.0 438
1747399555822 1.0 438
1747399557637 1.004566210045662 440
1747399557637 1.004566210045662 440
1747399561541 1.0273972602739727 450
1747399561541 1.0273972602739727 450
1747399565420 1.0502283105022832 460
1747399565420 1.0502283105022832 460
1747399569305 1.0730593607305936 470
1747399569306 1.0730593607305936 470
1747399573319 1.095890410958904 480
1747399573319 1.095890410958904 480
1747399577207 1.1187214611872145 490
1747399577207 1.1187214611872145 490
1747399581157 1.1415525114155252 500
1747399581157 1.1415525114155252 500
1747399585136 1.1643835616438356 510
1747399585138 1.1643835616438356 510
1747399589095 1.187214611872146 520
1747399589095 1.187214611872146 520
1747399592992 1.2100456621004567 530
1747399592992 1.2100456621004567 530
1747399596887 1.2328767123287672 540
1747399596887 1.2328767123287672 540
1747399601029 1.2557077625570776 550
1747399601029 1.2557077625570776 550
1747399604898 1.278538812785388 560
1747399604898 1.278538812785388 560
1747399608949 1.3013698630136985 570
1747399608949 1.3013698630136985 570
1747399612780 1.3242009132420092 580
1747399612780 1.3242009132420092 580
1747399616661 1.3470319634703196 590
1747399616661 1.3470319634703196 590
1747399620696 1.36986301369863 600
1747399620696 1.36986301369863 600
1747399624579 1.3926940639269407 610
1747399624579 1.3926940639269407 610
1747399628420 1.4155251141552512 620
1747399628420 1.4155251141552512 620
1747399633882 1.4383561643835616 630
1747399633882 1.4383561643835616 630
1747399637681 1.461187214611872 640
1747399637681 1.461187214611872 640
1747399641546 1.4840182648401825 650
1747399641546 1.4840182648401825 650
1747399645488 1.5068493150684932 660
1747399645488 1.5068493150684932 660
1747399649446 1.5296803652968036 670
1747399649446 1.5296803652968036 670
1747399653441 1.5525114155251143 680
1747399653443 1.5525114155251143 680
1747399657373 1.5753424657534247 690
1747399657373 1.5753424657534247 690
1747399662972 1.5981735159817352 700
1747399662972 1.5981735159817352 700
1747399668577 1.6210045662100456 710
1747399668577 1.6210045662100456 710
1747399672393 1.643835616438356 720
1747399672393 1.643835616438356 720
1747399676375 1.6666666666666665 730
1747399676375 1.6666666666666665 730
1747399680212 1.6894977168949772 740
1747399680212 1.6894977168949772 740
1747399684068 1.7123287671232876 750
1747399684083 1.7123287671232876 750
1747399688011 1.7351598173515983 760
1747399688011 1.7351598173515983 760
1747399691858 1.7579908675799087 770
1747399691858 1.7579908675799087 770
1747399695855 1.7808219178082192 780
1747399695855 1.7808219178082192 780
1747399699903 1.8036529680365296 790
1747399699903 1.8036529680365296 790
1747399703923 1.82648401826484 800
1747399703923 1.82648401826484 800
1747399707879 1.8493150684931505 810
1747399707879 1.8493150684931505 810
1747399711784 1.8721461187214612 820
1747399711784 1.8721461187214612 820
1747399715713 1.8949771689497716 830
1747399715713 1.8949771689497716 830
1747399719667 1.9178082191780823 840
1747399719668 1.9178082191780823 840
1747399723566 1.9406392694063928 850
1747399723566 1.9406392694063928 850
1747399727422 1.9634703196347032 860
1747399727422 1.9634703196347032 860
1747399731307 1.9863013698630136 870
1747399731307 1.9863013698630136 870
1747399745267 2.0 876
1747399745267 2.0 876
1747399747890 2.009132420091324 880
1747399747888 2.009132420091324 880
1747399751945 2.0319634703196345 890
1747399751943 2.0319634703196345 890
1747399755952 2.0547945205479454 900
1747399755952 2.0547945205479454 900
1747399759933 2.077625570776256 910
1747399759933 2.077625570776256 910
1747399763894 2.1004566210045663 920
1747399763894 2.1004566210045663 920
1747399769440 2.1232876712328768 930
1747399769440 2.1232876712328768 930
1747399773435 2.146118721461187 940
1747399773437 2.146118721461187 940
1747399777371 2.1689497716894977 950
1747399777375 2.1689497716894977 950
1747399781308 2.191780821917808 960
1747399781308 2.191780821917808 960
1747399785186 2.2146118721461185 970
1747399785186 2.2146118721461185 970
1747399789038 2.237442922374429 980
1747399789038 2.237442922374429 980
1747399792976 2.26027397260274 990
1747399792976 2.26027397260274 990
1747399796967 2.2831050228310503 1000
1747399796967 2.2831050228310503 1000
1747399800906 2.3059360730593608 1010
1747399800906 2.3059360730593608 1010
1747399804925 2.328767123287671 1020
1747399804925 2.328767123287671 1020
1747399810589 2.3515981735159817 1030
1747399810594 2.3515981735159817 1030
1747399816191 2.374429223744292 1040
1747399816191 2.374429223744292 1040
1747399820080 2.3972602739726026 1050
1747399820080 2.3972602739726026 1050
1747399824099 2.4200913242009134 1060
1747399824099 2.4200913242009134 1060
1747399829693 2.442922374429224 1070
1747399829693 2.442922374429224 1070
1747399833547 2.4657534246575343 1080
1747399833547 2.4657534246575343 1080
1747399837512 2.4885844748858448 1090
1747399837514 2.4885844748858448 1090
1747399841433 2.5114155251141552 1100
1747399841433 2.5114155251141552 1100
1747399847054 2.5342465753424657 1110
1747399847054 2.5342465753424657 1110
1747399850946 2.557077625570776 1120
1747399850946 2.557077625570776 1120
1747399856656 2.5799086757990866 1130
1747399856656 2.5799086757990866 1130
1747399860549 2.602739726027397 1140
1747399860560 2.602739726027397 1140
1747399864456 2.625570776255708 1150
1747399864463 2.625570776255708 1150
1747399868345 2.6484018264840183 1160
1747399868345 2.6484018264840183 1160
1747399872320 2.671232876712329 1170
1747399872320 2.671232876712329 1170
1747399876207 2.6940639269406392 1180
1747399876207 2.6940639269406392 1180
1747399880171 2.7168949771689497 1190
1747399880171 2.7168949771689497 1190
1747399884108 2.73972602739726 1200
1747399884108 2.73972602739726 1200
1747399887955 2.762557077625571 1210
1747399887955 2.762557077625571 1210
1747399891872 2.7853881278538815 1220
1747399891872 2.7853881278538815 1220
1747399895852 2.808219178082192 1230
1747399895852 2.808219178082192 1230
1747399901477 2.8310502283105023 1240
1747399901477 2.8310502283105023 1240
1747399905320 2.853881278538813 1250
1747399905320 2.853881278538813 1250
1747399909162 2.8767123287671232 1260
1747399909162 2.8767123287671232 1260
1747399913055 2.8995433789954337 1270
1747399913055 2.8995433789954337 1270
1747399917170 2.922374429223744 1280
1747399917170 2.922374429223744 1280
1747399921055 2.9452054794520546 1290
1747399921055 2.9452054794520546 1290
1747399924930 2.968036529680365 1300
1747399924932 2.968036529680365 1300
1747399928830 2.990867579908676 1310
1747399928832 2.990867579908676 1310
1747399941908 3.0 1314
1747399941908 3.0 1314
1747399945211 3.0136986301369864 1320
1747399945211 3.0136986301369864 1320
1747399949147 3.036529680365297 1330
1747399949147 3.036529680365297 1330
1747399953494 3.0593607305936072 1340
1747399953496 3.0593607305936072 1340
1747399957606 3.0821917808219177 1350
1747399957607 3.0821917808219177 1350
1747399961501 3.105022831050228 1360
1747399961502 3.105022831050228 1360
1747399965412 3.127853881278539 1370
1747399965413 3.127853881278539 1370
1747399969383 3.1506849315068495 1380
1747399969385 3.1506849315068495 1380
1747399973410 3.17351598173516 1390
1747399973408 3.17351598173516 1390
1747399977449 3.1963470319634704 1400
1747399977448 3.1963470319634704 1400
1747399981471 3.219178082191781 1410
1747399981473 3.219178082191781 1410
1747399985591 3.2420091324200913 1420
1747399985591 3.2420091324200913 1420
1747399989577 3.2648401826484017 1430
1747399989579 3.2648401826484017 1430
1747399993577 3.287671232876712 1440
1747399993579 3.287671232876712 1440
1747399997881 3.3105022831050226 1450
1747399997887 3.3105022831050226 1450
1747400002097 3.3333333333333335 1460
1747400002098 3.3333333333333335 1460
1747400006525 3.356164383561644 1470
1747400006526 3.356164383561644 1470
1747400010674 3.3789954337899544 1480
1747400010676 3.3789954337899544 1480
1747400014757 3.401826484018265 1490
1747400014759 3.401826484018265 1490
1747400018791 3.4246575342465753 1500
1747400018792 3.4246575342465753 1500
1747400022827 3.4474885844748857 1510
1747400022828 3.4474885844748857 1510
1747400027065 3.470319634703196 1520
1747400027067 3.470319634703196 1520
1747400031393 3.493150684931507 1530
1747400031395 3.493150684931507 1530
1747400035947 3.5159817351598175 1540
1747400035945 3.5159817351598175 1540
1747400040381 3.538812785388128 1550
1747400040382 3.538812785388128 1550
1747400044623 3.5616438356164384 1560
1747400044623 3.5616438356164384 1560
1747400048713 3.584474885844749 1570
1747400048714 3.584474885844749 1570
1747400052737 3.6073059360730593 1580
1747400052738 3.6073059360730593 1580
1747400056881 3.6301369863013697 1590
1747400056883 3.6301369863013697 1590
1747400061440 3.65296803652968 1600
1747400061437 3.65296803652968 1600
1747400066041 3.6757990867579906 1610
1747400066043 3.6757990867579906 1610
1747400070274 3.6986301369863015 1620
1747400070276 3.6986301369863015 1620
1747400074720 3.721461187214612 1630
1747400074722 3.721461187214612 1630
1747400079085 3.7442922374429224 1640
1747400079087 3.7442922374429224 1640
1747400083238 3.767123287671233 1650
1747400083240 3.767123287671233 1650
1747400087954 3.7899543378995433 1660
1747400087956 3.7899543378995433 1660
1747400092177 3.8127853881278537 1670
1747400092179 3.8127853881278537 1670
1747400096174 3.8356164383561646 1680
1747400096175 3.8356164383561646 1680
1747400100436 3.858447488584475 1690
1747400100435 3.858447488584475 1690
1747400105192 3.8812785388127855 1700
1747400105194 3.8812785388127855 1700
1747400109379 3.904109589041096 1710
1747400109380 3.904109589041096 1710
1747400113658 3.9269406392694064 1720
1747400113661 3.9269406392694064 1720
1747400118229 3.949771689497717 1730
1747400118231 3.949771689497717 1730
1747400122988 3.9726027397260273 1740
1747400122990 3.9726027397260273 1740
1747400127511 3.9954337899543377 1750
1747400127512 3.9954337899543377 1750
1747400140298 4.0 1752
1747400140300 4.0 1752
1747400142792 4.0 1752
1747400142790 4.0 1752
