1747399362390 1.8476022481918335 10
1747399362390 1.8476022481918335 10
1747399365991 6.0335798263549805 20
1747399365993 6.0335798263549805 20
1747399369604 9.476994514465332 30
1747399369604 9.476994514465332 30
1747399373246 7.007277011871338 40
1747399373246 7.007277011871338 40
1747399377032 1.189419150352478 50
1747399377032 1.189419150352478 50
1747399381159 6.059642314910889 60
1747399381175 6.059642314910889 60
1747399387851 10.375215530395508 70
1747399387851 10.375215530395508 70
1747399393270 0.11441648751497269 80
1747399393268 0.11441648751497269 80
1747399396939 13.785102844238281 90
1747399396939 13.785102844238281 90
1747399400702 0.11122626066207886 100
1747399400702 0.11122626066207886 100
1747399406628 0.1962812840938568 110
1747399406628 0.1962812840938568 110
1747399410427 0.08903418481349945 120
1747399410427 0.08903418481349945 120
1747399414219 1.0455760955810547 130
1747399414219 1.0455760955810547 130
1747399417927 2.0981686115264893 140
1747399417927 2.0981686115264893 140
1747399421661 0.6838943958282471 150
1747399421676 0.6838943958282471 150
1747399427086 0.1121104508638382 160
1747399427086 0.1121104508638382 160
1747399431008 21.001869201660156 170
1747399431008 21.001869201660156 170
1747399438070 0.07426180690526962 180
1747399438070 0.07426180690526962 180
1747399441942 0.05173974856734276 190
1747399441942 0.05173974856734276 190
1747399445836 0.04985259845852852 200
1747399445836 0.04985259845852852 200
1747399449838 0.09302618354558945 210
1747399449838 0.09302618354558945 210
1747399453750 1.6187199354171753 220
1747399453750 1.6187199354171753 220
1747399457541 0.17537006735801697 230
1747399457541 0.17537006735801697 230
1747399463041 0.08919458091259003 240
1747399463041 0.08919458091259003 240
1747399468610 0.04452097788453102 250
1747399468610 0.04452097788453102 250
1747399472407 10.539264678955078 260
1747399472409 10.539264678955078 260
1747399476213 3.9720048904418945 270
1747399476213 3.9720048904418945 270
1747399480048 0.08417407423257828 280
1747399480046 0.08417407423257828 280
1747399483876 0.08690504729747772 290
1747399483876 0.08690504729747772 290
1747399487670 0.09359177201986313 300
1747399487670 0.09359177201986313 300
1747399491521 3.695765972137451 310
1747399491523 3.695765972137451 310
1747399495343 0.01925470679998398 320
1747399495343 0.01925470679998398 320
1747399499258 0.021790623664855957 330
1747399499258 0.021790623664855957 330
1747399503135 0.024861346930265427 340
1747399503135 0.024861346930265427 340
1747399507030 5.843623161315918 350
1747399507030 5.843623161315918 350
1747399512600 0.03458736091852188 360
1747399512600 0.03458736091852188 360
1747399516404 3.581217050552368 370
1747399516404 3.581217050552368 370
1747399520248 17.324356079101562 380
1747399520248 17.324356079101562 380
1747399524151 0.11448810994625092 390
1747399524153 0.11448810994625092 390
1747399528011 0.12038899213075638 400
1747399528011 0.12038899213075638 400
1747399533579 0.7091627717018127 410
1747399533583 0.7091627717018127 410
1747399537388 0.017051853239536285 420
1747399537388 0.017051853239536285 420
1747399541390 0.012310600839555264 430
1747399541390 0.012310600839555264 430
1747399557637 0.009799507446587086 440
1747399557637 0.009799507446587086 440
1747399561541 0.011865384876728058 450
1747399561541 0.011865384876728058 450
1747399565420 0.0219035055488348 460
1747399565420 0.0219035055488348 460
1747399569305 0.008023014292120934 470
1747399569306 0.008023014292120934 470
1747399573319 0.008350337855517864 480
1747399573319 0.008350337855517864 480
1747399577207 0.010577788576483727 490
1747399577207 0.010577788576483727 490
1747399581157 0.012242547236382961 500
1747399581157 0.012242547236382961 500
1747399585136 0.00544864172115922 510
1747399585138 0.00544864172115922 510
1747399589095 0.004585720133036375 520
1747399589095 0.004585720133036375 520
1747399592992 0.00578291853889823 530
1747399592992 0.00578291853889823 530
1747399596887 0.0048798611387610435 540
1747399596887 0.0048798611387610435 540
1747399601029 4.355656623840332 550
1747399601029 4.355656623840332 550
1747399604898 0.01546178013086319 560
1747399604898 0.01546178013086319 560
1747399608949 12.908661842346191 570
1747399608949 12.908661842346191 570
1747399612780 9.814826011657715 580
1747399612780 9.814826011657715 580
1747399616661 0.012089469470083714 590
1747399616661 0.012089469470083714 590
1747399620696 3.0189807415008545 600
1747399620696 3.0189807415008545 600
1747399624579 0.005594007205218077 610
1747399624579 0.005594007205218077 610
1747399628420 0.006418668199330568 620
1747399628420 0.006418668199330568 620
1747399633882 2.986886978149414 630
1747399633882 2.986886978149414 630
1747399637681 0.09314516931772232 640
1747399637681 0.09314516931772232 640
1747399641546 0.17044197022914886 650
1747399641546 0.17044197022914886 650
1747399645488 0.015706786885857582 660
1747399645488 0.015706786885857582 660
1747399649446 0.009637901559472084 670
1747399649446 0.009637901559472084 670
1747399653441 0.044658053666353226 680
1747399653443 0.044658053666353226 680
1747399657373 0.5782681703567505 690
1747399657373 0.5782681703567505 690
1747399662972 0.03201356157660484 700
1747399662972 0.03201356157660484 700
1747399668577 0.014243366196751595 710
1747399668577 0.014243366196751595 710
1747399672393 0.006153307855129242 720
1747399672393 0.006153307855129242 720
1747399676375 0.005579216871410608 730
1747399676375 0.005579216871410608 730
1747399680212 0.005101159680634737 740
1747399680212 0.005101159680634737 740
1747399684068 0.006454757414758205 750
1747399684083 0.006454757414758205 750
1747399688011 0.010843154042959213 760
1747399688011 0.010843154042959213 760
1747399691858 0.013654072768986225 770
1747399691858 0.013654072768986225 770
1747399695855 0.007647509220987558 780
1747399695855 0.007647509220987558 780
1747399699903 0.00703877117484808 790
1747399699903 0.00703877117484808 790
1747399703923 0.013360853306949139 800
1747399703923 0.013360853306949139 800
1747399707879 0.008647951297461987 810
1747399707879 0.008647951297461987 810
1747399711784 0.004370317328721285 820
1747399711784 0.004370317328721285 820
1747399715713 0.01907109096646309 830
1747399715713 0.01907109096646309 830
1747399719667 0.09915972501039505 840
1747399719668 0.09915972501039505 840
1747399723566 0.6164019703865051 850
1747399723566 0.6164019703865051 850
1747399727422 0.020468266680836678 860
1747399727422 0.020468266680836678 860
1747399731307 0.00974185485392809 870
1747399731307 0.00974185485392809 870
1747399747890 0.015393012203276157 880
1747399747888 0.015393012203276157 880
1747399751943 0.005132970865815878 890
1747399751945 0.005132970865815878 890
1747399755952 0.004389845300465822 900
1747399755952 0.004389845300465822 900
1747399759933 0.004838746041059494 910
1747399759933 0.004838746041059494 910
1747399763894 0.006091905292123556 920
1747399763894 0.006091905292123556 920
1747399769440 0.011392463929951191 930
1747399769440 0.011392463929951191 930
1747399773435 0.044766467064619064 940
1747399773437 0.044766467064619064 940
1747399777371 0.009398285299539566 950
1747399777375 0.009398285299539566 950
1747399781308 0.011812835931777954 960
1747399781308 0.011812835931777954 960
1747399785186 0.006608305033296347 970
1747399785186 0.006608305033296347 970
1747399789038 0.033045802265405655 980
1747399789038 0.033045802265405655 980
1747399792976 0.00538098718971014 990
1747399792976 0.00538098718971014 990
1747399796967 0.007189595606178045 1000
1747399796967 0.007189595606178045 1000
1747399800906 0.005529834423214197 1010
1747399800906 0.005529834423214197 1010
1747399804925 0.003867119550704956 1020
1747399804925 0.003867119550704956 1020
1747399810589 0.00320602604188025 1030
1747399810594 0.00320602604188025 1030
1747399816191 0.003937052097171545 1040
1747399816191 0.003937052097171545 1040
1747399820080 0.011234862729907036 1050
1747399820080 0.011234862729907036 1050
1747399824099 0.0039658392779529095 1060
1747399824099 0.0039658392779529095 1060
1747399829693 0.5826072692871094 1070
1747399829693 0.5826072692871094 1070
1747399833547 0.003746764035895467 1080
1747399833547 0.003746764035895467 1080
1747399837512 0.003958928398787975 1090
1747399837514 0.003958928398787975 1090
1747399841433 0.0032907684799283743 1100
1747399841433 0.0032907684799283743 1100
1747399847054 0.0162014402449131 1110
1747399847054 0.0162014402449131 1110
1747399850946 0.0034126590471714735 1120
1747399850946 0.0034126590471714735 1120
1747399856656 0.0034302526619285345 1130
1747399856656 0.0034302526619285345 1130
1747399860549 0.012286660261452198 1140
1747399860560 0.012286660261452198 1140
1747399864456 0.002216345863416791 1150
1747399864463 0.002216345863416791 1150
1747399868345 0.002237551612779498 1160
1747399868345 0.002237551612779498 1160
1747399872320 0.0028210305608808994 1170
1747399872320 0.0028210305608808994 1170
1747399876207 0.0020396511536091566 1180
1747399876207 0.0020396511536091566 1180
1747399880171 0.011703958734869957 1190
1747399880171 0.011703958734869957 1190
1747399884108 0.004578293766826391 1200
1747399884108 0.004578293766826391 1200
1747399887955 0.0017246388597413898 1210
1747399887955 0.0017246388597413898 1210
1747399891872 0.002419215627014637 1220
1747399891872 0.002419215627014637 1220
1747399895852 0.0021751157473772764 1230
1747399895852 0.0021751157473772764 1230
1747399901477 0.0038780381437391043 1240
1747399901477 0.0038780381437391043 1240
1747399905320 0.0019474646542221308 1250
1747399905320 0.0019474646542221308 1250
1747399909162 0.010518941096961498 1260
1747399909162 0.010518941096961498 1260
1747399913055 0.009925279766321182 1270
1747399913055 0.009925279766321182 1270
1747399917170 0.002648843452334404 1280
1747399917170 0.002648843452334404 1280
1747399921055 0.0020517781376838684 1290
1747399921055 0.0020517781376838684 1290
1747399924930 0.002407244173809886 1300
1747399924932 0.002407244173809886 1300
1747399928830 0.0026655499823391438 1310
1747399928832 0.0026655499823391438 1310
1747399945211 0.012516469694674015 1320
1747399945211 0.012516469694674015 1320
1747399949147 30.192161560058594 1330
1747399949147 30.192161560058594 1330
1747399953494 0.0023572449572384357 1340
1747399953496 0.0023572449572384357 1340
1747399957606 0.011383691802620888 1350
1747399957607 0.011383691802620888 1350
1747399961501 0.001906746532768011 1360
1747399961502 0.001906746532768011 1360
1747399965412 0.004216467961668968 1370
1747399965413 0.004216467961668968 1370
1747399969383 0.003314671339467168 1380
1747399969385 0.003314671339467168 1380
1747399973410 0.0019082961371168494 1390
1747399973408 0.0019082961371168494 1390
1747399977449 0.0018163406057283282 1400
1747399977448 0.0018163406057283282 1400
1747399981471 0.002072387607768178 1410
1747399981473 0.002072387607768178 1410
1747399985591 11.099331855773926 1420
1747399985591 11.099331855773926 1420
1747399989577 0.0016625261632725596 1430
1747399989579 0.0016625261632725596 1430
1747399993577 0.005939212627708912 1440
1747399993579 0.005939212627708912 1440
1747399997881 0.016864052042365074 1450
1747399997887 0.016864052042365074 1450
1747400002097 0.01067204587161541 1460
1747400002098 0.01067204587161541 1460
1747400006525 0.003996469080448151 1470
1747400006526 0.003996469080448151 1470
1747400010674 0.007332480046898127 1480
1747400010676 0.007332480046898127 1480
1747400014757 0.20072956383228302 1490
1747400014759 0.20072956383228302 1490
1747400018791 0.004550965037196875 1500
1747400018792 0.004550965037196875 1500
1747400022827 0.003927572164684534 1510
1747400022828 0.003927572164684534 1510
1747400027065 0.0029282812029123306 1520
1747400027067 0.0029282812029123306 1520
1747400031393 0.002695929491892457 1530
1747400031395 0.002695929491892457 1530
1747400035947 0.0027692862786352634 1540
1747400035945 0.0027692862786352634 1540
1747400040381 0.0031778698321431875 1550
1747400040382 0.0031778698321431875 1550
1747400044623 0.0020220931619405746 1560
1747400044623 0.0020220931619405746 1560
1747400048713 0.001217667362652719 1570
1747400048714 0.001217667362652719 1570
1747400052737 0.0017145902384072542 1580
1747400052738 0.0017145902384072542 1580
1747400056881 0.002116646384820342 1590
1747400056883 0.002116646384820342 1590
1747400061440 0.0025867915246635675 1600
1747400061437 0.0025867915246635675 1600
1747400066041 0.0022960284259170294 1610
1747400066043 0.0022960284259170294 1610
1747400070274 0.002815015846863389 1620
1747400070276 0.002815015846863389 1620
1747400074720 0.0018059677677229047 1630
1747400074722 0.0018059677677229047 1630
1747400079085 0.0014362061629071832 1640
1747400079087 0.0014362061629071832 1640
1747400083238 0.0018822916317731142 1650
1747400083240 0.0018822916317731142 1650
1747400087954 0.0013301568105816841 1660
1747400087956 0.0013301568105816841 1660
1747400092177 0.0014521373668685555 1670
1747400092179 0.0014521373668685555 1670
1747400096174 0.03164071962237358 1680
1747400096175 0.03164071962237358 1680
1747400100436 0.0017755299340933561 1690
1747400100435 0.0017755299340933561 1690
1747400105192 0.00275393296033144 1700
1747400105194 0.00275393296033144 1700
1747400109379 0.0022671560291200876 1710
1747400109380 0.0022671560291200876 1710
1747400113658 0.0011464953422546387 1720
1747400113661 0.0011464953422546387 1720
1747400118229 0.002299160696566105 1730
1747400118231 0.002299160696566105 1730
1747400122988 0.0014660812448710203 1740
1747400122990 0.0014660812448710203 1740
1747400127511 0.0012332294136285782 1750
1747400127512 0.0012332294136285782 1750
