1747399362390 4.988584474885845e-05 10
1747399362390 4.988584474885845e-05 10
1747399365991 4.977168949771689e-05 20
1747399365993 4.977168949771689e-05 20
1747399369604 4.9657534246575346e-05 30
1747399369604 4.9657534246575346e-05 30
1747399373246 4.9543378995433794e-05 40
1747399373246 4.9543378995433794e-05 40
1747399377032 4.942922374429224e-05 50
1747399377032 4.942922374429224e-05 50
1747399381159 4.9315068493150684e-05 60
1747399381175 4.9315068493150684e-05 60
1747399387851 4.920091324200913e-05 70
1747399387851 4.920091324200913e-05 70
1747399393270 4.908675799086758e-05 80
1747399393268 4.908675799086758e-05 80
1747399396939 4.8972602739726034e-05 90
1747399396939 4.8972602739726034e-05 90
1747399400702 4.8858447488584476e-05 100
1747399400702 4.8858447488584476e-05 100
1747399406628 4.8744292237442924e-05 110
1747399406628 4.8744292237442924e-05 110
1747399410427 4.863013698630137e-05 120
1747399410427 4.863013698630137e-05 120
1747399414219 4.851598173515982e-05 130
1747399414219 4.851598173515982e-05 130
1747399417927 4.840182648401827e-05 140
1747399417927 4.840182648401827e-05 140
1747399421661 4.8287671232876716e-05 150
1747399421676 4.8287671232876716e-05 150
1747399427086 4.8173515981735164e-05 160
1747399427086 4.8173515981735164e-05 160
1747399431008 4.805936073059361e-05 170
1747399431008 4.805936073059361e-05 170
1747399438070 4.794520547945205e-05 180
1747399438070 4.794520547945205e-05 180
1747399441942 4.78310502283105e-05 190
1747399441942 4.78310502283105e-05 190
1747399445836 4.7716894977168955e-05 200
1747399445836 4.7716894977168955e-05 200
1747399449838 4.7602739726027403e-05 210
1747399449838 4.7602739726027403e-05 210
1747399453750 4.7488584474885845e-05 220
1747399453750 4.7488584474885845e-05 220
1747399457541 4.737442922374429e-05 230
1747399457541 4.737442922374429e-05 230
1747399463041 4.726027397260274e-05 240
1747399463041 4.726027397260274e-05 240
1747399468610 4.714611872146119e-05 250
1747399468610 4.714611872146119e-05 250
1747399472407 4.703196347031964e-05 260
1747399472409 4.703196347031964e-05 260
1747399476213 4.6917808219178085e-05 270
1747399476213 4.6917808219178085e-05 270
1747399480048 4.680365296803653e-05 280
1747399480046 4.680365296803653e-05 280
1747399483876 4.668949771689498e-05 290
1747399483876 4.668949771689498e-05 290
1747399487670 4.657534246575342e-05 300
1747399487670 4.657534246575342e-05 300
1747399491521 4.646118721461187e-05 310
1747399491523 4.646118721461187e-05 310
1747399495343 4.6347031963470325e-05 320
1747399495343 4.6347031963470325e-05 320
1747399499258 4.623287671232877e-05 330
1747399499258 4.623287671232877e-05 330
1747399503135 4.6118721461187214e-05 340
1747399503135 4.6118721461187214e-05 340
1747399507030 4.600456621004566e-05 350
1747399507030 4.600456621004566e-05 350
1747399512600 4.589041095890411e-05 360
1747399512600 4.589041095890411e-05 360
1747399516404 4.577625570776256e-05 370
1747399516404 4.577625570776256e-05 370
1747399520248 4.5662100456621006e-05 380
1747399520248 4.5662100456621006e-05 380
1747399524151 4.5547945205479454e-05 390
1747399524153 4.5547945205479454e-05 390
1747399528011 4.54337899543379e-05 400
1747399528011 4.54337899543379e-05 400
1747399533579 4.531963470319635e-05 410
1747399533583 4.531963470319635e-05 410
1747399537388 4.520547945205479e-05 420
1747399537388 4.520547945205479e-05 420
1747399541390 4.5091324200913246e-05 430
1747399541390 4.5091324200913246e-05 430
1747399557637 4.4977168949771694e-05 440
1747399557637 4.4977168949771694e-05 440
1747399561541 4.486301369863014e-05 450
1747399561541 4.486301369863014e-05 450
1747399565420 4.474885844748858e-05 460
1747399565420 4.474885844748858e-05 460
1747399569305 4.463470319634703e-05 470
1747399569306 4.463470319634703e-05 470
1747399573319 4.452054794520548e-05 480
1747399573319 4.452054794520548e-05 480
1747399577207 4.4406392694063934e-05 490
1747399577207 4.4406392694063934e-05 490
1747399581157 4.4292237442922375e-05 500
1747399581157 4.4292237442922375e-05 500
1747399585136 4.417808219178082e-05 510
1747399585138 4.417808219178082e-05 510
1747399589095 4.406392694063927e-05 520
1747399589095 4.406392694063927e-05 520
1747399592992 4.394977168949772e-05 530
1747399592992 4.394977168949772e-05 530
1747399596887 4.383561643835617e-05 540
1747399596887 4.383561643835617e-05 540
1747399601029 4.3721461187214615e-05 550
1747399601029 4.3721461187214615e-05 550
1747399604898 4.360730593607306e-05 560
1747399604898 4.360730593607306e-05 560
1747399608949 4.349315068493151e-05 570
1747399608949 4.349315068493151e-05 570
1747399612780 4.337899543378995e-05 580
1747399612780 4.337899543378995e-05 580
1747399616661 4.32648401826484e-05 590
1747399616661 4.32648401826484e-05 590
1747399620696 4.3150684931506855e-05 600
1747399620696 4.3150684931506855e-05 600
1747399624579 4.30365296803653e-05 610
1747399624579 4.30365296803653e-05 610
1747399628420 4.2922374429223744e-05 620
1747399628420 4.2922374429223744e-05 620
1747399633882 4.280821917808219e-05 630
1747399633882 4.280821917808219e-05 630
1747399637681 4.269406392694064e-05 640
1747399637681 4.269406392694064e-05 640
1747399641546 4.257990867579909e-05 650
1747399641546 4.257990867579909e-05 650
1747399645488 4.2465753424657536e-05 660
1747399645488 4.2465753424657536e-05 660
1747399649446 4.2351598173515984e-05 670
1747399649446 4.2351598173515984e-05 670
1747399653441 4.223744292237443e-05 680
1747399653443 4.223744292237443e-05 680
1747399657373 4.212328767123288e-05 690
1747399657373 4.212328767123288e-05 690
1747399662972 4.200913242009132e-05 700
1747399662972 4.200913242009132e-05 700
1747399668577 4.1894977168949776e-05 710
1747399668577 4.1894977168949776e-05 710
1747399672393 4.1780821917808224e-05 720
1747399672393 4.1780821917808224e-05 720
1747399676375 4.166666666666667e-05 730
1747399676375 4.166666666666667e-05 730
1747399680212 4.155251141552511e-05 740
1747399680212 4.155251141552511e-05 740
1747399684068 4.143835616438356e-05 750
1747399684083 4.143835616438356e-05 750
1747399688011 4.132420091324201e-05 760
1747399688011 4.132420091324201e-05 760
1747399691858 4.121004566210046e-05 770
1747399691858 4.121004566210046e-05 770
1747399695855 4.1095890410958905e-05 780
1747399695855 4.1095890410958905e-05 780
1747399699903 4.098173515981735e-05 790
1747399699903 4.098173515981735e-05 790
1747399703923 4.08675799086758e-05 800
1747399703923 4.08675799086758e-05 800
1747399707879 4.075342465753425e-05 810
1747399707879 4.075342465753425e-05 810
1747399711784 4.063926940639269e-05 820
1747399711784 4.063926940639269e-05 820
1747399715713 4.0525114155251145e-05 830
1747399715713 4.0525114155251145e-05 830
1747399719667 4.041095890410959e-05 840
1747399719668 4.041095890410959e-05 840
1747399723566 4.029680365296804e-05 850
1747399723566 4.029680365296804e-05 850
1747399727422 4.018264840182648e-05 860
1747399727422 4.018264840182648e-05 860
1747399731307 4.006849315068493e-05 870
1747399731307 4.006849315068493e-05 870
1747399747890 3.995433789954338e-05 880
1747399747888 3.995433789954338e-05 880
1747399751945 3.984018264840183e-05 890
1747399751943 3.984018264840183e-05 890
1747399755952 3.9726027397260274e-05 900
1747399755952 3.9726027397260274e-05 900
1747399759933 3.961187214611872e-05 910
1747399759933 3.961187214611872e-05 910
1747399763894 3.949771689497717e-05 920
1747399763894 3.949771689497717e-05 920
1747399769440 3.938356164383562e-05 930
1747399769440 3.938356164383562e-05 930
1747399773435 3.9269406392694066e-05 940
1747399773437 3.9269406392694066e-05 940
1747399777371 3.9155251141552514e-05 950
1747399777375 3.9155251141552514e-05 950
1747399781308 3.904109589041096e-05 960
1747399781308 3.904109589041096e-05 960
1747399785186 3.892694063926941e-05 970
1747399785186 3.892694063926941e-05 970
1747399789038 3.881278538812785e-05 980
1747399789038 3.881278538812785e-05 980
1747399792976 3.86986301369863e-05 990
1747399792976 3.86986301369863e-05 990
1747399796967 3.8584474885844754e-05 1000
1747399796967 3.8584474885844754e-05 1000
1747399800906 3.84703196347032e-05 1010
1747399800906 3.84703196347032e-05 1010
1747399804925 3.8356164383561644e-05 1020
1747399804925 3.8356164383561644e-05 1020
1747399810589 3.824200913242009e-05 1030
1747399810594 3.824200913242009e-05 1030
1747399816191 3.812785388127854e-05 1040
1747399816191 3.812785388127854e-05 1040
1747399820080 3.801369863013699e-05 1050
1747399820080 3.801369863013699e-05 1050
1747399824099 3.7899543378995436e-05 1060
1747399824099 3.7899543378995436e-05 1060
1747399829693 3.7785388127853884e-05 1070
1747399829693 3.7785388127853884e-05 1070
1747399833547 3.767123287671233e-05 1080
1747399833547 3.767123287671233e-05 1080
1747399837512 3.755707762557078e-05 1090
1747399837514 3.755707762557078e-05 1090
1747399841433 3.744292237442922e-05 1100
1747399841433 3.744292237442922e-05 1100
1747399847054 3.7328767123287675e-05 1110
1747399847054 3.7328767123287675e-05 1110
1747399850946 3.7214611872146123e-05 1120
1747399850946 3.7214611872146123e-05 1120
1747399856656 3.710045662100457e-05 1130
1747399856656 3.710045662100457e-05 1130
1747399860549 3.698630136986301e-05 1140
1747399860560 3.698630136986301e-05 1140
1747399864456 3.687214611872146e-05 1150
1747399864463 3.687214611872146e-05 1150
1747399868345 3.675799086757991e-05 1160
1747399868345 3.675799086757991e-05 1160
1747399872320 3.664383561643836e-05 1170
1747399872320 3.664383561643836e-05 1170
1747399876207 3.6529680365296805e-05 1180
1747399876207 3.6529680365296805e-05 1180
1747399880171 3.641552511415525e-05 1190
1747399880171 3.641552511415525e-05 1190
1747399884108 3.63013698630137e-05 1200
1747399884108 3.63013698630137e-05 1200
1747399887955 3.618721461187215e-05 1210
1747399887955 3.618721461187215e-05 1210
1747399891872 3.60730593607306e-05 1220
1747399891872 3.60730593607306e-05 1220
1747399895852 3.5958904109589045e-05 1230
1747399895852 3.5958904109589045e-05 1230
1747399901477 3.584474885844749e-05 1240
1747399901477 3.584474885844749e-05 1240
1747399905320 3.573059360730594e-05 1250
1747399905320 3.573059360730594e-05 1250
1747399909162 3.561643835616438e-05 1260
1747399909162 3.561643835616438e-05 1260
1747399913055 3.550228310502283e-05 1270
1747399913055 3.550228310502283e-05 1270
1747399917170 3.538812785388128e-05 1280
1747399917170 3.538812785388128e-05 1280
1747399921055 3.527397260273973e-05 1290
1747399921055 3.527397260273973e-05 1290
1747399924930 3.5159817351598174e-05 1300
1747399924932 3.5159817351598174e-05 1300
1747399928830 3.504566210045662e-05 1310
1747399928832 3.504566210045662e-05 1310
1747399945211 3.493150684931507e-05 1320
1747399945211 3.493150684931507e-05 1320
1747399949147 3.481735159817352e-05 1330
1747399949147 3.481735159817352e-05 1330
1747399953494 3.4703196347031966e-05 1340
1747399953496 3.4703196347031966e-05 1340
1747399957606 3.4589041095890414e-05 1350
1747399957607 3.4589041095890414e-05 1350
1747399961501 3.447488584474886e-05 1360
1747399961502 3.447488584474886e-05 1360
1747399965412 3.436073059360731e-05 1370
1747399965413 3.436073059360731e-05 1370
1747399969383 3.424657534246575e-05 1380
1747399969385 3.424657534246575e-05 1380
1747399973410 3.41324200913242e-05 1390
1747399973408 3.41324200913242e-05 1390
1747399977449 3.4018264840182654e-05 1400
1747399977448 3.4018264840182654e-05 1400
1747399981471 3.39041095890411e-05 1410
1747399981473 3.39041095890411e-05 1410
1747399985591 3.378995433789954e-05 1420
1747399985591 3.378995433789954e-05 1420
1747399989577 3.367579908675799e-05 1430
1747399989579 3.367579908675799e-05 1430
1747399993577 3.356164383561644e-05 1440
1747399993579 3.356164383561644e-05 1440
1747399997881 3.344748858447489e-05 1450
1747399997887 3.344748858447489e-05 1450
1747400002097 3.3333333333333335e-05 1460
1747400002098 3.3333333333333335e-05 1460
1747400006525 3.321917808219178e-05 1470
1747400006526 3.321917808219178e-05 1470
1747400010674 3.310502283105023e-05 1480
1747400010676 3.310502283105023e-05 1480
1747400014757 3.299086757990868e-05 1490
1747400014759 3.299086757990868e-05 1490
1747400018791 3.287671232876712e-05 1500
1747400018792 3.287671232876712e-05 1500
1747400022827 3.2762557077625575e-05 1510
1747400022828 3.2762557077625575e-05 1510
1747400027065 3.264840182648402e-05 1520
1747400027067 3.264840182648402e-05 1520
1747400031393 3.253424657534247e-05 1530
1747400031395 3.253424657534247e-05 1530
1747400035947 3.242009132420091e-05 1540
1747400035945 3.242009132420091e-05 1540
1747400040381 3.230593607305936e-05 1550
1747400040382 3.230593607305936e-05 1550
1747400044623 3.219178082191781e-05 1560
1747400044623 3.219178082191781e-05 1560
1747400048713 3.207762557077626e-05 1570
1747400048714 3.207762557077626e-05 1570
1747400052737 3.1963470319634704e-05 1580
1747400052738 3.1963470319634704e-05 1580
1747400056881 3.184931506849315e-05 1590
1747400056883 3.184931506849315e-05 1590
1747400061440 3.17351598173516e-05 1600
1747400061437 3.17351598173516e-05 1600
1747400066041 3.162100456621005e-05 1610
1747400066043 3.162100456621005e-05 1610
1747400070274 3.1506849315068496e-05 1620
1747400070276 3.1506849315068496e-05 1620
1747400074720 3.1392694063926944e-05 1630
1747400074722 3.1392694063926944e-05 1630
1747400079085 3.127853881278539e-05 1640
1747400079087 3.127853881278539e-05 1640
1747400083238 3.116438356164384e-05 1650
1747400083240 3.116438356164384e-05 1650
1747400087954 3.105022831050228e-05 1660
1747400087956 3.105022831050228e-05 1660
1747400092177 3.093607305936073e-05 1670
1747400092179 3.093607305936073e-05 1670
1747400096174 3.082191780821918e-05 1680
1747400096175 3.082191780821918e-05 1680
1747400100435 3.070776255707763e-05 1690
1747400100436 3.070776255707763e-05 1690
1747400105192 3.059360730593607e-05 1700
1747400105194 3.059360730593607e-05 1700
1747400109379 3.047945205479452e-05 1710
1747400109380 3.047945205479452e-05 1710
1747400113658 3.036529680365297e-05 1720
1747400113661 3.036529680365297e-05 1720
1747400118229 3.025114155251142e-05 1730
1747400118231 3.025114155251142e-05 1730
1747400122988 3.0136986301369862e-05 1740
1747400122990 3.0136986301369862e-05 1740
1747400127511 3.0022831050228313e-05 1750
1747400127512 3.0022831050228313e-05 1750
