1747399362390 0.6665 10
1747399362390 0.6665 10
1747399365991 0.4297 20
1747399365993 0.4297 20
1747399369604 0.31 30
1747399369604 0.31 30
1747399373246 0.3032 40
1747399373246 0.3032 40
1747399377032 0.1413 50
1747399377032 0.1413 50
1747399381159 0.2078 60
1747399381175 0.2078 60
1747399387851 0.1675 70
1747399387851 0.1675 70
1747399393270 0.0858 80
1747399393268 0.0858 80
1747399396939 0.0964 90
1747399396939 0.0964 90
1747399400702 0.056 100
1747399400702 0.056 100
1747399406628 0.0971 110
1747399406628 0.0971 110
1747399410427 0.1075 120
1747399410427 0.1075 120
1747399414219 0.0155 130
1747399414219 0.0155 130
1747399417927 0.0684 140
1747399417927 0.0684 140
1747399421661 0.0366 150
1747399421676 0.0366 150
1747399427086 0.0502 160
1747399427086 0.0502 160
1747399431008 0.257 170
1747399431008 0.257 170
1747399438070 0.0416 180
1747399438070 0.0416 180
1747399441942 0.0692 190
1747399441942 0.0692 190
1747399445836 0.0813 200
1747399445836 0.0813 200
1747399449838 0.0838 210
1747399449838 0.0838 210
1747399453750 0.073 220
1747399453750 0.073 220
1747399457541 0.092 230
1747399457541 0.092 230
1747399463041 0.0532 240
1747399463041 0.0532 240
1747399468610 0.0707 250
1747399468610 0.0707 250
1747399472407 0.0542 260
1747399472409 0.0542 260
1747399476213 0.0449 270
1747399476213 0.0449 270
1747399480048 0.0493 280
1747399480046 0.0493 280
1747399483876 0.024 290
1747399483876 0.024 290
1747399487670 0.0014 300
1747399487670 0.0014 300
1747399491521 0.1179 310
1747399491523 0.1179 310
1747399495343 0.0233 320
1747399495343 0.0233 320
1747399499258 0.0979 330
1747399499258 0.0979 330
1747399503135 0.0608 340
1747399503135 0.0608 340
1747399507030 0.1222 350
1747399507030 0.1222 350
1747399512600 0.119 360
1747399512600 0.119 360
1747399516404 0.0738 370
1747399516404 0.0738 370
1747399520248 0.065 380
1747399520248 0.065 380
1747399524151 0.0853 390
1747399524153 0.0853 390
1747399528011 0.0444 400
1747399528011 0.0444 400
1747399533579 0.0483 410
1747399533583 0.0483 410
1747399537388 0.023 420
1747399537388 0.023 420
1747399541390 0.007 430
1747399541390 0.007 430
1747399557637 0.0355 440
1747399557637 0.0355 440
1747399561541 0.0006 450
1747399561541 0.0006 450
1747399565420 0.025 460
1747399565420 0.025 460
1747399569305 0.0004 470
1747399569306 0.0004 470
1747399573319 0.0319 480
1747399573319 0.0319 480
1747399577207 0.0006 490
1747399577207 0.0006 490
1747399581157 0.0232 500
1747399581157 0.0232 500
1747399585136 0.0003 510
1747399585138 0.0003 510
1747399589095 0.0003 520
1747399589095 0.0003 520
1747399592992 0.0009 530
1747399592992 0.0009 530
1747399596887 0.0196 540
1747399596887 0.0196 540
1747399601029 0.0789 550
1747399601029 0.0789 550
1747399604898 0.0023 560
1747399604898 0.0023 560
1747399608949 0.0589 570
1747399608949 0.0589 570
1747399612780 0.018 580
1747399612780 0.018 580
1747399616661 0.0006 590
1747399616661 0.0006 590
1747399620696 0.0014 600
1747399620696 0.0014 600
1747399624579 0.006 610
1747399624579 0.006 610
1747399628420 0.0917 620
1747399628420 0.0917 620
1747399633882 0.0499 630
1747399633882 0.0499 630
1747399637681 0.0653 640
1747399637681 0.0653 640
1747399641546 0.0293 650
1747399641546 0.0293 650
1747399645488 0.0011 660
1747399645488 0.0011 660
1747399649446 0.0026 670
1747399649446 0.0026 670
1747399653441 0.0802 680
1747399653443 0.0802 680
1747399657373 0.0319 690
1747399657373 0.0319 690
1747399662972 0.0025 700
1747399662972 0.0025 700
1747399668577 0.0242 710
1747399668577 0.0242 710
1747399672393 0.0004 720
1747399672393 0.0004 720
1747399676375 0.0022 730
1747399676375 0.0022 730
1747399680212 0.0006 740
1747399680212 0.0006 740
1747399684068 0.0668 750
1747399684083 0.0668 750
1747399688011 0.0836 760
1747399688011 0.0836 760
1747399691858 0.0057 770
1747399691858 0.0057 770
1747399695855 0.0026 780
1747399695855 0.0026 780
1747399699903 0.0004 790
1747399699903 0.0004 790
1747399703923 0.0008 800
1747399703923 0.0008 800
1747399707879 0.0357 810
1747399707879 0.0357 810
1747399711784 0.0012 820
1747399711784 0.0012 820
1747399715713 0.0956 830
1747399715713 0.0956 830
1747399719667 0.0449 840
1747399719668 0.0449 840
1747399723566 0.0024 850
1747399723566 0.0024 850
1747399727422 0.002 860
1747399727422 0.002 860
1747399731307 0.0129 870
1747399731307 0.0129 870
1747399747890 0.0007 880
1747399747888 0.0007 880
1747399751943 0.0064 890
1747399751945 0.0064 890
1747399755952 0.0004 900
1747399755952 0.0004 900
1747399759933 0.0006 910
1747399759933 0.0006 910
1747399763894 0.0549 920
1747399763894 0.0549 920
1747399769440 0.0258 930
1747399769440 0.0258 930
1747399773435 0.0007 940
1747399773437 0.0007 940
1747399777371 0.0008 950
1747399777375 0.0008 950
1747399781308 0.0005 960
1747399781308 0.0005 960
1747399785186 0.0005 970
1747399785186 0.0005 970
1747399789038 0.0004 980
1747399789038 0.0004 980
1747399792976 0.0404 990
1747399792976 0.0404 990
1747399796967 0.0003 1000
1747399796967 0.0003 1000
1747399800906 0.0004 1010
1747399800906 0.0004 1010
1747399804925 0.0003 1020
1747399804925 0.0003 1020
1747399810589 0.0111 1030
1747399810594 0.0111 1030
1747399816191 0.0267 1040
1747399816191 0.0267 1040
1747399820080 0.0003 1050
1747399820080 0.0003 1050
1747399824099 0.0283 1060
1747399824099 0.0283 1060
1747399829693 0.0068 1070
1747399833547 0.0002 1080
1747399833547 0.0002 1080
1747399837512 0.0002 1090
1747399837514 0.0002 1090
1747399841433 0.0509 1100
1747399841433 0.0509 1100
1747399847054 0.0002 1110
1747399847054 0.0002 1110
1747399850946 0.0002 1120
1747399850946 0.0002 1120
1747399856656 0.0002 1130
1747399856656 0.0002 1130
1747399860549 0.0003 1140
1747399860560 0.0003 1140
1747399864456 0.0002 1150
1747399864463 0.0002 1150
1747399868345 0.0002 1160
1747399868345 0.0002 1160
1747399872320 0.0001 1170
1747399872320 0.0001 1170
1747399876207 0.0001 1180
1747399876207 0.0001 1180
1747399880171 0.0001 1190
1747399880171 0.0001 1190
1747399884108 0.0023 1200
1747399884108 0.0023 1200
1747399887955 0.0001 1210
1747399887955 0.0001 1210
1747399891872 0.0001 1220
1747399891872 0.0001 1220
1747399895852 0.0001 1230
1747399895852 0.0001 1230
1747399901477 0.0001 1240
1747399901477 0.0001 1240
1747399905320 0.0001 1250
1747399905320 0.0001 1250
1747399909162 0.0001 1260
1747399909162 0.0001 1260
1747399913055 0.0001 1270
1747399913055 0.0001 1270
1747399917170 0.0003 1280
1747399917170 0.0003 1280
1747399921055 0.0517 1290
1747399921055 0.0517 1290
1747399924930 0.0001 1300
1747399924932 0.0001 1300
1747399928830 0.0001 1310
1747399928832 0.0001 1310
1747399945211 0.0002 1320
1747399945211 0.0002 1320
1747399949147 0.0268 1330
1747399949147 0.0268 1330
1747399953494 0.0001 1340
1747399953496 0.0001 1340
1747399957606 0.0002 1350
1747399957607 0.0002 1350
1747399961501 0.0415 1360
1747399961502 0.0415 1360
1747399965412 0.0161 1370
1747399965413 0.0161 1370
1747399969383 0.0001 1380
1747399969385 0.0001 1380
1747399973410 0.004 1390
1747399973408 0.004 1390
1747399977448 0.0001 1400
1747399977449 0.0001 1400
1747399981471 0.0001 1410
1747399981473 0.0001 1410
1747399985591 0.0432 1420
1747399985591 0.0432 1420
1747399989577 0.0001 1430
1747399989579 0.0001 1430
1747399993577 0.0503 1440
1747399993579 0.0503 1440
1747399997881 0.0005 1450
1747399997887 0.0005 1450
1747400002097 0.0005 1460
1747400002098 0.0005 1460
1747400006525 0.0005 1470
1747400006526 0.0005 1470
1747400010674 0.0002 1480
1747400010676 0.0002 1480
1747400014757 0.0003 1490
1747400014759 0.0003 1490
1747400018791 0.0002 1500
1747400018792 0.0002 1500
1747400022827 0.0002 1510
1747400022828 0.0002 1510
1747400027065 0.0001 1520
1747400027067 0.0001 1520
1747400031393 0.0001 1530
1747400031395 0.0001 1530
1747400035947 0.0002 1540
1747400035945 0.0002 1540
1747400040381 0.0001 1550
1747400040382 0.0001 1550
1747400044623 0.0001 1560
1747400044623 0.0001 1560
1747400048713 0.0001 1570
1747400048714 0.0001 1570
1747400052737 0.0001 1580
1747400052738 0.0001 1580
1747400056881 0.0017 1590
1747400056883 0.0017 1590
1747400061440 0.0161 1600
1747400061437 0.0161 1600
1747400066041 0.0281 1610
1747400066043 0.0281 1610
1747400070274 0.0221 1620
1747400070276 0.0221 1620
1747400074720 0.0063 1630
1747400074722 0.0063 1630
1747400079085 0.0001 1640
1747400079087 0.0001 1640
1747400083238 0.0001 1650
1747400083240 0.0001 1650
1747400087954 0.0001 1660
1747400087956 0.0001 1660
1747400092177 0.0688 1670
1747400092179 0.0688 1670
1747400096174 0.0559 1680
1747400096175 0.0559 1680
1747400100435 0.0001 1690
1747400100436 0.0001 1690
1747400105192 0.0001 1700
1747400105194 0.0001 1700
1747400109379 0.0002 1710
1747400109380 0.0002 1710
1747400113658 0.0001 1720
1747400113661 0.0001 1720
1747400118229 0.0001 1730
1747400118231 0.0001 1730
1747400122988 0.0001 1740
1747400122990 0.0001 1740
1747400127511 0.0001 1750
1747400127512 0.0001 1750
