1747234763215 0.11363636363636363 10
1747234763213 0.11363636363636363 10
1747234767616 0.22727272727272727 20
1747234767616 0.22727272727272727 20
1747234771957 0.3409090909090909 30
1747234771957 0.3409090909090909 30
1747234776344 0.45454545454545453 40
1747234776344 0.45454545454545453 40
1747234780982 0.5681818181818182 50
1747234780984 0.5681818181818182 50
1747234785614 0.6818181818181818 60
1747234785615 0.6818181818181818 60
1747234790142 0.7954545454545454 70
1747234790142 0.7954545454545454 70
1747234796234 0.9090909090909091 80
1747234796235 0.9090909090909091 80
1747234802129 1.0 88
1747234802129 1.0 88
1747234804126 1.0227272727272727 90
1747234804126 1.0227272727272727 90
1747234808736 1.1363636363636362 100
1747234808736 1.1363636363636362 100
1747234814820 1.25 110
1747234814821 1.25 110
1747234819250 1.3636363636363638 120
1747234819251 1.3636363636363638 120
1747234823643 1.4772727272727273 130
1747234823643 1.4772727272727273 130
1747234828121 1.5909090909090908 140
1747234828122 1.5909090909090908 140
1747234832569 1.7045454545454546 150
1747234832571 1.7045454545454546 150
1747234837005 1.8181818181818183 160
1747234837006 1.8181818181818183 160
1747234843106 1.9318181818181817 170
1747234843107 1.9318181818181817 170
1747234849569 2.0 176
1747234849570 2.0 176
1747234852616 2.0454545454545454 180
1747234852617 2.0454545454545454 180
1747234856903 2.159090909090909 190
1747234856902 2.159090909090909 190
1747234862819 2.2727272727272725 200
1747234862819 2.2727272727272725 200
1747234867134 2.3863636363636362 210
1747234867136 2.3863636363636362 210
1747234871455 2.5 220
1747234871454 2.5 220
1747234875750 2.6136363636363638 230
1747234875751 2.6136363636363638 230
1747234880036 2.7272727272727275 240
1747234880036 2.7272727272727275 240
1747234884330 2.840909090909091 250
1747234884329 2.840909090909091 250
1747234890231 2.9545454545454546 260
1747234890231 2.9545454545454546 260
1747234894243 3.0 264
1747234894243 3.0 264
1747234897973 3.0681818181818183 270
1747234897973 3.0681818181818183 270
1747234902280 3.1818181818181817 280
1747234902282 3.1818181818181817 280
1747234906561 3.2954545454545454 290
1747234906561 3.2954545454545454 290
1747234912579 3.409090909090909 300
1747234912579 3.409090909090909 300
1747234916875 3.5227272727272725 310
1747234916875 3.5227272727272725 310
1747234921187 3.6363636363636362 320
1747234921187 3.6363636363636362 320
1747234925467 3.75 330
1747234925467 3.75 330
1747234929761 3.8636363636363638 340
1747234929761 3.8636363636363638 340
1747234935700 3.9772727272727275 350
1747234935700 3.9772727272727275 350
1747234938840 4.0 352
1747234938840 4.0 352
1747234943287 4.090909090909091 360
1747234943287 4.090909090909091 360
1747234947582 4.204545454545454 370
1747234947594 4.204545454545454 370
1747234951873 4.318181818181818 380
1747234951875 4.318181818181818 380
1747234956149 4.431818181818182 390
1747234956149 4.431818181818182 390
1747234962063 4.545454545454545 400
1747234962063 4.545454545454545 400
1747234966331 4.659090909090909 410
1747234966331 4.659090909090909 410
1747234972235 4.7727272727272725 420
1747234972235 4.7727272727272725 420
1747234976503 4.886363636363637 430
1747234976503 4.886363636363637 430
1747234980578 5.0 440
1747234980579 5.0 440
1747234983049 5.0 440
1747234983049 5.0 440
1747234983979 5.0 440
1747234983979 5.0 440
