1747234763213 5.818609714508057 10
1747234763215 5.818609714508057 10
1747234767616 6.729345321655273 20
1747234767616 6.729345321655273 20
1747234771957 16.705928802490234 30
1747234771957 16.705928802490234 30
1747234776344 0.1636222004890442 40
1747234776344 0.1636222004890442 40
1747234780982 1.1051181554794312 50
1747234780984 1.1051181554794312 50
1747234785614 26.6124210357666 60
1747234785615 26.6124210357666 60
1747234790142 0.17645752429962158 70
1747234790142 0.17645752429962158 70
1747234796234 0.05756215378642082 80
1747234796235 0.05756215378642082 80
1747234804126 0.04792270064353943 90
1747234804126 0.04792270064353943 90
1747234808736 3.347944498062134 100
1747234808736 3.347944498062134 100
1747234814820 0.08001255989074707 110
1747234814821 0.08001255989074707 110
1747234819250 0.02135363779962063 120
1747234819251 0.02135363779962063 120
1747234823643 0.028680194169282913 130
1747234823643 0.028680194169282913 130
1747234828121 0.019862113520503044 140
1747234828122 0.019862113520503044 140
1747234832569 0.010262327268719673 150
1747234832571 0.010262327268719673 150
1747234837005 0.012390869669616222 160
1747234837006 0.012390869669616222 160
1747234843106 0.15751692652702332 170
1747234843107 0.15751692652702332 170
1747234852616 15.147950172424316 180
1747234852617 15.147950172424316 180
1747234856903 5.134063720703125 190
1747234856902 5.134063720703125 190
1747234862819 0.010728421621024609 200
1747234862819 0.010728421621024609 200
1747234867134 0.006808668375015259 210
1747234867136 0.006808668375015259 210
1747234871455 0.009668895974755287 220
1747234871454 0.009668895974755287 220
1747234875750 0.005729760508984327 230
1747234875751 0.005729760508984327 230
1747234880036 5.050500869750977 240
1747234880036 5.050500869750977 240
1747234884330 0.03714035078883171 250
1747234884329 0.03714035078883171 250
1747234890231 0.011467698030173779 260
1747234890231 0.011467698030173779 260
1747234897973 0.014886360615491867 270
1747234897973 0.014886360615491867 270
1747234902280 0.031020797789096832 280
1747234902282 0.031020797789096832 280
1747234906561 0.020468810573220253 290
1747234906561 0.020468810573220253 290
1747234912579 0.013569969683885574 300
1747234912579 0.013569969683885574 300
1747234916875 0.009325536899268627 310
1747234916875 0.009325536899268627 310
1747234921187 0.008837386965751648 320
1747234921187 0.008837386965751648 320
1747234925467 0.011407850310206413 330
1747234925467 0.011407850310206413 330
1747234929761 0.009527471847832203 340
1747234929761 0.009527471847832203 340
1747234935700 0.005007603205740452 350
1747234935700 0.005007603205740452 350
1747234943287 42.91606521606445 360
1747234943287 42.91606521606445 360
1747234947582 0.005919403862208128 370
1747234947594 0.005919403862208128 370
1747234951873 0.006669309455901384 380
1747234951875 0.006669309455901384 380
1747234956149 0.0054451655596494675 390
1747234956149 0.0054451655596494675 390
1747234962063 0.007069897372275591 400
1747234962063 0.007069897372275591 400
1747234966331 0.004127650521695614 410
1747234966331 0.004127650521695614 410
1747234972235 0.014349556528031826 420
1747234972235 0.014349556528031826 420
1747234976503 0.003654307685792446 430
1747234976503 0.003654307685792446 430
1747234980578 0.018930941820144653 440
1747234980579 0.018930941820144653 440
