1747234763215 9.886363636363637e-05 10
1747234763213 9.886363636363637e-05 10
1747234767616 9.772727272727274e-05 20
1747234767616 9.772727272727274e-05 20
1747234771957 9.65909090909091e-05 30
1747234771957 9.65909090909091e-05 30
1747234776344 9.545454545454546e-05 40
1747234776344 9.545454545454546e-05 40
1747234780982 9.431818181818182e-05 50
1747234780984 9.431818181818182e-05 50
1747234785614 9.318181818181818e-05 60
1747234785615 9.318181818181818e-05 60
1747234790142 9.204545454545454e-05 70
1747234790142 9.204545454545454e-05 70
1747234796234 9.090909090909092e-05 80
1747234796235 9.090909090909092e-05 80
1747234804126 8.977272727272728e-05 90
1747234804126 8.977272727272728e-05 90
1747234808736 8.863636363636364e-05 100
1747234808736 8.863636363636364e-05 100
1747234814820 8.75e-05 110
1747234814821 8.75e-05 110
1747234819250 8.636363636363637e-05 120
1747234819251 8.636363636363637e-05 120
1747234823643 8.522727272727273e-05 130
1747234823643 8.522727272727273e-05 130
1747234828121 8.40909090909091e-05 140
1747234828122 8.40909090909091e-05 140
1747234832569 8.295454545454547e-05 150
1747234832571 8.295454545454547e-05 150
1747234837005 8.181818181818183e-05 160
1747234837006 8.181818181818183e-05 160
1747234843106 8.068181818181818e-05 170
1747234843107 8.068181818181818e-05 170
1747234852616 7.954545454545455e-05 180
1747234852617 7.954545454545455e-05 180
1747234856903 7.840909090909091e-05 190
1747234856902 7.840909090909091e-05 190
1747234862819 7.727272727272727e-05 200
1747234862819 7.727272727272727e-05 200
1747234867134 7.613636363636363e-05 210
1747234867136 7.613636363636363e-05 210
1747234871455 7.500000000000001e-05 220
1747234871454 7.500000000000001e-05 220
1747234875750 7.386363636363637e-05 230
1747234875751 7.386363636363637e-05 230
1747234880036 7.272727272727273e-05 240
1747234880036 7.272727272727273e-05 240
1747234884330 7.15909090909091e-05 250
1747234884329 7.15909090909091e-05 250
1747234890231 7.045454545454546e-05 260
1747234890231 7.045454545454546e-05 260
1747234897973 6.931818181818182e-05 270
1747234897973 6.931818181818182e-05 270
1747234902280 6.818181818181818e-05 280
1747234902282 6.818181818181818e-05 280
1747234906561 6.704545454545455e-05 290
1747234906561 6.704545454545455e-05 290
1747234912579 6.59090909090909e-05 300
1747234912579 6.59090909090909e-05 300
1747234916875 6.477272727272728e-05 310
1747234916875 6.477272727272728e-05 310
1747234921187 6.363636363636364e-05 320
1747234921187 6.363636363636364e-05 320
1747234925467 6.25e-05 330
1747234925467 6.25e-05 330
1747234929761 6.136363636363636e-05 340
1747234929761 6.136363636363636e-05 340
1747234935700 6.022727272727273e-05 350
1747234935700 6.022727272727273e-05 350
1747234943287 5.90909090909091e-05 360
1747234943287 5.90909090909091e-05 360
1747234947582 5.7954545454545464e-05 370
1747234947594 5.7954545454545464e-05 370
1747234951873 5.6818181818181825e-05 380
1747234951875 5.6818181818181825e-05 380
1747234956149 5.568181818181818e-05 390
1747234956149 5.568181818181818e-05 390
1747234962063 5.4545454545454546e-05 400
1747234962063 5.4545454545454546e-05 400
1747234966331 5.340909090909091e-05 410
1747234966331 5.340909090909091e-05 410
1747234972235 5.2272727272727274e-05 420
1747234972235 5.2272727272727274e-05 420
1747234976503 5.1136363636363635e-05 430
1747234976503 5.1136363636363635e-05 430
1747234980578 5e-05 440
1747234980579 5e-05 440
