1747234763213 0.5091 10
1747234763215 0.5091 10
1747234767616 0.3287 20
1747234767616 0.3287 20
1747234771957 0.2089 30
1747234771957 0.2089 30
1747234776344 0.091 40
1747234780982 0.2238 50
1747234780984 0.2238 50
1747234785614 0.1043 60
1747234785615 0.1043 60
1747234790142 0.1391 70
1747234790142 0.1391 70
1747234796234 0.1473 80
1747234796235 0.1473 80
1747234804126 0.0041 90
1747234804126 0.0041 90
1747234808736 0.2964 100
1747234808736 0.2964 100
1747234814820 0.0364 110
1747234814821 0.0364 110
1747234819250 0.0022 120
1747234819251 0.0022 120
1747234823643 0.0033 130
1747234823643 0.0033 130
1747234828121 0.1594 140
1747234828122 0.1594 140
1747234832569 0.0008 150
1747234832571 0.0008 150
1747234837005 0.0831 160
1747234837006 0.0831 160
1747234843106 0.1511 170
1747234843107 0.1511 170
1747234852616 0.014 180
1747234852617 0.014 180
1747234856903 0.117 190
1747234856902 0.117 190
1747234862819 0.0025 200
1747234862819 0.0025 200
1747234867134 0.0012 210
1747234867136 0.0012 210
1747234871455 0.0005 220
1747234871454 0.0005 220
1747234875750 0.0004 230
1747234875751 0.0004 230
1747234880036 0.2556 240
1747234880036 0.2556 240
1747234884330 0.1021 250
1747234884329 0.1021 250
1747234890231 0.0719 260
1747234890231 0.0719 260
1747234897973 0.0064 270
1747234897973 0.0064 270
1747234902280 0.0812 280
1747234902282 0.0812 280
1747234906561 0.0026 290
1747234906561 0.0026 290
1747234912579 0.0008 300
1747234912579 0.0008 300
1747234916875 0.0979 310
1747234916875 0.0979 310
1747234921187 0.0006 320
1747234921187 0.0006 320
1747234925467 0.0005 330
1747234925467 0.0005 330
1747234929761 0.0006 340
1747234929761 0.0006 340
1747234935700 0.0003 350
1747234935700 0.0003 350
1747234943287 0.0034 360
1747234943287 0.0034 360
1747234947594 0.0003 370
1747234947582 0.0003 370
1747234951873 0.051 380
1747234951875 0.051 380
1747234956149 0.0144 390
1747234956149 0.0144 390
1747234962063 0.0003 400
1747234962063 0.0003 400
1747234966331 0.0003 410
1747234966331 0.0003 410
1747234972235 0.0002 420
1747234972235 0.0002 420
1747234976503 0.0293 430
1747234976503 0.0293 430
1747234980578 0.0002 440
1747234980579 0.0002 440
