1747354576337 1.0 7
1747354576337 1.0 7
1747354579679 1.4285714285714286 10
1747354579680 1.4285714285714286 10
1747354581208 2.0 14
1747354581209 2.0 14
1747354587103 2.857142857142857 20
1747354587103 2.857142857142857 20
1747354587516 3.0 21
1747354587517 3.0 21
1747354593902 4.0 28
1747354593901 4.0 28
1747354596586 4.285714285714286 30
1747354596587 4.285714285714286 30
1747354598512 5.0 35
1747354598510 5.0 35
1747354602442 5.714285714285714 40
1747354602443 5.714285714285714 40
1747354603223 6.0 42
1747354603223 6.0 42
1747354609536 7.0 49
1747354609537 7.0 49
1747354612145 7.142857142857143 50
1747354612146 7.142857142857143 50
1747354616049 8.0 56
1747354616050 8.0 56
1747354618126 8.0 56
1747354618126 8.0 56
