1747387656752 0.11235955056179775 10
1747387656752 0.11235955056179775 10
1747387658672 0.2247191011235955 20
1747387658672 0.2247191011235955 20
1747387660603 0.33707865168539325 30
1747387660603 0.33707865168539325 30
1747387662529 0.449438202247191 40
1747387662529 0.449438202247191 40
1747387664455 0.5617977528089888 50
1747387664455 0.5617977528089888 50
1747387666385 0.6741573033707865 60
1747387666385 0.6741573033707865 60
1747387668345 0.7865168539325843 70
1747387668346 0.7865168539325843 70
1747387670297 0.898876404494382 80
1747387670297 0.898876404494382 80
1747387676433 1.0 89
1747387676433 1.0 89
1747387678038 1.0112359550561798 90
1747387678038 1.0112359550561798 90
1747387681063 1.1235955056179776 100
1747387681063 1.1235955056179776 100
1747387683003 1.2359550561797752 110
1747387683003 1.2359550561797752 110
1747387684959 1.348314606741573 120
1747387684959 1.348314606741573 120
1747387686897 1.4606741573033708 130
1747387686897 1.4606741573033708 130
1747387688844 1.5730337078651684 140
1747387688844 1.5730337078651684 140
1747387690768 1.6853932584269664 150
1747387690768 1.6853932584269664 150
1747387692719 1.797752808988764 160
1747387692719 1.797752808988764 160
1747387694644 1.9101123595505618 170
1747387694660 1.9101123595505618 170
1747387698994 2.0 178
1747387698994 2.0 178
1747387700363 2.0224719101123596 180
1747387700363 2.0224719101123596 180
1747387702329 2.134831460674157 190
1747387702329 2.134831460674157 190
1747387704273 2.247191011235955 200
1747387704273 2.247191011235955 200
1747387706220 2.359550561797753 210
1747387706220 2.359550561797753 210
1747387709854 2.4719101123595504 220
1747387709854 2.4719101123595504 220
1747387713429 2.5842696629213484 230
1747387713429 2.5842696629213484 230
1747387715369 2.696629213483146 240
1747387715369 2.696629213483146 240
1747387717323 2.808988764044944 250
1747387717323 2.808988764044944 250
1747387719256 2.9213483146067416 260
1747387719256 2.9213483146067416 260
1747387721759 3.0 267
1747387721759 3.0 267
1747387723236 3.033707865168539 270
1747387723245 3.033707865168539 270
1747387725196 3.146067415730337 280
1747387725196 3.146067415730337 280
1747387727149 3.258426966292135 290
1747387727149 3.258426966292135 290
1747387730762 3.370786516853933 300
1747387730762 3.370786516853933 300
1747387734371 3.4831460674157304 310
1747387734371 3.4831460674157304 310
1747387736305 3.595505617977528 320
1747387736305 3.595505617977528 320
1747387738269 3.7078651685393256 330
1747387738269 3.7078651685393256 330
1747387740283 3.8202247191011236 340
1747387740283 3.8202247191011236 340
1747387742321 3.932584269662921 350
1747387742321 3.932584269662921 350
1747387744736 4.0 356
1747387744736 4.0 356
1747387745918 4.0 356
1747387745918 4.0 356
