1747387656752 1.0540564060211182 10
1747387656752 1.0540564060211182 10
1747387658672 1.84113347530365 20
1747387658672 1.84113347530365 20
1747387660603 1.760045051574707 30
1747387660603 1.760045051574707 30
1747387662529 1.9795368909835815 40
1747387662529 1.9795368909835815 40
1747387664455 2.9389238357543945 50
1747387664455 2.9389238357543945 50
1747387666385 3.484888792037964 60
1747387666385 3.484888792037964 60
1747387668345 3.75937557220459 70
1747387668346 3.75937557220459 70
1747387670297 5.14978551864624 80
1747387670297 5.14978551864624 80
1747387678038 2.337519884109497 90
1747387678038 2.337519884109497 90
1747387681063 4.934258937835693 100
1747387681063 4.934258937835693 100
1747387683003 2.898118019104004 110
1747387683003 2.898118019104004 110
1747387684959 1.791800618171692 120
1747387684959 1.791800618171692 120
1747387686897 7.149906635284424 130
1747387686897 7.149906635284424 130
1747387688844 9.184043884277344 140
1747387688844 9.184043884277344 140
1747387690768 3.817803382873535 150
1747387690768 3.817803382873535 150
1747387692719 3.8634305000305176 160
1747387692719 3.8634305000305176 160
1747387694644 6.463631629943848 170
1747387694660 6.463631629943848 170
1747387700363 2.628361701965332 180
1747387700363 2.628361701965332 180
1747387702329 2.968569040298462 190
1747387702329 2.968569040298462 190
1747387704273 3.27520751953125 200
1747387704273 3.27520751953125 200
1747387706220 0.22582781314849854 210
1747387706220 0.22582781314849854 210
1747387709854 0.24969369173049927 220
1747387709854 0.24969369173049927 220
1747387713429 14.641044616699219 230
1747387713429 14.641044616699219 230
1747387715369 21.938777923583984 240
1747387715369 21.938777923583984 240
1747387717323 7.866129398345947 250
1747387717323 7.866129398345947 250
1747387719256 17.81935691833496 260
1747387719256 17.81935691833496 260
1747387723236 0.06095414236187935 270
1747387723245 0.06095414236187935 270
1747387725196 0.0736607015132904 280
1747387725196 0.0736607015132904 280
1747387727149 0.04689689353108406 290
1747387727149 0.04689689353108406 290
1747387730762 13.264524459838867 300
1747387730762 13.264524459838867 300
1747387734371 0.02843523770570755 310
1747387734371 0.02843523770570755 310
1747387736305 21.732730865478516 320
1747387736305 21.732730865478516 320
1747387738269 0.025221647694706917 330
1747387738269 0.025221647694706917 330
1747387740283 28.455148696899414 340
1747387740283 28.455148696899414 340
1747387742321 0.6506195664405823 350
1747387742321 0.6506195664405823 350
