1747387656752 4.943820224719101e-05 10
1747387656752 4.943820224719101e-05 10
1747387658672 4.8876404494382024e-05 20
1747387658672 4.8876404494382024e-05 20
1747387660603 4.831460674157304e-05 30
1747387660603 4.831460674157304e-05 30
1747387662529 4.7752808988764046e-05 40
1747387662529 4.7752808988764046e-05 40
1747387664455 4.719101123595506e-05 50
1747387664455 4.719101123595506e-05 50
1747387666385 4.662921348314607e-05 60
1747387666385 4.662921348314607e-05 60
1747387668345 4.606741573033708e-05 70
1747387668346 4.606741573033708e-05 70
1747387670297 4.550561797752809e-05 80
1747387670297 4.550561797752809e-05 80
1747387678038 4.4943820224719104e-05 90
1747387678038 4.4943820224719104e-05 90
1747387681063 4.438202247191011e-05 100
1747387681063 4.438202247191011e-05 100
1747387683003 4.3820224719101126e-05 110
1747387683003 4.3820224719101126e-05 110
1747387684959 4.3258426966292134e-05 120
1747387684959 4.3258426966292134e-05 120
1747387686897 4.269662921348315e-05 130
1747387686897 4.269662921348315e-05 130
1747387688844 4.2134831460674156e-05 140
1747387688844 4.2134831460674156e-05 140
1747387690768 4.157303370786517e-05 150
1747387690768 4.157303370786517e-05 150
1747387692719 4.1011235955056184e-05 160
1747387692719 4.1011235955056184e-05 160
1747387694644 4.044943820224719e-05 170
1747387694660 4.044943820224719e-05 170
1747387700363 3.98876404494382e-05 180
1747387700363 3.98876404494382e-05 180
1747387702329 3.9325842696629214e-05 190
1747387702329 3.9325842696629214e-05 190
1747387704273 3.876404494382023e-05 200
1747387704273 3.876404494382023e-05 200
1747387706220 3.8202247191011236e-05 210
1747387706220 3.8202247191011236e-05 210
1747387709854 3.764044943820225e-05 220
1747387709854 3.764044943820225e-05 220
1747387713429 3.7078651685393264e-05 230
1747387713429 3.7078651685393264e-05 230
1747387715369 3.651685393258427e-05 240
1747387715369 3.651685393258427e-05 240
1747387717323 3.595505617977528e-05 250
1747387717323 3.595505617977528e-05 250
1747387719256 3.5393258426966294e-05 260
1747387719256 3.5393258426966294e-05 260
1747387723236 3.483146067415731e-05 270
1747387723245 3.483146067415731e-05 270
1747387725196 3.4269662921348316e-05 280
1747387725196 3.4269662921348316e-05 280
1747387727149 3.370786516853933e-05 290
1747387727149 3.370786516853933e-05 290
1747387730762 3.314606741573034e-05 300
1747387730762 3.314606741573034e-05 300
1747387734371 3.258426966292135e-05 310
1747387734371 3.258426966292135e-05 310
1747387736305 3.202247191011236e-05 320
1747387736305 3.202247191011236e-05 320
1747387738269 3.1460674157303374e-05 330
1747387738269 3.1460674157303374e-05 330
1747387740283 3.089887640449438e-05 340
1747387740283 3.089887640449438e-05 340
1747387742321 3.0337078651685396e-05 350
1747387742321 3.0337078651685396e-05 350
