1747387656752 0.6734 10
1747387656752 0.6734 10
1747387658672 0.5546 20
1747387658672 0.5546 20
1747387660603 0.5382 30
1747387660603 0.5382 30
1747387662529 0.5692 40
1747387662529 0.5692 40
1747387664455 0.4642 50
1747387664455 0.4642 50
1747387666385 0.4735 60
1747387666385 0.4735 60
1747387668345 0.5133 70
1747387668346 0.5133 70
1747387670297 0.4592 80
1747387670297 0.4592 80
1747387678038 0.4339 90
1747387678038 0.4339 90
1747387681063 0.2922 100
1747387681063 0.2922 100
1747387683003 0.3095 110
1747387683003 0.3095 110
1747387684959 0.1858 120
1747387684959 0.1858 120
1747387686897 0.3401 130
1747387686897 0.3401 130
1747387688844 0.2202 140
1747387688844 0.2202 140
1747387690768 0.3503 150
1747387690768 0.3503 150
1747387692719 0.2012 160
1747387692719 0.2012 160
1747387694644 0.2979 170
1747387694660 0.2979 170
1747387700363 0.1916 180
1747387700363 0.1916 180
1747387702329 0.1343 190
1747387702329 0.1343 190
1747387704273 0.0992 200
1747387704273 0.0992 200
1747387706220 0.0607 210
1747387706220 0.0607 210
1747387709854 0.0256 220
1747387709854 0.0256 220
1747387713429 0.1479 230
1747387713429 0.1479 230
1747387715369 0.0969 240
1747387715369 0.0969 240
1747387717323 0.138 250
1747387717323 0.138 250
1747387719256 0.1153 260
1747387719256 0.1153 260
1747387723236 0.0915 270
1747387723245 0.0915 270
1747387725196 0.0109 280
1747387725196 0.0109 280
1747387727149 0.0088 290
1747387727149 0.0088 290
1747387730762 0.0107 300
1747387730762 0.0107 300
1747387734371 0.0224 310
1747387734371 0.0224 310
1747387736305 0.0264 320
1747387736305 0.0264 320
1747387738269 0.0078 330
1747387738269 0.0078 330
1747387740283 0.0122 340
1747387740283 0.0122 340
1747387742321 0.0014 350
1747387742321 0.0014 350
