1746980459630 0.5555555555555556 10
1746980459630 0.5555555555555556 10
1746980495961 1.0 18
1746980495959 1.0 18
1746980509751 1.1111111111111112 20
1746980509751 1.1111111111111112 20
1746980578492 1.6666666666666665 30
1746980578492 1.6666666666666665 30
1746980615537 2.0 36
1746980615538 2.0 36
1746980634639 2.2222222222222223 40
1746980634640 2.2222222222222223 40
1746980678661 2.7777777777777777 50
1746980678661 2.7777777777777777 50
1746980694597 3.0 54
1746980694598 3.0 54
1746980723322 3.3333333333333335 60
1746980723322 3.3333333333333335 60
1746980762751 3.888888888888889 70
1746980762752 3.888888888888889 70
1746980769903 4.0 72
1746980769905 4.0 72
1746980804246 4.444444444444445 80
1746980804246 4.444444444444445 80
1746980840601 5.0 90
1746980840601 5.0 90
1746980841653 5.0 90
1746980841654 5.0 90
1746980877771 5.555555555555555 100
1746980877772 5.555555555555555 100
1746980905540 6.0 108
1746980905541 6.0 108
1746980914958 6.111111111111111 110
1746980914958 6.111111111111111 110
1746980958725 6.666666666666667 120
1746980958725 6.666666666666667 120
1746980982525 7.0 126
1746980982526 7.0 126
1746981000282 7.222222222222222 130
1746981000283 7.222222222222222 130
1746981043058 7.777777777777778 140
1746981043058 7.777777777777778 140
1746981058967 8.0 144
1746981058968 8.0 144
1746981085512 8.333333333333334 150
1746981085512 8.333333333333334 150
1746981125149 8.88888888888889 160
1746981125150 8.88888888888889 160
1746981132225 9.0 162
1746981132226 9.0 162
1746981164339 9.444444444444445 170
1746981164341 9.444444444444445 170
1746981201701 10.0 180
1746981201701 10.0 180
1746981202720 10.0 180
1746981202720 10.0 180
1746981204293 10.0 180
1746981204293 10.0 180
