1746980459630 2.6819686889648438 10
1746980459630 2.6819686889648438 10
1746980509751 5.283774375915527 20
1746980509751 5.283774375915527 20
1746980578492 6.737579345703125 30
1746980578492 6.737579345703125 30
1746980634639 4.024603843688965 40
1746980634640 4.024603843688965 40
1746980678661 1.5593982934951782 50
1746980678661 1.5593982934951782 50
1746980723322 7.611798286437988 60
1746980723322 7.611798286437988 60
1746980762751 4.531776428222656 70
1746980762752 4.531776428222656 70
1746980804246 4.522455215454102 80
1746980804246 4.522455215454102 80
1746980840601 4.220068454742432 90
1746980840601 4.220068454742432 90
1746980877771 20.3602237701416 100
1746980877772 20.3602237701416 100
1746980914958 35.88390350341797 110
1746980914958 35.88390350341797 110
1746980958725 10.828126907348633 120
1746980958725 10.828126907348633 120
1746981000282 5.221000671386719 130
1746981000283 5.221000671386719 130
1746981043058 2.049063205718994 140
1746981043058 2.049063205718994 140
1746981085512 1.276345133781433 150
1746981085512 1.276345133781433 150
1746981125149 0.4613313674926758 160
1746981125150 0.4613313674926758 160
1746981164339 0.3388517498970032 170
1746981164341 0.3388517498970032 170
1746981201701 0.4104469418525696 180
1746981201701 0.4104469418525696 180
