1746980459630 4.722222222222222e-05 10
1746980459630 4.722222222222222e-05 10
1746980509751 4.4444444444444447e-05 20
1746980509751 4.4444444444444447e-05 20
1746980578492 4.166666666666667e-05 30
1746980578492 4.166666666666667e-05 30
1746980634639 3.888888888888889e-05 40
1746980634640 3.888888888888889e-05 40
1746980678661 3.611111111111111e-05 50
1746980678661 3.611111111111111e-05 50
1746980723322 3.3333333333333335e-05 60
1746980723322 3.3333333333333335e-05 60
1746980762751 3.055555555555556e-05 70
1746980762752 3.055555555555556e-05 70
1746980804246 2.777777777777778e-05 80
1746980804246 2.777777777777778e-05 80
1746980840601 2.5e-05 90
1746980840601 2.5e-05 90
1746980877771 2.2222222222222223e-05 100
1746980877772 2.2222222222222223e-05 100
1746980914958 1.9444444444444445e-05 110
1746980914958 1.9444444444444445e-05 110
1746980958725 1.6666666666666667e-05 120
1746980958725 1.6666666666666667e-05 120
1746981000282 1.388888888888889e-05 130
1746981000283 1.388888888888889e-05 130
1746981043058 1.1111111111111112e-05 140
1746981043058 1.1111111111111112e-05 140
1746981085512 8.333333333333334e-06 150
1746981085512 8.333333333333334e-06 150
1746981125149 5.555555555555556e-06 160
1746981125150 5.555555555555556e-06 160
1746981164339 2.777777777777778e-06 170
1746981164341 2.777777777777778e-06 170
1746981201701 0.0 180
1746981201701 0.0 180
