1746980459630 0.6683 10
1746980459630 0.6683 10
1746980509751 0.6011 20
1746980509751 0.6011 20
1746980578492 0.6502 30
1746980578492 0.6502 30
1746980634639 0.5991 40
1746980634640 0.5991 40
1746980678661 0.7006 50
1746980678661 0.7006 50
1746980723322 0.6444 60
1746980723322 0.6444 60
1746980762751 0.6238 70
1746980762752 0.6238 70
1746980804246 0.6336 80
1746980804246 0.6336 80
1746980840601 0.5857 90
1746980840601 0.5857 90
1746980877771 0.5103 100
1746980877772 0.5103 100
1746980914958 0.5341 110
1746980914958 0.5341 110
1746980958725 0.674 120
1746980958725 0.674 120
1746981000282 0.558 130
1746981000283 0.558 130
1746981043058 0.2837 140
1746981043058 0.2837 140
1746981085512 0.1325 150
1746981085512 0.1325 150
1746981125149 0.1048 160
1746981125150 0.1048 160
1746981164339 0.1047 170
1746981164341 0.1047 170
1746981201701 0.0475 180
1746981201701 0.0475 180
