1747371202889 0.11235955056179775 10
1747371202888 0.11235955056179775 10
1747371208490 0.2247191011235955 20
1747371208490 0.2247191011235955 20
1747371212352 0.33707865168539325 30
1747371212352 0.33707865168539325 30
1747371216163 0.449438202247191 40
1747371216163 0.449438202247191 40
1747371219981 0.5617977528089888 50
1747371219982 0.5617977528089888 50
1747371223875 0.6741573033707865 60
1747371223875 0.6741573033707865 60
1747371227704 0.7865168539325843 70
1747371227704 0.7865168539325843 70
1747371233213 0.898876404494382 80
1747371233213 0.898876404494382 80
1747371239041 1.0 89
1747371239041 1.0 89
1747371240824 1.0112359550561798 90
1747371240824 1.0112359550561798 90
1747371244694 1.1235955056179776 100
1747371244694 1.1235955056179776 100
1747371248552 1.2359550561797752 110
1747371248552 1.2359550561797752 110
1747371254027 1.348314606741573 120
1747371254027 1.348314606741573 120
1747371257859 1.4606741573033708 130
1747371257859 1.4606741573033708 130
1747371263366 1.5730337078651684 140
1747371263366 1.5730337078651684 140
1747371268193 1.6853932584269664 150
1747371268193 1.6853932584269664 150
1747371272781 1.797752808988764 160
1747371272783 1.797752808988764 160
1747371276704 1.9101123595505618 170
1747371276706 1.9101123595505618 170
1747371282108 2.0 178
1747371282108 2.0 178
1747371284227 2.0224719101123596 180
1747371284227 2.0224719101123596 180
1747371288106 2.134831460674157 190
1747371288106 2.134831460674157 190
1747371292065 2.247191011235955 200
1747371292065 2.247191011235955 200
1747371296113 2.359550561797753 210
1747371296113 2.359550561797753 210
1747371301690 2.4719101123595504 220
1747371301692 2.4719101123595504 220
1747371305599 2.5842696629213484 230
1747371305600 2.5842696629213484 230
1747371309504 2.696629213483146 240
1747371309504 2.696629213483146 240
1747371313402 2.808988764044944 250
1747371313402 2.808988764044944 250
1747371317275 2.9213483146067416 260
1747371317275 2.9213483146067416 260
1747371322354 3.0 267
1747371322355 3.0 267
1747371325099 3.033707865168539 270
1747371325099 3.033707865168539 270
1747371330581 3.146067415730337 280
1747371330581 3.146067415730337 280
1747371334561 3.258426966292135 290
1747371334563 3.258426966292135 290
1747371338756 3.370786516853933 300
1747371338756 3.370786516853933 300
1747371342684 3.4831460674157304 310
1747371342685 3.4831460674157304 310
1747371346601 3.595505617977528 320
1747371346603 3.595505617977528 320
1747371350529 3.7078651685393256 330
1747371350529 3.7078651685393256 330
1747371354579 3.8202247191011236 340
1747371354579 3.8202247191011236 340
1747371358516 3.932584269662921 350
1747371358516 3.932584269662921 350
1747371363153 4.0 356
1747371363153 4.0 356
1747371366099 4.044943820224719 360
1747371366099 4.044943820224719 360
1747371370074 4.157303370786517 370
1747371370072 4.157303370786517 370
1747371375647 4.269662921348314 380
1747371375647 4.269662921348314 380
1747371381171 4.382022471910112 390
1747371381171 4.382022471910112 390
1747371385039 4.49438202247191 400
1747371385040 4.49438202247191 400
1747371388949 4.606741573033708 410
1747371388949 4.606741573033708 410
1747371394613 4.719101123595506 420
1747371394614 4.719101123595506 420
1747371400232 4.831460674157303 430
1747371400231 4.831460674157303 430
1747371404256 4.943820224719101 440
1747371404257 4.943820224719101 440
1747371408609 5.0 445
1747371408610 5.0 445
1747371412125 5.056179775280899 450
1747371412126 5.056179775280899 450
1747371416084 5.168539325842697 460
1747371416085 5.168539325842697 460
1747371421762 5.280898876404494 470
1747371421763 5.280898876404494 470
1747371425734 5.393258426966292 480
1747371425735 5.393258426966292 480
1747371429693 5.50561797752809 490
1747371429694 5.50561797752809 490
1747371433656 5.617977528089888 500
1747371433657 5.617977528089888 500
1747371437629 5.730337078651686 510
1747371437630 5.730337078651686 510
1747371441615 5.842696629213483 520
1747371441616 5.842696629213483 520
1747371445586 5.955056179775281 530
1747371445587 5.955056179775281 530
1747371449559 6.0 534
1747371449560 6.0 534
1747371453300 6.067415730337078 540
1747371453301 6.067415730337078 540
1747371457305 6.179775280898877 550
1747371457306 6.179775280898877 550
1747371461296 6.292134831460674 560
1747371461297 6.292134831460674 560
1747371465280 6.404494382022472 570
1747371465281 6.404494382022472 570
1747371469252 6.51685393258427 580
1747371469253 6.51685393258427 580
1747371473226 6.629213483146067 590
1747371473227 6.629213483146067 590
1747371477199 6.741573033707866 600
1747371477199 6.741573033707866 600
1747371481168 6.853932584269663 610
1747371481168 6.853932584269663 610
1747371485077 6.966292134831461 620
1747371485077 6.966292134831461 620
1747371488615 7.0 623
1747371488616 7.0 623
1747371490286 7.0 623
1747371490286 7.0 623
