1747371202888 3.8860628604888916 10
1747371202889 3.8860628604888916 10
1747371208490 4.829372406005859 20
1747371208490 4.829372406005859 20
1747371212352 5.95620584487915 30
1747371212352 5.95620584487915 30
1747371216163 4.280477523803711 40
1747371216163 4.280477523803711 40
1747371219981 6.785027980804443 50
1747371219982 6.785027980804443 50
1747371223875 16.86629867553711 60
1747371223875 16.86629867553711 60
1747371227704 14.058183670043945 70
1747371227704 14.058183670043945 70
1747371233213 5.440008640289307 80
1747371233213 5.440008640289307 80
1747371240824 12.15221118927002 90
1747371240824 12.15221118927002 90
1747371244694 8.606160163879395 100
1747371244694 8.606160163879395 100
1747371248552 5.779379844665527 110
1747371248552 5.779379844665527 110
1747371254027 10.829385757446289 120
1747371254027 10.829385757446289 120
1747371257859 7.36472225189209 130
1747371257859 7.36472225189209 130
1747371263366 4.704919815063477 140
1747371263366 4.704919815063477 140
1747371268193 10.713265419006348 150
1747371268193 10.713265419006348 150
1747371272781 14.929704666137695 160
1747371272783 14.929704666137695 160
1747371276704 8.582441329956055 170
1747371276706 8.582441329956055 170
1747371284227 9.341980934143066 180
1747371284227 9.341980934143066 180
1747371288106 14.484456062316895 190
1747371288106 14.484456062316895 190
1747371292065 12.70433235168457 200
1747371292065 12.70433235168457 200
1747371296113 10.812456130981445 210
1747371296113 10.812456130981445 210
1747371301690 4.5746917724609375 220
1747371301692 4.5746917724609375 220
1747371305599 13.700932502746582 230
1747371305600 13.700932502746582 230
1747371309504 13.327187538146973 240
1747371309504 13.327187538146973 240
1747371313402 8.267189979553223 250
1747371313402 8.267189979553223 250
1747371317275 11.665069580078125 260
1747371317275 11.665069580078125 260
1747371325099 4.26215124130249 270
1747371325099 4.26215124130249 270
1747371330581 9.72087287902832 280
1747371330581 9.72087287902832 280
1747371334561 11.420297622680664 290
1747371334563 11.420297622680664 290
1747371338756 13.560229301452637 300
1747371338756 13.560229301452637 300
1747371342684 35.8143196105957 310
1747371342685 35.8143196105957 310
1747371346601 3.337005615234375 320
1747371346603 3.337005615234375 320
1747371350529 11.335044860839844 330
1747371350529 11.335044860839844 330
1747371354579 23.07021141052246 340
1747371354579 23.07021141052246 340
1747371358516 18.46306800842285 350
1747371358516 18.46306800842285 350
1747371366099 3.13801646232605 360
1747371366099 3.13801646232605 360
1747371370074 5.904573917388916 370
1747371370072 5.904573917388916 370
1747371375647 9.806880950927734 380
1747371375647 9.806880950927734 380
1747371381171 1.3623894453048706 390
1747371381171 1.3623894453048706 390
1747371385039 3.759963035583496 400
1747371385040 3.759963035583496 400
1747371388949 1.3429009914398193 410
1747371388949 1.3429009914398193 410
1747371394613 10.969433784484863 420
1747371394614 10.969433784484863 420
1747371400232 24.759817123413086 430
1747371400231 24.759817123413086 430
1747371404256 3.784524440765381 440
1747371404257 3.784524440765381 440
1747371412125 34.19586944580078 450
1747371412126 34.19586944580078 450
1747371416084 50.352394104003906 460
1747371416085 50.352394104003906 460
1747371421762 0.8530727624893188 470
1747371421763 0.8530727624893188 470
1747371425735 24.062822341918945 480
1747371425734 24.062822341918945 480
1747371429693 27.153400421142578 490
1747371429694 27.153400421142578 490
1747371433656 13.021174430847168 500
1747371433657 13.021174430847168 500
1747371437629 25.896488189697266 510
1747371437630 25.896488189697266 510
1747371441615 38.758907318115234 520
1747371441616 38.758907318115234 520
1747371445586 5.135276794433594 530
1747371445587 5.135276794433594 530
1747371453300 4.407395839691162 540
1747371453301 4.407395839691162 540
1747371457305 41.540042877197266 550
1747371457306 41.540042877197266 550
1747371461296 0.3987881541252136 560
1747371461297 0.3987881541252136 560
1747371465280 0.5565823912620544 570
1747371465281 0.5565823912620544 570
1747371469252 3.562725067138672 580
1747371469253 3.562725067138672 580
1747371473226 3.0190634727478027 590
1747371473227 3.0190634727478027 590
1747371477199 0.8407188057899475 600
1747371477199 0.8407188057899475 600
1747371481168 15.494460105895996 610
1747371481168 15.494460105895996 610
1747371485077 2.8178560733795166 620
1747371485077 2.8178560733795166 620
