1747371202888 9.887640449438202e-06 10
1747371202889 9.887640449438202e-06 10
1747371208490 9.775280898876405e-06 20
1747371208490 9.775280898876405e-06 20
1747371212352 9.662921348314608e-06 30
1747371212352 9.662921348314608e-06 30
1747371216163 9.55056179775281e-06 40
1747371216163 9.55056179775281e-06 40
1747371219981 9.438202247191012e-06 50
1747371219982 9.438202247191012e-06 50
1747371223875 9.325842696629213e-06 60
1747371223875 9.325842696629213e-06 60
1747371227704 9.213483146067417e-06 70
1747371227704 9.213483146067417e-06 70
1747371233213 9.101123595505619e-06 80
1747371233213 9.101123595505619e-06 80
1747371240824 8.988764044943822e-06 90
1747371240824 8.988764044943822e-06 90
1747371244694 8.876404494382023e-06 100
1747371244694 8.876404494382023e-06 100
1747371248552 8.764044943820226e-06 110
1747371248552 8.764044943820226e-06 110
1747371254027 8.651685393258428e-06 120
1747371254027 8.651685393258428e-06 120
1747371257859 8.53932584269663e-06 130
1747371257859 8.53932584269663e-06 130
1747371263366 8.426966292134832e-06 140
1747371263366 8.426966292134832e-06 140
1747371268193 8.314606741573035e-06 150
1747371268193 8.314606741573035e-06 150
1747371272781 8.202247191011237e-06 160
1747371272783 8.202247191011237e-06 160
1747371276704 8.08988764044944e-06 170
1747371276706 8.08988764044944e-06 170
1747371284227 7.97752808988764e-06 180
1747371284227 7.97752808988764e-06 180
1747371288106 7.865168539325843e-06 190
1747371288106 7.865168539325843e-06 190
1747371292065 7.752808988764046e-06 200
1747371292065 7.752808988764046e-06 200
1747371296113 7.640449438202247e-06 210
1747371296113 7.640449438202247e-06 210
1747371301690 7.5280898876404495e-06 220
1747371301692 7.5280898876404495e-06 220
1747371305599 7.415730337078652e-06 230
1747371305600 7.415730337078652e-06 230
1747371309504 7.303370786516854e-06 240
1747371309504 7.303370786516854e-06 240
1747371313402 7.191011235955056e-06 250
1747371313402 7.191011235955056e-06 250
1747371317275 7.078651685393258e-06 260
1747371317275 7.078651685393258e-06 260
1747371325099 6.966292134831461e-06 270
1747371325099 6.966292134831461e-06 270
1747371330581 6.853932584269663e-06 280
1747371330581 6.853932584269663e-06 280
1747371334561 6.741573033707865e-06 290
1747371334563 6.741573033707865e-06 290
1747371338756 6.629213483146067e-06 300
1747371338756 6.629213483146067e-06 300
1747371342684 6.51685393258427e-06 310
1747371342685 6.51685393258427e-06 310
1747371346601 6.404494382022472e-06 320
1747371346603 6.404494382022472e-06 320
1747371350529 6.292134831460674e-06 330
1747371350529 6.292134831460674e-06 330
1747371354579 6.179775280898876e-06 340
1747371354579 6.179775280898876e-06 340
1747371358516 6.06741573033708e-06 350
1747371358516 6.06741573033708e-06 350
1747371366099 5.955056179775281e-06 360
1747371366099 5.955056179775281e-06 360
1747371370074 5.842696629213483e-06 370
1747371370072 5.842696629213483e-06 370
1747371375647 5.730337078651685e-06 380
1747371375647 5.730337078651685e-06 380
1747371381171 5.617977528089889e-06 390
1747371381171 5.617977528089889e-06 390
1747371385039 5.50561797752809e-06 400
1747371385040 5.50561797752809e-06 400
1747371388949 5.393258426966292e-06 410
1747371388949 5.393258426966292e-06 410
1747371394613 5.280898876404494e-06 420
1747371394614 5.280898876404494e-06 420
1747371400232 5.168539325842698e-06 430
1747371400231 5.168539325842698e-06 430
1747371404256 5.0561797752809e-06 440
1747371404257 5.0561797752809e-06 440
1747371412125 4.943820224719101e-06 450
1747371412126 4.943820224719101e-06 450
1747371416084 4.831460674157304e-06 460
1747371416085 4.831460674157304e-06 460
1747371421762 4.719101123595506e-06 470
1747371421763 4.719101123595506e-06 470
1747371425734 4.606741573033709e-06 480
1747371425735 4.606741573033709e-06 480
1747371429693 4.494382022471911e-06 490
1747371429694 4.494382022471911e-06 490
1747371433656 4.382022471910113e-06 500
1747371433657 4.382022471910113e-06 500
1747371437629 4.269662921348315e-06 510
1747371437630 4.269662921348315e-06 510
1747371441615 4.157303370786518e-06 520
1747371441616 4.157303370786518e-06 520
1747371445586 4.04494382022472e-06 530
1747371445587 4.04494382022472e-06 530
1747371453300 3.932584269662922e-06 540
1747371453301 3.932584269662922e-06 540
1747371457305 3.820224719101124e-06 550
1747371457306 3.820224719101124e-06 550
1747371461296 3.707865168539326e-06 560
1747371461297 3.707865168539326e-06 560
1747371465280 3.595505617977528e-06 570
1747371465281 3.595505617977528e-06 570
1747371469252 3.4831460674157306e-06 580
1747371469253 3.4831460674157306e-06 580
1747371473226 3.3707865168539327e-06 590
1747371473227 3.3707865168539327e-06 590
1747371477199 3.258426966292135e-06 600
1747371477199 3.258426966292135e-06 600
1747371481168 3.146067415730337e-06 610
1747371481168 3.146067415730337e-06 610
1747371485077 3.03370786516854e-06 620
1747371485077 3.03370786516854e-06 620
