1747371202888 0.6651 10
1747371202889 0.6651 10
1747371208490 0.649 20
1747371208490 0.649 20
1747371212352 0.5933 30
1747371212352 0.5933 30
1747371216163 0.5723 40
1747371216163 0.5723 40
1747371219981 0.5102 50
1747371219982 0.5102 50
1747371223875 0.547 60
1747371223875 0.547 60
1747371227704 0.5437 70
1747371227704 0.5437 70
1747371233213 0.5253 80
1747371233213 0.5253 80
1747371240824 0.4924 90
1747371240824 0.4924 90
1747371244694 0.4428 100
1747371244694 0.4428 100
1747371248552 0.4688 110
1747371248552 0.4688 110
1747371254027 0.3958 120
1747371254027 0.3958 120
1747371257859 0.4038 130
1747371257859 0.4038 130
1747371263366 0.3662 140
1747371263366 0.3662 140
1747371268193 0.4701 150
1747371268193 0.4701 150
1747371272781 0.4381 160
1747371272783 0.4381 160
1747371276704 0.4006 170
1747371276706 0.4006 170
1747371284227 0.314 180
1747371284227 0.314 180
1747371288106 0.2373 190
1747371288106 0.2373 190
1747371292065 0.3737 200
1747371292065 0.3737 200
1747371296113 0.3476 210
1747371296113 0.3476 210
1747371301690 0.3494 220
1747371301692 0.3494 220
1747371305599 0.2307 230
1747371305600 0.2307 230
1747371309504 0.3176 240
1747371309504 0.3176 240
1747371313402 0.2968 250
1747371313402 0.2968 250
1747371317275 0.2692 260
1747371317275 0.2692 260
1747371325099 0.268 270
1747371325099 0.268 270
1747371330581 0.1814 280
1747371330581 0.1814 280
1747371334561 0.248 290
1747371334563 0.248 290
1747371338756 0.2085 300
1747371338756 0.2085 300
1747371342684 0.2347 310
1747371342685 0.2347 310
1747371346601 0.1453 320
1747371346603 0.1453 320
1747371350529 0.2172 330
1747371350529 0.2172 330
1747371354579 0.3513 340
1747371354579 0.3513 340
1747371358516 0.1855 350
1747371358516 0.1855 350
1747371366099 0.2319 360
1747371366099 0.2319 360
1747371370074 0.1208 370
1747371370072 0.1208 370
1747371375647 0.1817 380
1747371375647 0.1817 380
1747371381171 0.1425 390
1747371381171 0.1425 390
1747371385039 0.1606 400
1747371385040 0.1606 400
1747371388949 0.0989 410
1747371388949 0.0989 410
1747371394613 0.1276 420
1747371394614 0.1276 420
1747371400232 0.1696 430
1747371400231 0.1696 430
1747371404256 0.1966 440
1747371404257 0.1966 440
1747371412125 0.1211 450
1747371412126 0.1211 450
1747371416084 0.1011 460
1747371416085 0.1011 460
1747371421762 0.0911 470
1747371421763 0.0911 470
1747371425735 0.0811 480
1747371425734 0.0811 480
1747371429693 0.0629 490
1747371429694 0.0629 490
1747371433656 0.1663 500
1747371433657 0.1663 500
1747371437629 0.1207 510
1747371437630 0.1207 510
1747371441615 0.1616 520
1747371441616 0.1616 520
1747371445586 0.0699 530
1747371445587 0.0699 530
1747371453300 0.0492 540
1747371453301 0.0492 540
1747371457305 0.1083 550
1747371457306 0.1083 550
1747371461296 0.0978 560
1747371461297 0.0978 560
1747371465280 0.0617 570
1747371465281 0.0617 570
1747371469252 0.0615 580
1747371469253 0.0615 580
1747371473226 0.0739 590
1747371473227 0.0739 590
1747371477199 0.1252 600
1747371477199 0.1252 600
1747371481168 0.0642 610
1747371481168 0.0642 610
1747371485077 0.0976 620
1747371485077 0.0976 620
