1747354671260 1.0 7
1747354671261 1.0 7
1747354674543 1.4285714285714286 10
1747354674542 1.4285714285714286 10
1747354676105 2.0 14
1747354676106 2.0 14
1747354680384 2.857142857142857 20
1747354680385 2.857142857142857 20
1747354680789 3.0 21
1747354680788 3.0 21
1747354689426 4.0 28
1747354689427 4.0 28
1747354692319 4.285714285714286 30
1747354692320 4.285714285714286 30
1747354694243 5.0 35
1747354694244 5.0 35
1747354700108 5.714285714285714 40
1747354700112 5.714285714285714 40
1747354701317 6.0 42
1747354701318 6.0 42
1747354708137 7.0 49
1747354708135 7.0 49
1747354710888 7.0 49
1747354710889 7.0 49
