1746975813698 0.5555555555555556 10
1746975813696 0.5555555555555556 10
1746975855501 1.0 18
1746975855502 1.0 18
1746975864840 1.1111111111111112 20
1746975864840 1.1111111111111112 20
1746975901965 1.6666666666666665 30
1746975901966 1.6666666666666665 30
1746975922210 2.0 36
1746975922209 2.0 36
1746975940557 2.2222222222222223 40
1746975940557 2.2222222222222223 40
1746975978475 2.7777777777777777 50
1746975978475 2.7777777777777777 50
1746975992888 3.0 54
1746975992889 3.0 54
1746976018361 3.3333333333333335 60
1746976018361 3.3333333333333335 60
1746976055373 3.888888888888889 70
1746976055373 3.888888888888889 70
1746976062137 4.0 72
1746976062138 4.0 72
1746976091688 4.444444444444445 80
1746976091688 4.444444444444445 80
1746976129547 5.0 90
1746976129547 5.0 90
1746976130568 5.0 90
1746976130569 5.0 90
1746976132381 5.0 90
1746976132381 5.0 90
