1746975813698 4.100954055786133 10
1746975813696 4.100954055786133 10
1746975864840 2.927406072616577 20
1746975864840 2.927406072616577 20
1746975901965 2.3015973567962646 30
1746975901966 2.3015973567962646 30
1746975940557 3.9032142162323 40
1746975940557 3.9032142162323 40
1746975978475 2.125359296798706 50
1746975978475 2.125359296798706 50
1746976018361 1.6888011693954468 60
1746976018361 1.6888011693954468 60
1746976055373 1.610710620880127 70
1746976055373 1.610710620880127 70
1746976091688 2.3453495502471924 80
1746976091688 2.3453495502471924 80
1746976129547 1.5335919857025146 90
1746976129547 1.5335919857025146 90
