1746975813698 4.4444444444444447e-05 10
1746975813696 4.4444444444444447e-05 10
1746975864840 3.888888888888889e-05 20
1746975864840 3.888888888888889e-05 20
1746975901965 3.3333333333333335e-05 30
1746975901966 3.3333333333333335e-05 30
1746975940557 2.777777777777778e-05 40
1746975940557 2.777777777777778e-05 40
1746975978475 2.2222222222222223e-05 50
1746975978475 2.2222222222222223e-05 50
1746976018361 1.6666666666666667e-05 60
1746976018361 1.6666666666666667e-05 60
1746976055373 1.1111111111111112e-05 70
1746976055373 1.1111111111111112e-05 70
1746976091688 5.555555555555556e-06 80
1746976091688 5.555555555555556e-06 80
1746976129547 0.0 90
1746976129547 0.0 90
