1747376544874 0.11235955056179775 10
1747376544874 0.11235955056179775 10
1747376554043 0.2247191011235955 20
1747376554044 0.2247191011235955 20
1747376561590 0.33707865168539325 30
1747376561590 0.33707865168539325 30
1747376570799 0.449438202247191 40
1747376570799 0.449438202247191 40
1747376578317 0.5617977528089888 50
1747376578317 0.5617977528089888 50
1747376585897 0.6741573033707865 60
1747376585897 0.6741573033707865 60
1747376593424 0.7865168539325843 70
1747376593424 0.7865168539325843 70
1747376601003 0.898876404494382 80
1747376601005 0.898876404494382 80
1747376612239 1.0 89
1747376612239 1.0 89
1747376614643 1.0112359550561798 90
1747376614645 1.0112359550561798 90
1747376622375 1.1235955056179776 100
1747376622375 1.1235955056179776 100
1747376631758 1.2359550561797752 110
1747376631758 1.2359550561797752 110
