1747376544874 9.062178611755371 10
1747376544874 9.062178611755371 10
1747376554043 6.159215927124023 20
1747376554044 6.159215927124023 20
1747376561590 8.317750930786133 30
1747376561590 8.317750930786133 30
1747376570799 4.586430549621582 40
1747376570799 4.586430549621582 40
1747376578317 7.163308143615723 50
1747376578317 7.163308143615723 50
1747376585897 5.985989570617676 60
1747376585897 5.985989570617676 60
1747376593424 9.900449752807617 70
1747376593424 9.900449752807617 70
1747376601003 10.692333221435547 80
1747376601005 10.692333221435547 80
1747376614643 9.137728691101074 90
1747376614645 9.137728691101074 90
1747376622375 13.205740928649902 100
1747376622375 13.205740928649902 100
1747376631758 4.409783363342285 110
1747376631758 4.409783363342285 110
