1747376544874 9.887640449438202e-06 10
1747376544874 9.887640449438202e-06 10
1747376554043 9.775280898876405e-06 20
1747376554044 9.775280898876405e-06 20
1747376561590 9.662921348314608e-06 30
1747376561590 9.662921348314608e-06 30
1747376570799 9.55056179775281e-06 40
1747376570799 9.55056179775281e-06 40
1747376578317 9.438202247191012e-06 50
1747376578317 9.438202247191012e-06 50
1747376585897 9.325842696629213e-06 60
1747376585897 9.325842696629213e-06 60
1747376593424 9.213483146067417e-06 70
1747376593424 9.213483146067417e-06 70
1747376601003 9.101123595505619e-06 80
1747376601005 9.101123595505619e-06 80
1747376614643 8.988764044943822e-06 90
1747376614645 8.988764044943822e-06 90
1747376622375 8.876404494382023e-06 100
1747376622375 8.876404494382023e-06 100
1747376631758 8.764044943820226e-06 110
1747376631758 8.764044943820226e-06 110
