1747376544874 0.7125 10
1747376544874 0.7125 10
1747376554043 0.5962 20
1747376554044 0.5962 20
1747376561590 0.6214 30
1747376561590 0.6214 30
1747376570799 0.5828 40
1747376570799 0.5828 40
1747376578317 0.5437 50
1747376578317 0.5437 50
1747376585897 0.5186 60
1747376585897 0.5186 60
1747376593424 0.4729 70
1747376593424 0.4729 70
1747376601003 0.4565 80
1747376601005 0.4565 80
1747376614643 0.5444 90
1747376614645 0.5444 90
1747376622375 0.405 100
1747376622375 0.405 100
1747376631758 0.3592 110
1747376631758 0.3592 110
