1747350211492 1.0 5
1747350211492 1.0 5
1747350215247 2.0 10
1747350215246 2.0 10
1747350215485 2.0 10
1747350215488 2.0 10
1747350219037 3.0 15
1747350219038 3.0 15
1747350222721 4.0 20
1747350222721 4.0 20
1747350222793 4.0 20
1747350222794 4.0 20
1747350225120 5.0 25
1747350225120 5.0 25
1747350228206 6.0 30
1747350228206 6.0 30
1747350228278 6.0 30
1747350228278 6.0 30
1747350230430 7.0 35
1747350230431 7.0 35
1747350232616 8.0 40
1747350232618 8.0 40
1747350232695 8.0 40
1747350232696 8.0 40
1747350235251 9.0 45
1747350235249 9.0 45
1747350236888 9.0 45
1747350236889 9.0 45
