1747237149014 0.11363636363636363 10
1747237149015 0.11363636363636363 10
1747237163844 0.22727272727272727 20
1747237163845 0.22727272727272727 20
1747237178954 0.3409090909090909 30
1747237178953 0.3409090909090909 30
1747237193448 0.45454545454545453 40
1747237193450 0.45454545454545453 40
1747237209260 0.5681818181818182 50
1747237209261 0.5681818181818182 50
1747237223434 0.6818181818181818 60
1747237223435 0.6818181818181818 60
1747237238162 0.7954545454545454 70
1747237238163 0.7954545454545454 70
1747237252344 0.9090909090909091 80
1747237252343 0.9090909090909091 80
1747237268589 1.0 88
1747237268588 1.0 88
1747237273324 1.0227272727272727 90
1747237273326 1.0227272727272727 90
1747237288911 1.1363636363636362 100
1747237288912 1.1363636363636362 100
1747237303851 1.25 110
1747237303853 1.25 110
1747237318728 1.3636363636363638 120
1747237318729 1.3636363636363638 120
1747237333908 1.4772727272727273 130
1747237333909 1.4772727272727273 130
1747237348937 1.5909090909090908 140
1747237348937 1.5909090909090908 140
1747237363063 1.7045454545454546 150
1747237363064 1.7045454545454546 150
1747237377210 1.8181818181818183 160
1747237377211 1.8181818181818183 160
1747237391038 1.9318181818181817 170
1747237391039 1.9318181818181817 170
1747237403242 2.0 176
1747237403242 2.0 176
1747237410396 2.0454545454545454 180
1747237410397 2.0454545454545454 180
1747237424651 2.159090909090909 190
1747237424652 2.159090909090909 190
1747237438308 2.2727272727272725 200
1747237438309 2.2727272727272725 200
1747237452658 2.3863636363636362 210
1747237452660 2.3863636363636362 210
1747237466530 2.5 220
1747237466531 2.5 220
1747237480287 2.6136363636363638 230
1747237480288 2.6136363636363638 230
1747237494054 2.7272727272727275 240
1747237494055 2.7272727272727275 240
1747237507687 2.840909090909091 250
1747237507688 2.840909090909091 250
1747237522512 2.9545454545454546 260
1747237522513 2.9545454545454546 260
1747237532356 3.0 264
1747237532357 3.0 264
1747237543991 3.0681818181818183 270
1747237543992 3.0681818181818183 270
1747237558688 3.1818181818181817 280
1747237558689 3.1818181818181817 280
1747237573413 3.2954545454545454 290
1747237573414 3.2954545454545454 290
1747237588393 3.409090909090909 300
1747237588392 3.409090909090909 300
1747237602896 3.5227272727272725 310
1747237602897 3.5227272727272725 310
1747237617391 3.6363636363636362 320
1747237617392 3.6363636363636362 320
1747237632083 3.75 330
1747237632083 3.75 330
1747237647162 3.8636363636363638 340
1747237647162 3.8636363636363638 340
1747237661667 3.9772727272727275 350
1747237661668 3.9772727272727275 350
1747237668473 4.0 352
1747237668472 4.0 352
1747237681254 4.090909090909091 360
1747237681254 4.090909090909091 360
1747237694831 4.204545454545454 370
1747237694832 4.204545454545454 370
1747237709837 4.318181818181818 380
1747237709838 4.318181818181818 380
1747237724220 4.431818181818182 390
1747237724222 4.431818181818182 390
1747237738850 4.545454545454545 400
1747237738851 4.545454545454545 400
1747237753628 4.659090909090909 410
1747237753629 4.659090909090909 410
1747237769173 4.7727272727272725 420
1747237769174 4.7727272727272725 420
1747237785027 4.886363636363637 430
1747237785028 4.886363636363637 430
1747237798305 5.0 440
1747237798304 5.0 440
1747237803421 5.0 440
1747237803422 5.0 440
1747237820018 5.113636363636363 450
1747237820019 5.113636363636363 450
1747237835241 5.2272727272727275 460
1747237835242 5.2272727272727275 460
1747237849936 5.340909090909091 470
1747237849935 5.340909090909091 470
1747237864477 5.454545454545454 480
1747237864478 5.454545454545454 480
1747237880399 5.568181818181818 490
1747237880400 5.568181818181818 490
1747237895271 5.681818181818182 500
1747237895271 5.681818181818182 500
1747237910831 5.795454545454545 510
1747237910832 5.795454545454545 510
1747237927068 5.909090909090909 520
1747237927068 5.909090909090909 520
1747237942943 6.0 528
1747237942945 6.0 528
1747237947529 6.0227272727272725 530
1747237947529 6.0227272727272725 530
1747237961297 6.136363636363637 540
1747237961298 6.136363636363637 540
1747237974971 6.25 550
1747237974972 6.25 550
1747237988782 6.363636363636363 560
1747237988783 6.363636363636363 560
1747238002385 6.4772727272727275 570
1747238002385 6.4772727272727275 570
1747238016561 6.590909090909091 580
1747238016562 6.590909090909091 580
1747238030106 6.704545454545455 590
1747238030107 6.704545454545455 590
1747238043555 6.818181818181818 600
1747238043556 6.818181818181818 600
1747238056920 6.931818181818182 610
1747238056921 6.931818181818182 610
1747238068990 7.0 616
1747238068990 7.0 616
1747238076051 7.045454545454546 620
1747238076052 7.045454545454546 620
1747238090127 7.159090909090909 630
1747238090128 7.159090909090909 630
1747238103562 7.2727272727272725 640
1747238103562 7.2727272727272725 640
1747238116947 7.386363636363637 650
1747238116948 7.386363636363637 650
1747238130355 7.5 660
1747238130356 7.5 660
1747238143716 7.613636363636363 670
1747238157164 7.7272727272727275 680
1747238157163 7.7272727272727275 680
1747238170600 7.840909090909091 690
1747238170601 7.840909090909091 690
1747238184660 7.954545454545455 700
1747238184661 7.954545454545455 700
1747238195279 8.0 704
1747238195280 8.0 704
1747238204761 8.068181818181818 710
1747238204761 8.068181818181818 710
1747238218237 8.181818181818182 720
1747238218238 8.181818181818182 720
1747238231702 8.295454545454545 730
1747238231702 8.295454545454545 730
1747238245144 8.409090909090908 740
1747238245145 8.409090909090908 740
1747238259271 8.522727272727273 750
1747238259271 8.522727272727273 750
1747238272633 8.636363636363637 760
1747238272633 8.636363636363637 760
1747238286006 8.75 770
1747238286007 8.75 770
1747238300809 8.863636363636363 780
1747238300809 8.863636363636363 780
1747238314171 8.977272727272727 790
1747238314171 8.977272727272727 790
1747238320801 9.0 792
1747238320802 9.0 792
1747238333174 9.090909090909092 800
1747238333174 9.090909090909092 800
1747238346574 9.204545454545455 810
1747238346575 9.204545454545455 810
1747238360992 9.318181818181818 820
1747238360993 9.318181818181818 820
1747238374409 9.431818181818182 830
1747238374409 9.431818181818182 830
1747238388368 9.545454545454545 840
1747238388369 9.545454545454545 840
1747238401695 9.659090909090908 850
1747238401695 9.659090909090908 850
1747238414967 9.772727272727273 860
1747238414968 9.772727272727273 860
1747238428306 9.886363636363637 870
1747238428307 9.886363636363637 870
1747238440766 10.0 880
1747238440766 10.0 880
1747238445593 10.0 880
1747238445594 10.0 880
1747238447425 10.0 880
1747238447426 10.0 880
