1747237149014 2.085170030593872 10
1747237149015 2.085170030593872 10
1747237163844 23.935625076293945 20
1747237163845 23.935625076293945 20
1747237178954 2.351487159729004 30
1747237178953 2.351487159729004 30
1747237193448 2.3435702323913574 40
1747237193450 2.3435702323913574 40
1747237209260 3.501373767852783 50
1747237209261 3.501373767852783 50
1747237223434 0.9711580872535706 60
1747237223435 0.9711580872535706 60
1747237238162 7.041772842407227 70
1747237238163 7.041772842407227 70
1747237252344 2.8531556129455566 80
1747237273324 7.500222206115723 90
1747237273326 7.500222206115723 90
1747237288911 2.3185043334960938 100
1747237288912 2.3185043334960938 100
1747237303851 5.04888916015625 110
1747237303853 5.04888916015625 110
1747237318728 9.354371070861816 120
1747237318729 9.354371070861816 120
1747237333908 5.675756931304932 130
1747237333909 5.675756931304932 130
1747237348937 3.0513699054718018 140
1747237348937 3.0513699054718018 140
1747237363063 12.161938667297363 150
1747237363064 12.161938667297363 150
1747237377210 2.380326986312866 160
1747237377211 2.380326986312866 160
1747237391038 3.241919994354248 170
1747237391039 3.241919994354248 170
1747237410396 2.8470616340637207 180
1747237410397 2.8470616340637207 180
1747237424651 4.327566146850586 190
1747237424652 4.327566146850586 190
1747237438308 525.7122192382812 200
1747237438309 525.7122192382812 200
1747237452658 9.828085899353027 210
1747237452660 9.828085899353027 210
1747237466530 36.47563552856445 220
1747237466531 36.47563552856445 220
1747237480287 6.855416297912598 230
1747237480288 6.855416297912598 230
1747237494054 4.75407600402832 240
1747237494055 4.75407600402832 240
1747237507687 1.6539888381958008 250
1747237507688 1.6539888381958008 250
1747237522512 14.827641487121582 260
1747237522513 14.827641487121582 260
1747237543991 91.08753967285156 270
1747237543992 91.08753967285156 270
1747237558688 27.347549438476562 280
1747237558689 27.347549438476562 280
1747237573413 0.7791507244110107 290
1747237573414 0.7791507244110107 290
1747237588393 0.6195372939109802 300
1747237588392 0.6195372939109802 300
1747237602896 1.140500783920288 310
1747237602897 1.140500783920288 310
1747237617391 2.9572556018829346 320
1747237617392 2.9572556018829346 320
1747237632083 4.6176347732543945 330
1747237632083 4.6176347732543945 330
1747237647162 0.6298667192459106 340
1747237647162 0.6298667192459106 340
1747237661667 9.363463401794434 350
1747237661668 9.363463401794434 350
1747237681254 0.5396348237991333 360
1747237681254 0.5396348237991333 360
1747237694831 9.642135620117188 370
1747237694832 9.642135620117188 370
1747237709837 1.6359963417053223 380
1747237709838 1.6359963417053223 380
1747237724220 20.428024291992188 390
1747237724222 20.428024291992188 390
1747237738850 1.5921251773834229 400
1747237738851 1.5921251773834229 400
1747237753628 81.5871353149414 410
1747237753629 81.5871353149414 410
1747237769173 0.7049687504768372 420
1747237769174 0.7049687504768372 420
1747237785027 4.509160041809082 430
1747237785028 4.509160041809082 430
1747237798305 0.4318234622478485 440
1747237798304 0.4318234622478485 440
1747237820018 0.39498621225357056 450
1747237820019 0.39498621225357056 450
1747237835241 5.3282952308654785 460
1747237835242 5.3282952308654785 460
1747237849936 4.557860851287842 470
1747237849935 4.557860851287842 470
1747237864477 3.8529911041259766 480
1747237864478 3.8529911041259766 480
1747237880399 9.189261436462402 490
1747237880400 9.189261436462402 490
1747237895271 9.22605037689209 500
1747237895271 9.22605037689209 500
1747237910831 0.22414416074752808 510
1747237910832 0.22414416074752808 510
1747237927068 16.0117244720459 520
1747237927068 16.0117244720459 520
1747237947529 0.38139334321022034 530
1747237947529 0.38139334321022034 530
1747237961297 0.28354647755622864 540
1747237961298 0.28354647755622864 540
1747237974971 0.4208000898361206 550
1747237974972 0.4208000898361206 550
1747237988782 0.10990558564662933 560
1747237988783 0.10990558564662933 560
1747238002385 0.13175886869430542 570
1747238002385 0.13175886869430542 570
1747238016561 0.1102742925286293 580
1747238016562 0.1102742925286293 580
1747238030106 0.10187864303588867 590
1747238030107 0.10187864303588867 590
1747238043555 4.673011779785156 600
1747238043556 4.673011779785156 600
1747238056920 0.15449285507202148 610
1747238056921 0.15449285507202148 610
1747238076051 0.19724978506565094 620
1747238076052 0.19724978506565094 620
1747238090127 0.10465782880783081 630
1747238090128 0.10465782880783081 630
1747238103562 0.13201196491718292 640
1747238103562 0.13201196491718292 640
1747238116947 0.19153210520744324 650
1747238116948 0.19153210520744324 650
1747238130355 6.058238506317139 660
1747238130356 6.058238506317139 660
1747238143715 0.21237270534038544 670
1747238143716 0.21237270534038544 670
1747238157164 22.42207145690918 680
1747238157163 22.42207145690918 680
1747238170600 0.07356064021587372 690
1747238170601 0.07356064021587372 690
1747238184660 4.8296027183532715 700
1747238184661 4.8296027183532715 700
1747238204761 4.864461421966553 710
1747238204761 4.864461421966553 710
1747238218237 0.2778039276599884 720
1747238218238 0.2778039276599884 720
1747238231702 0.20255273580551147 730
1747238231702 0.20255273580551147 730
1747238245144 0.23566630482673645 740
1747238245145 0.23566630482673645 740
1747238259271 0.1085892990231514 750
1747238259271 0.1085892990231514 750
1747238272633 0.13068446516990662 760
1747238272633 0.13068446516990662 760
1747238286006 0.1411111056804657 770
1747238286007 0.1411111056804657 770
1747238300809 0.07830210775136948 780
1747238300809 0.07830210775136948 780
1747238314171 0.0732831060886383 790
1747238314171 0.0732831060886383 790
1747238333174 0.13846969604492188 800
1747238333174 0.13846969604492188 800
1747238346574 4.018854141235352 810
1747238346575 4.018854141235352 810
1747238360992 0.1791493445634842 820
1747238360993 0.1791493445634842 820
1747238374409 0.515545666217804 830
1747238374409 0.515545666217804 830
1747238388368 0.0913512110710144 840
1747238388369 0.0913512110710144 840
1747238401695 0.608360230922699 850
1747238401695 0.608360230922699 850
1747238414967 0.09172550588846207 860
1747238414968 0.09172550588846207 860
1747238428306 0.09496965259313583 870
1747238428307 0.09496965259313583 870
1747238440766 22.337018966674805 880
1747238440766 22.337018966674805 880
