1747237149014 9.886363636363637e-05 10
1747237149015 9.886363636363637e-05 10
1747237163844 9.772727272727274e-05 20
1747237163845 9.772727272727274e-05 20
1747237178954 9.65909090909091e-05 30
1747237178953 9.65909090909091e-05 30
1747237193448 9.545454545454546e-05 40
1747237193450 9.545454545454546e-05 40
1747237209260 9.431818181818182e-05 50
1747237209261 9.431818181818182e-05 50
1747237223434 9.318181818181818e-05 60
1747237223435 9.318181818181818e-05 60
1747237238162 9.204545454545454e-05 70
1747237238163 9.204545454545454e-05 70
1747237252344 9.090909090909092e-05 80
1747237252343 9.090909090909092e-05 80
1747237273324 8.977272727272728e-05 90
1747237273326 8.977272727272728e-05 90
1747237288911 8.863636363636364e-05 100
1747237288912 8.863636363636364e-05 100
1747237303851 8.75e-05 110
1747237303853 8.75e-05 110
1747237318728 8.636363636363637e-05 120
1747237318729 8.636363636363637e-05 120
1747237333908 8.522727272727273e-05 130
1747237333909 8.522727272727273e-05 130
1747237348937 8.40909090909091e-05 140
1747237348937 8.40909090909091e-05 140
1747237363063 8.295454545454547e-05 150
1747237363064 8.295454545454547e-05 150
1747237377210 8.181818181818183e-05 160
1747237377211 8.181818181818183e-05 160
1747237391038 8.068181818181818e-05 170
1747237391039 8.068181818181818e-05 170
1747237410396 7.954545454545455e-05 180
1747237410397 7.954545454545455e-05 180
1747237424651 7.840909090909091e-05 190
1747237424652 7.840909090909091e-05 190
1747237438308 7.727272727272727e-05 200
1747237438309 7.727272727272727e-05 200
1747237452658 7.613636363636363e-05 210
1747237452660 7.613636363636363e-05 210
1747237466530 7.500000000000001e-05 220
1747237466531 7.500000000000001e-05 220
1747237480287 7.386363636363637e-05 230
1747237480288 7.386363636363637e-05 230
1747237494054 7.272727272727273e-05 240
1747237494055 7.272727272727273e-05 240
1747237507687 7.15909090909091e-05 250
1747237507688 7.15909090909091e-05 250
1747237522512 7.045454545454546e-05 260
1747237522513 7.045454545454546e-05 260
1747237543991 6.931818181818182e-05 270
1747237543992 6.931818181818182e-05 270
1747237558688 6.818181818181818e-05 280
1747237558689 6.818181818181818e-05 280
1747237573413 6.704545454545455e-05 290
1747237573414 6.704545454545455e-05 290
1747237588393 6.59090909090909e-05 300
1747237588392 6.59090909090909e-05 300
1747237602896 6.477272727272728e-05 310
1747237602897 6.477272727272728e-05 310
1747237617391 6.363636363636364e-05 320
1747237617392 6.363636363636364e-05 320
1747237632083 6.25e-05 330
1747237632083 6.25e-05 330
1747237647162 6.136363636363636e-05 340
1747237647162 6.136363636363636e-05 340
1747237661667 6.022727272727273e-05 350
1747237661668 6.022727272727273e-05 350
1747237681254 5.90909090909091e-05 360
1747237681254 5.90909090909091e-05 360
1747237694831 5.7954545454545464e-05 370
1747237694832 5.7954545454545464e-05 370
1747237709837 5.6818181818181825e-05 380
1747237709838 5.6818181818181825e-05 380
1747237724220 5.568181818181818e-05 390
1747237724222 5.568181818181818e-05 390
1747237738850 5.4545454545454546e-05 400
1747237738851 5.4545454545454546e-05 400
1747237753628 5.340909090909091e-05 410
1747237753629 5.340909090909091e-05 410
1747237769173 5.2272727272727274e-05 420
1747237769174 5.2272727272727274e-05 420
1747237785027 5.1136363636363635e-05 430
1747237785028 5.1136363636363635e-05 430
1747237798305 5e-05 440
1747237798304 5e-05 440
1747237820018 4.886363636363637e-05 450
1747237820019 4.886363636363637e-05 450
1747237835241 4.772727272727273e-05 460
1747237835242 4.772727272727273e-05 460
1747237849936 4.659090909090909e-05 470
1747237849935 4.659090909090909e-05 470
1747237864477 4.545454545454546e-05 480
1747237864478 4.545454545454546e-05 480
1747237880399 4.431818181818182e-05 490
1747237880400 4.431818181818182e-05 490
1747237895271 4.318181818181819e-05 500
1747237895271 4.318181818181819e-05 500
1747237910831 4.204545454545455e-05 510
1747237910832 4.204545454545455e-05 510
1747237927068 4.0909090909090915e-05 520
1747237927068 4.0909090909090915e-05 520
1747237947529 3.9772727272727275e-05 530
1747237947529 3.9772727272727275e-05 530
1747237961297 3.8636363636363636e-05 540
1747237961298 3.8636363636363636e-05 540
1747237974971 3.7500000000000003e-05 550
1747237974972 3.7500000000000003e-05 550
1747237988782 3.6363636363636364e-05 560
1747237988783 3.6363636363636364e-05 560
1747238002385 3.522727272727273e-05 570
1747238002385 3.522727272727273e-05 570
1747238016561 3.409090909090909e-05 580
1747238016562 3.409090909090909e-05 580
1747238030106 3.295454545454545e-05 590
1747238030107 3.295454545454545e-05 590
1747238043555 3.181818181818182e-05 600
1747238043556 3.181818181818182e-05 600
1747238056920 3.068181818181818e-05 610
1747238056921 3.068181818181818e-05 610
1747238076051 2.954545454545455e-05 620
1747238076052 2.954545454545455e-05 620
1747238090127 2.8409090909090912e-05 630
1747238090128 2.8409090909090912e-05 630
1747238103562 2.7272727272727273e-05 640
1747238103562 2.7272727272727273e-05 640
1747238116947 2.6136363636363637e-05 650
1747238116948 2.6136363636363637e-05 650
1747238130355 2.5e-05 660
1747238130356 2.5e-05 660
1747238143715 2.3863636363636365e-05 670
1747238143716 2.3863636363636365e-05 670
1747238157164 2.272727272727273e-05 680
1747238157163 2.272727272727273e-05 680
1747238170600 2.1590909090909093e-05 690
1747238170601 2.1590909090909093e-05 690
1747238184660 2.0454545454545457e-05 700
1747238184661 2.0454545454545457e-05 700
1747238204761 1.9318181818181818e-05 710
1747238204761 1.9318181818181818e-05 710
1747238218237 1.8181818181818182e-05 720
1747238218238 1.8181818181818182e-05 720
1747238231702 1.7045454545454546e-05 730
1747238231702 1.7045454545454546e-05 730
1747238245144 1.590909090909091e-05 740
1747238245145 1.590909090909091e-05 740
1747238259271 1.4772727272727274e-05 750
1747238259271 1.4772727272727274e-05 750
1747238272633 1.3636363636363637e-05 760
1747238272633 1.3636363636363637e-05 760
1747238286006 1.25e-05 770
1747238286007 1.25e-05 770
1747238300809 1.1363636363636365e-05 780
1747238300809 1.1363636363636365e-05 780
1747238314171 1.0227272727272729e-05 790
1747238314171 1.0227272727272729e-05 790
1747238333174 9.090909090909091e-06 800
1747238333174 9.090909090909091e-06 800
1747238346574 7.954545454545455e-06 810
1747238346575 7.954545454545455e-06 810
1747238360992 6.818181818181818e-06 820
1747238360993 6.818181818181818e-06 820
1747238374409 5.681818181818182e-06 830
1747238374409 5.681818181818182e-06 830
1747238388368 4.5454545454545455e-06 840
1747238388369 4.5454545454545455e-06 840
1747238401695 3.409090909090909e-06 850
1747238401695 3.409090909090909e-06 850
1747238414967 2.2727272727272728e-06 860
1747238414968 2.2727272727272728e-06 860
1747238428306 1.1363636363636364e-06 870
1747238428307 1.1363636363636364e-06 870
1747238440766 0.0 880
1747238440766 0.0 880
