1747237149014 0.6658 10
1747237149015 0.6658 10
1747237163844 0.4378 20
1747237163845 0.4378 20
1747237178954 0.5871 30
1747237178953 0.5871 30
1747237193448 0.3279 40
1747237193450 0.3279 40
1747237209260 0.3105 50
1747237209261 0.3105 50
1747237223434 0.4949 60
1747237223435 0.4949 60
1747237238162 0.7727 70
1747237238163 0.7727 70
1747237252343 0.706 80
1747237252344 0.706 80
1747237273324 0.6688 90
1747237273326 0.6688 90
1747237288911 0.7268 100
1747237288912 0.7268 100
1747237303851 0.7425 110
1747237303853 0.7425 110
1747237318728 0.7535 120
1747237318729 0.7535 120
1747237333908 0.7139 130
1747237333909 0.7139 130
1747237348937 0.6976 140
1747237348937 0.6976 140
1747237363063 0.7206 150
1747237363064 0.7206 150
1747237377210 0.69 160
1747237377211 0.69 160
1747237391038 0.6626 170
1747237391039 0.6626 170
1747237410396 0.7345 180
1747237410397 0.7345 180
1747237424651 0.6888 190
1747237424652 0.6888 190
1747237438308 0.6273 200
1747237438309 0.6273 200
1747237452658 1.116 210
1747237452660 1.116 210
1747237466530 0.6431 220
1747237466531 0.6431 220
1747237480287 0.4966 230
1747237480288 0.4966 230
1747237494054 0.3406 240
1747237494055 0.3406 240
1747237507687 0.2117 250
1747237507688 0.2117 250
1747237522512 0.4586 260
1747237522513 0.4586 260
1747237543991 0.2993 270
1747237543992 0.2993 270
1747237558688 0.4466 280
1747237558689 0.4466 280
1747237573413 0.2644 290
1747237573414 0.2644 290
1747237588393 0.1816 300
1747237588392 0.1816 300
1747237602896 0.4027 310
1747237602897 0.4027 310
1747237617391 0.4188 320
1747237617392 0.4188 320
1747237632083 0.1956 330
1747237632083 0.1956 330
1747237647162 0.2107 340
1747237647162 0.2107 340
1747237661667 0.1798 350
1747237661668 0.1798 350
1747237681254 0.2617 360
1747237681254 0.2617 360
1747237694831 0.5829 370
1747237694832 0.5829 370
1747237709837 0.4055 380
1747237709838 0.4055 380
1747237724220 0.701 390
1747237724222 0.701 390
1747237738850 0.8985 400
1747237738851 0.8985 400
1747237753628 0.1037 410
1747237753629 0.1037 410
1747237769173 0.1264 420
1747237769174 0.1264 420
1747237785027 0.2575 430
1747237785028 0.2575 430
1747237798305 0.2641 440
1747237798304 0.2641 440
1747237820018 0.2303 450
1747237820019 0.2303 450
1747237835241 0.0732 460
1747237835242 0.0732 460
1747237849936 0.2561 470
1747237849935 0.2561 470
1747237864477 0.1663 480
1747237864478 0.1663 480
1747237880399 0.3195 490
1747237880400 0.3195 490
1747237895271 0.4755 500
1747237895271 0.4755 500
1747237910831 0.0951 510
1747237910832 0.0951 510
1747237927068 0.1336 520
1747237927068 0.1336 520
1747237947529 0.1786 530
1747237947529 0.1786 530
1747237961297 0.0661 540
1747237961298 0.0661 540
1747237974971 0.1199 550
1747237974972 0.1199 550
1747237988782 0.1238 560
1747237988783 0.1238 560
1747238002385 0.0061 570
1747238002385 0.0061 570
1747238016561 0.0115 580
1747238016562 0.0115 580
1747238030106 0.1569 590
1747238030107 0.1569 590
1747238043555 0.3223 600
1747238043556 0.3223 600
1747238056920 0.1446 610
1747238056921 0.1446 610
1747238076051 0.0686 620
1747238076052 0.0686 620
1747238090127 0.0642 630
1747238090128 0.0642 630
1747238103562 0.0886 640
1747238103562 0.0886 640
1747238116947 0.1871 650
1747238116948 0.1871 650
1747238130355 0.0838 660
1747238130356 0.0838 660
1747238143715 0.088 670
1747238143716 0.088 670
1747238157164 0.0905 680
1747238157163 0.0905 680
1747238170600 0.0266 690
1747238170601 0.0266 690
1747238184660 0.2521 700
1747238184661 0.2521 700
1747238204761 0.2754 710
1747238204761 0.2754 710
1747238218237 0.0077 720
1747238218238 0.0077 720
1747238231702 0.1103 730
1747238231702 0.1103 730
1747238245144 0.0137 740
1747238245145 0.0137 740
1747238259271 0.0555 750
1747238259271 0.0555 750
1747238272633 0.0686 760
1747238272633 0.0686 760
1747238286006 0.0034 770
1747238286007 0.0034 770
1747238300809 0.1324 780
1747238300809 0.1324 780
1747238314171 0.0709 790
1747238314171 0.0709 790
1747238333174 0.0765 800
1747238333174 0.0765 800
1747238346574 0.0268 810
1747238346575 0.0268 810
1747238360992 0.0032 820
1747238360993 0.0032 820
1747238374409 0.1081 830
1747238374409 0.1081 830
1747238388368 0.0064 840
1747238388369 0.0064 840
1747238401695 0.0047 850
1747238401695 0.0047 850
1747238414967 0.0265 860
1747238414968 0.0265 860
1747238428306 0.0049 870
1747238428307 0.0049 870
1747238440766 0.2908 880
1747238440766 0.2908 880
