1747389119894 0.10638297872340426 10
1747389119894 0.10638297872340426 10
1747389123396 0.2127659574468085 20
1747389123396 0.2127659574468085 20
1747389125285 0.3191489361702128 30
1747389125285 0.3191489361702128 30
1747389127169 0.425531914893617 40
1747389127169 0.425531914893617 40
1747389129078 0.5319148936170213 50
1747389129078 0.5319148936170213 50
1747389130966 0.6382978723404256 60
1747389130966 0.6382978723404256 60
1747389134499 0.7446808510638298 70
1747389134499 0.7446808510638298 70
1747389136391 0.851063829787234 80
1747389136391 0.851063829787234 80
1747389139666 0.9574468085106383 90
1747389139682 0.9574468085106383 90
1747389141968 1.0 94
1747389141968 1.0 94
1747389144014 1.0638297872340425 100
1747389144014 1.0638297872340425 100
1747389145914 1.1702127659574468 110
1747389145914 1.1702127659574468 110
1747389147822 1.2765957446808511 120
1747389147822 1.2765957446808511 120
1747389149713 1.3829787234042552 130
1747389149713 1.3829787234042552 130
1747389151628 1.4893617021276595 140
1747389151630 1.4893617021276595 140
1747389155143 1.5957446808510638 150
1747389155143 1.5957446808510638 150
1747389157063 1.702127659574468 160
1747389157063 1.702127659574468 160
1747389160637 1.8085106382978724 170
1747389160637 1.8085106382978724 170
1747389164154 1.9148936170212765 180
1747389164156 1.9148936170212765 180
1747389166882 2.0 188
1747389166882 2.0 188
1747389168206 2.021276595744681 190
1747389168206 2.021276595744681 190
1747389170167 2.127659574468085 200
1747389170167 2.127659574468085 200
1747389174230 2.2340425531914896 210
1747389174230 2.2340425531914896 210
1747389177279 2.3404255319148937 220
1747389177279 2.3404255319148937 220
1747389179182 2.4468085106382977 230
1747389179182 2.4468085106382977 230
1747389181145 2.5531914893617023 240
1747389181145 2.5531914893617023 240
1747389183094 2.6595744680851063 250
1747389183094 2.6595744680851063 250
1747389185039 2.7659574468085104 260
1747389185039 2.7659574468085104 260
1747389186986 2.872340425531915 270
1747389186986 2.872340425531915 270
1747389188940 2.978723404255319 280
1747389188942 2.978723404255319 280
1747389190502 3.0 282
1747389190502 3.0 282
1747389193141 3.0851063829787235 290
1747389193141 3.0851063829787235 290
1747389195078 3.1914893617021276 300
1747389195078 3.1914893617021276 300
1747389197027 3.297872340425532 310
1747389197027 3.297872340425532 310
1747389199002 3.404255319148936 320
1747389199002 3.404255319148936 320
1747389202592 3.5106382978723403 330
1747389202594 3.5106382978723403 330
1747389206196 3.617021276595745 340
1747389206196 3.617021276595745 340
1747389208166 3.723404255319149 350
1747389208167 3.723404255319149 350
1747389210130 3.829787234042553 360
1747389210130 3.829787234042553 360
1747389212089 3.9361702127659575 370
1747389212091 3.9361702127659575 370
1747389214435 4.0 376
1747389214437 4.0 376
1747389215434 4.0 376
1747389215434 4.0 376
