1747389119894 2.337129831314087 10
1747389119894 2.337129831314087 10
1747389123396 9.803351402282715 20
1747389123396 9.803351402282715 20
1747389125285 1.3731032609939575 30
1747389125285 1.3731032609939575 30
1747389127169 0.37390992045402527 40
1747389127169 0.37390992045402527 40
1747389129078 2.1586410999298096 50
1747389129078 2.1586410999298096 50
1747389130966 0.08519037067890167 60
1747389130966 0.08519037067890167 60
1747389134499 0.04410623759031296 70
1747389134499 0.04410623759031296 70
1747389136391 0.03134436532855034 80
1747389136391 0.03134436532855034 80
1747389139666 0.9998643398284912 90
1747389139682 0.9998643398284912 90
1747389144014 6.220884799957275 100
1747389144014 6.220884799957275 100
1747389145914 0.015758607536554337 110
1747389145914 0.015758607536554337 110
1747389147822 0.013939579017460346 120
1747389147822 0.013939579017460346 120
1747389149713 0.01275347638875246 130
1747389149713 0.01275347638875246 130
1747389151628 0.010249746032059193 140
1747389151630 0.010249746032059193 140
1747389155143 0.0090953903272748 150
1747389155143 0.0090953903272748 150
1747389157063 0.0095844566822052 160
1747389157063 0.0095844566822052 160
1747389160637 0.0066326386295259 170
1747389160637 0.0066326386295259 170
1747389164154 0.008702089078724384 180
1747389164156 0.008702089078724384 180
1747389168206 0.008367386646568775 190
1747389168206 0.008367386646568775 190
1747389170167 0.005586445797234774 200
1747389170167 0.005586445797234774 200
1747389174230 0.004996235948055983 210
1747389174230 0.004996235948055983 210
1747389177279 0.004679058212786913 220
1747389177279 0.004679058212786913 220
1747389179182 0.00407098513096571 230
1747389179182 0.00407098513096571 230
1747389181145 0.003692002734169364 240
1747389181145 0.003692002734169364 240
1747389183094 0.004193190485239029 250
1747389183094 0.004193190485239029 250
1747389185039 0.005305618047714233 260
1747389185039 0.005305618047714233 260
1747389186986 0.002608582144603133 270
1747389186986 0.002608582144603133 270
1747389188940 0.0030200681649148464 280
1747389188942 0.0030200681649148464 280
1747389193141 0.002902090549468994 290
1747389193141 0.002902090549468994 290
1747389195078 0.0028269346803426743 300
1747389195078 0.0028269346803426743 300
1747389197027 0.0029639066196978092 310
1747389197027 0.0029639066196978092 310
1747389199002 0.002539933193475008 320
1747389199002 0.002539933193475008 320
1747389202592 0.002202607924118638 330
1747389202594 0.002202607924118638 330
1747389206196 0.011731021106243134 340
1747389206196 0.011731021106243134 340
1747389208166 0.0017687774961814284 350
1747389208167 0.0017687774961814284 350
1747389210130 0.002008643466979265 360
1747389210130 0.002008643466979265 360
1747389212089 0.002230018610134721 370
1747389212091 0.002230018610134721 370
