1747389119894 4.946808510638298e-05 10
1747389119894 4.946808510638298e-05 10
1747389123396 4.893617021276596e-05 20
1747389123396 4.893617021276596e-05 20
1747389125285 4.840425531914894e-05 30
1747389125285 4.840425531914894e-05 30
1747389127169 4.787234042553192e-05 40
1747389127169 4.787234042553192e-05 40
1747389129078 4.734042553191489e-05 50
1747389129078 4.734042553191489e-05 50
1747389130966 4.680851063829788e-05 60
1747389130966 4.680851063829788e-05 60
1747389134499 4.627659574468085e-05 70
1747389134499 4.627659574468085e-05 70
1747389136391 4.574468085106383e-05 80
1747389136391 4.574468085106383e-05 80
1747389139666 4.5212765957446815e-05 90
1747389139682 4.5212765957446815e-05 90
1747389144014 4.468085106382979e-05 100
1747389144014 4.468085106382979e-05 100
1747389145914 4.414893617021277e-05 110
1747389145914 4.414893617021277e-05 110
1747389147822 4.3617021276595746e-05 120
1747389147822 4.3617021276595746e-05 120
1747389149713 4.3085106382978725e-05 130
1747389149713 4.3085106382978725e-05 130
1747389151628 4.2553191489361704e-05 140
1747389151630 4.2553191489361704e-05 140
1747389155143 4.2021276595744684e-05 150
1747389155143 4.2021276595744684e-05 150
1747389157063 4.148936170212766e-05 160
1747389157063 4.148936170212766e-05 160
1747389160637 4.095744680851064e-05 170
1747389160637 4.095744680851064e-05 170
1747389164154 4.0425531914893614e-05 180
1747389164156 4.0425531914893614e-05 180
1747389168206 3.9893617021276594e-05 190
1747389168206 3.9893617021276594e-05 190
1747389170167 3.936170212765958e-05 200
1747389170167 3.936170212765958e-05 200
1747389174230 3.882978723404255e-05 210
1747389174230 3.882978723404255e-05 210
1747389177279 3.829787234042553e-05 220
1747389177279 3.829787234042553e-05 220
1747389179182 3.776595744680852e-05 230
1747389179182 3.776595744680852e-05 230
1747389181145 3.723404255319149e-05 240
1747389181145 3.723404255319149e-05 240
1747389183094 3.670212765957447e-05 250
1747389183094 3.670212765957447e-05 250
1747389185039 3.617021276595745e-05 260
1747389185039 3.617021276595745e-05 260
1747389186986 3.563829787234043e-05 270
1747389186986 3.563829787234043e-05 270
1747389188940 3.5106382978723407e-05 280
1747389188942 3.5106382978723407e-05 280
1747389193141 3.4574468085106386e-05 290
1747389193141 3.4574468085106386e-05 290
1747389195078 3.4042553191489365e-05 300
1747389195078 3.4042553191489365e-05 300
1747389197027 3.3510638297872344e-05 310
1747389197027 3.3510638297872344e-05 310
1747389199002 3.2978723404255317e-05 320
1747389199002 3.2978723404255317e-05 320
1747389202592 3.2446808510638296e-05 330
1747389202594 3.2446808510638296e-05 330
1747389206196 3.191489361702128e-05 340
1747389206196 3.191489361702128e-05 340
1747389208166 3.1382978723404254e-05 350
1747389208167 3.1382978723404254e-05 350
1747389210130 3.085106382978723e-05 360
1747389210130 3.085106382978723e-05 360
1747389212089 3.0319148936170216e-05 370
1747389212091 3.0319148936170216e-05 370
