1747389119894 0.5968 10
1747389119894 0.5968 10
1747389123396 0.2226 20
1747389125285 0.1068 30
1747389127169 0.0888 40
1747389127169 0.0888 40
1747389129078 0.1123 50
1747389129078 0.1123 50
1747389130966 0.0213 60
1747389130966 0.0213 60
1747389134499 0.0146 70
1747389134499 0.0146 70
1747389136391 0.0027 80
1747389136391 0.0027 80
1747389139666 0.0168 90
1747389139682 0.0168 90
1747389144014 0.0028 100
1747389144014 0.0028 100
1747389145914 0.0019 110
1747389145914 0.0019 110
1747389147822 0.0008 120
1747389147822 0.0008 120
1747389149713 0.0054 130
1747389149713 0.0054 130
1747389151628 0.0006 140
1747389151630 0.0006 140
1747389155143 0.0007 150
1747389155143 0.0007 150
1747389157063 0.0005 160
1747389157063 0.0005 160
1747389160637 0.0004 170
1747389160637 0.0004 170
1747389164154 0.0005 180
1747389164156 0.0005 180
1747389168206 0.0003 190
1747389168206 0.0003 190
1747389170167 0.0003 200
1747389170167 0.0003 200
1747389174230 0.0003 210
1747389174230 0.0003 210
1747389177279 0.0002 220
1747389177279 0.0002 220
1747389179182 0.0002 230
1747389179182 0.0002 230
1747389181145 0.0002 240
1747389181145 0.0002 240
1747389183094 0.0002 250
1747389183094 0.0002 250
1747389185039 0.0002 260
1747389185039 0.0002 260
1747389186986 0.0002 270
1747389186986 0.0002 270
1747389188940 0.0002 280
1747389188942 0.0002 280
1747389193141 0.0002 290
1747389193141 0.0002 290
1747389195078 0.0001 300
1747389195078 0.0001 300
1747389197027 0.0001 310
1747389197027 0.0001 310
1747389199002 0.0001 320
1747389199002 0.0001 320
1747389202592 0.0001 330
1747389202594 0.0001 330
1747389206196 0.0001 340
1747389206196 0.0001 340
1747389208166 0.0001 350
1747389208167 0.0001 350
1747389210130 0.0001 360
1747389210130 0.0001 360
1747389212089 0.0001 370
1747389212091 0.0001 370
