1747415175106 0.22727272727272727 10
1747415175106 0.22727272727272727 10
1747415179036 0.45454545454545453 20
1747415179036 0.45454545454545453 20
1747415184641 0.6818181818181818 30
1747415184641 0.6818181818181818 30
1747415190302 0.9090909090909091 40
1747415190302 0.9090909090909091 40
1747415192896 1.0 44
1747415192896 1.0 44
1747415197186 1.1363636363636362 50
1747415197186 1.1363636363636362 50
1747415204570 1.3636363636363638 60
1747415204570 1.3636363636363638 60
1747415208577 1.5909090909090908 70
1747415208578 1.5909090909090908 70
1747415212638 1.8181818181818183 80
1747415212638 1.8181818181818183 80
1747415216858 2.0 88
1747415216858 2.0 88
1747415219620 2.0454545454545454 90
1747415219620 2.0454545454545454 90
1747415225239 2.2727272727272725 100
1747415225239 2.2727272727272725 100
1747415229272 2.5 110
1747415229272 2.5 110
1747415233305 2.7272727272727275 120
1747415233305 2.7272727272727275 120
1747415239022 2.9545454545454546 130
1747415239022 2.9545454545454546 130
1747415240873 3.0 132
1747415240874 3.0 132
1747415246531 3.1818181818181817 140
1747415246531 3.1818181818181817 140
1747415253885 3.409090909090909 150
1747415253885 3.409090909090909 150
1747415257906 3.6363636363636362 160
1747415257906 3.6363636363636362 160
1747415262057 3.8636363636363638 170
1747415262073 3.8636363636363638 170
1747415268888 4.0 176
1747415268890 4.0 176
1747415274210 4.090909090909091 180
1747415274212 4.090909090909091 180
1747415279925 4.318181818181818 190
1747415279925 4.318181818181818 190
1747415285661 4.545454545454545 200
1747415285661 4.545454545454545 200
1747415289785 4.7727272727272725 210
1747415289785 4.7727272727272725 210
1747415293720 5.0 220
1747415293720 5.0 220
1747415294916 5.0 220
1747415294916 5.0 220
1747415297026 5.0 220
1747415297028 5.0 220
