1747415175106 12.114819526672363 10
1747415175106 12.114819526672363 10
1747415179036 19.96829605102539 20
1747415179036 19.96829605102539 20
1747415184641 4.241508483886719 30
1747415184641 4.241508483886719 30
1747415190302 20.440174102783203 40
1747415190302 20.440174102783203 40
1747415197186 8.079734802246094 50
1747415197186 8.079734802246094 50
1747415204570 6.110736846923828 60
1747415204570 6.110736846923828 60
1747415208577 11.733948707580566 70
1747415208578 11.733948707580566 70
1747415212638 2.983344554901123 80
1747415212638 2.983344554901123 80
1747415219620 31.64020538330078 90
1747415219620 31.64020538330078 90
1747415225239 22.063859939575195 100
1747415225239 22.063859939575195 100
1747415229272 4.23028039932251 110
1747415229272 4.23028039932251 110
1747415233305 12.836437225341797 120
1747415233305 12.836437225341797 120
1747415239022 0.2638072967529297 130
1747415239022 0.2638072967529297 130
1747415246531 5.55664587020874 140
1747415246531 5.55664587020874 140
1747415253885 20.325870513916016 150
1747415253885 20.325870513916016 150
1747415257906 0.5383633971214294 160
1747415257906 0.5383633971214294 160
1747415262057 1.84122633934021 170
1747415262073 1.84122633934021 170
1747415274210 0.7527866959571838 180
1747415274212 0.7527866959571838 180
1747415279925 27.026870727539062 190
1747415279925 27.026870727539062 190
1747415285661 50.429962158203125 200
1747415285661 50.429962158203125 200
1747415289785 1.7429074048995972 210
1747415289785 1.7429074048995972 210
1747415293720 0.10768234729766846 220
1747415293720 0.10768234729766846 220
