1747415175106 4.886363636363637e-05 10
1747415175106 4.886363636363637e-05 10
1747415179036 4.772727272727273e-05 20
1747415179036 4.772727272727273e-05 20
1747415184641 4.659090909090909e-05 30
1747415184641 4.659090909090909e-05 30
1747415190302 4.545454545454546e-05 40
1747415190302 4.545454545454546e-05 40
1747415197186 4.431818181818182e-05 50
1747415197186 4.431818181818182e-05 50
1747415204570 4.318181818181819e-05 60
1747415204570 4.318181818181819e-05 60
1747415208577 4.204545454545455e-05 70
1747415208578 4.204545454545455e-05 70
1747415212638 4.0909090909090915e-05 80
1747415212638 4.0909090909090915e-05 80
1747415219620 3.9772727272727275e-05 90
1747415219620 3.9772727272727275e-05 90
1747415225239 3.8636363636363636e-05 100
1747415225239 3.8636363636363636e-05 100
1747415229272 3.7500000000000003e-05 110
1747415229272 3.7500000000000003e-05 110
1747415233305 3.6363636363636364e-05 120
1747415233305 3.6363636363636364e-05 120
1747415239022 3.522727272727273e-05 130
1747415239022 3.522727272727273e-05 130
1747415246531 3.409090909090909e-05 140
1747415246531 3.409090909090909e-05 140
1747415253885 3.295454545454545e-05 150
1747415253885 3.295454545454545e-05 150
1747415257906 3.181818181818182e-05 160
1747415257906 3.181818181818182e-05 160
1747415262057 3.068181818181818e-05 170
1747415262073 3.068181818181818e-05 170
1747415274210 2.954545454545455e-05 180
1747415274212 2.954545454545455e-05 180
1747415279925 2.8409090909090912e-05 190
1747415279925 2.8409090909090912e-05 190
1747415285661 2.7272727272727273e-05 200
1747415285661 2.7272727272727273e-05 200
1747415289785 2.6136363636363637e-05 210
1747415289785 2.6136363636363637e-05 210
1747415293720 2.5e-05 220
1747415293720 2.5e-05 220
