1747415175106 0.6113 10
1747415175106 0.6113 10
1747415179036 0.3952 20
1747415179036 0.3952 20
1747415184641 0.2579 30
1747415184641 0.2579 30
1747415190302 0.3672 40
1747415190302 0.3672 40
1747415197186 0.2752 50
1747415197186 0.2752 50
1747415204570 0.2273 60
1747415204570 0.2273 60
1747415208577 0.2773 70
1747415208578 0.2773 70
1747415212638 0.1412 80
1747415212638 0.1412 80
1747415219620 0.2486 90
1747415219620 0.2486 90
1747415225239 0.1446 100
1747415225239 0.1446 100
1747415229272 0.1746 110
1747415229272 0.1746 110
1747415233305 0.2494 120
1747415233305 0.2494 120
1747415239022 0.125 130
1747415239022 0.125 130
1747415246531 0.127 140
1747415246531 0.127 140
1747415253885 0.1007 150
1747415253885 0.1007 150
1747415257906 0.204 160
1747415257906 0.204 160
1747415262057 0.2258 170
1747415262073 0.2258 170
1747415274210 0.1135 180
1747415274212 0.1135 180
1747415279925 0.1995 190
1747415279925 0.1995 190
1747415285661 0.1102 200
1747415285661 0.1102 200
1747415289785 0.0676 210
1747415289785 0.0676 210
1747415293720 0.0724 220
1747415293720 0.0724 220
