1747418196440 0.10638297872340426 10
1747418196436 0.10638297872340426 10
1747418201041 0.2127659574468085 20
1747418201042 0.2127659574468085 20
1747418205238 0.3191489361702128 30
1747418205239 0.3191489361702128 30
1747418209445 0.425531914893617 40
1747418209446 0.425531914893617 40
1747418213843 0.5319148936170213 50
1747418213844 0.5319148936170213 50
1747418218264 0.6382978723404256 60
1747418218264 0.6382978723404256 60
1747418222543 0.7446808510638298 70
1747418222543 0.7446808510638298 70
1747418226826 0.851063829787234 80
1747418226812 0.851063829787234 80
1747418231114 0.9574468085106383 90
1747418231114 0.9574468085106383 90
1747418235294 1.0 94
1747418235294 1.0 94
1747418240527 1.0638297872340425 100
1747418240527 1.0638297872340425 100
1747418244910 1.1702127659574468 110
1747418244911 1.1702127659574468 110
1747418249201 1.2765957446808511 120
1747418249202 1.2765957446808511 120
1747418253496 1.3829787234042552 130
1747418253496 1.3829787234042552 130
1747418257745 1.4893617021276595 140
1747418257745 1.4893617021276595 140
1747418261962 1.5957446808510638 150
1747418261962 1.5957446808510638 150
1747418266229 1.702127659574468 160
1747418266230 1.702127659574468 160
1747418270537 1.8085106382978724 170
1747418270538 1.8085106382978724 170
1747418274862 1.9148936170212765 180
1747418274859 1.9148936170212765 180
1747418280679 2.0 188
1747418280679 2.0 188
1747418285268 2.021276595744681 190
1747418285268 2.021276595744681 190
1747418291236 2.127659574468085 200
1747418291235 2.127659574468085 200
1747418295547 2.2340425531914896 210
1747418295547 2.2340425531914896 210
1747418299897 2.3404255319148937 220
1747418299897 2.3404255319148937 220
1747418304346 2.4468085106382977 230
1747418304348 2.4468085106382977 230
1747418308694 2.5531914893617023 240
1747418308695 2.5531914893617023 240
1747418313063 2.6595744680851063 250
1747418313063 2.6595744680851063 250
1747418317431 2.7659574468085104 260
1747418317431 2.7659574468085104 260
1747418321781 2.872340425531915 270
1747418321781 2.872340425531915 270
1747418326113 2.978723404255319 280
1747418326114 2.978723404255319 280
1747418329451 3.0 282
1747418329452 3.0 282
1747418335248 3.0851063829787235 290
1747418335249 3.0851063829787235 290
1747418341127 3.1914893617021276 300
1747418341129 3.1914893617021276 300
1747418345508 3.297872340425532 310
1747418345509 3.297872340425532 310
1747418351522 3.404255319148936 320
1747418351520 3.404255319148936 320
1747418355834 3.5106382978723403 330
1747418355834 3.5106382978723403 330
1747418360158 3.617021276595745 340
1747418360159 3.617021276595745 340
1747418364509 3.723404255319149 350
1747418364510 3.723404255319149 350
1747418368783 3.829787234042553 360
1747418368783 3.829787234042553 360
1747418373087 3.9361702127659575 370
1747418373087 3.9361702127659575 370
1747418378062 4.0 376
1747418378062 4.0 376
1747418381679 4.042553191489362 380
1747418381680 4.042553191489362 380
1747418385954 4.148936170212766 390
1747418385954 4.148936170212766 390
1747418390252 4.25531914893617 400
1747418390252 4.25531914893617 400
1747418394502 4.361702127659575 410
1747418394502 4.361702127659575 410
1747418402085 4.468085106382979 420
1747418402085 4.468085106382979 420
1747418411246 4.574468085106383 430
1747418411246 4.574468085106383 430
1747418417286 4.680851063829787 440
1747418417287 4.680851063829787 440
1747418421637 4.787234042553192 450
1747418421637 4.787234042553192 450
1747418425820 4.8936170212765955 460
1747418425820 4.8936170212765955 460
1747418429855 5.0 470
1747418429856 5.0 470
1747418432421 5.0 470
1747418432421 5.0 470
1747418438358 5.1063829787234045 480
1747418438359 5.1063829787234045 480
1747418442538 5.212765957446808 490
1747418442538 5.212765957446808 490
1747418446738 5.319148936170213 500
1747418446738 5.319148936170213 500
1747418451038 5.425531914893617 510
1747418451038 5.425531914893617 510
1747418455361 5.531914893617021 520
1747418455362 5.531914893617021 520
1747418459634 5.638297872340425 530
1747418459634 5.638297872340425 530
1747418463922 5.74468085106383 540
1747418463938 5.74468085106383 540
1747418468196 5.851063829787234 550
1747418468197 5.851063829787234 550
1747418472503 5.957446808510638 560
1747418472504 5.957446808510638 560
1747418476688 6.0 564
1747418476689 6.0 564
1747418481823 6.0638297872340425 570
1747418481823 6.0638297872340425 570
1747418486121 6.170212765957447 580
1747418486122 6.170212765957447 580
1747418490368 6.276595744680851 590
1747418490366 6.276595744680851 590
1747418494640 6.382978723404255 600
1747418494640 6.382978723404255 600
1747418500590 6.48936170212766 610
1747418500590 6.48936170212766 610
1747418504846 6.595744680851064 620
1747418504847 6.595744680851064 620
1747418509058 6.702127659574468 630
1747418509058 6.702127659574468 630
1747418513275 6.808510638297872 640
1747418513275 6.808510638297872 640
1747418517513 6.914893617021277 650
1747418517514 6.914893617021277 650
1747418523318 7.0 658
1747418523319 7.0 658
1747418525926 7.0212765957446805 660
1747418525926 7.0212765957446805 660
1747418530142 7.127659574468085 670
1747418530142 7.127659574468085 670
1747418534359 7.23404255319149 680
1747418534359 7.23404255319149 680
1747418538586 7.340425531914893 690
1747418538587 7.340425531914893 690
1747418542809 7.446808510638298 700
1747418542809 7.446808510638298 700
1747418548660 7.553191489361702 710
1747418548660 7.553191489361702 710
1747418552877 7.659574468085106 720
1747418552877 7.659574468085106 720
1747418557144 7.76595744680851 730
1747418557144 7.76595744680851 730
1747418561488 7.872340425531915 740
1747418561489 7.872340425531915 740
1747418565777 7.9787234042553195 750
1747418565777 7.9787234042553195 750
1747418569061 8.0 752
1747418569061 8.0 752
1747418574443 8.085106382978724 760
1747418574443 8.085106382978724 760
1747418578812 8.191489361702128 770
1747418578812 8.191489361702128 770
1747418583154 8.297872340425531 780
1747418583154 8.297872340425531 780
1747418587596 8.404255319148936 790
1747418587596 8.404255319148936 790
1747418593568 8.51063829787234 800
1747418593568 8.51063829787234 800
1747418597792 8.617021276595745 810
1747418597792 8.617021276595745 810
1747418603813 8.72340425531915 820
1747418603813 8.72340425531915 820
1747418608112 8.829787234042554 830
1747418608113 8.829787234042554 830
1747418612335 8.936170212765958 840
1747418612336 8.936170212765958 840
1747418617295 9.0 846
1747418617296 9.0 846
1747418621140 9.042553191489361 850
1747418621141 9.042553191489361 850
1747418627058 9.148936170212766 860
1747418627058 9.148936170212766 860
1747418632981 9.25531914893617 870
1747418632981 9.25531914893617 870
1747418637314 9.361702127659575 880
1747418637314 9.361702127659575 880
1747418641696 9.46808510638298 890
1747418641697 9.46808510638298 890
1747418646345 9.574468085106384 900
1747418646343 9.574468085106384 900
1747418650764 9.680851063829786 910
1747418650764 9.680851063829786 910
1747418656682 9.787234042553191 920
1747418656682 9.787234042553191 920
1747418660965 9.893617021276595 930
1747418660965 9.893617021276595 930
1747418665182 10.0 940
1747418665182 10.0 940
1747418667816 10.0 940
1747418667816 10.0 940
1747418669827 10.0 940
1747418669829 10.0 940
