1747418196440 8.970213890075684 10
1747418196436 8.970213890075684 10
1747418201041 33.839717864990234 20
1747418201042 33.839717864990234 20
1747418205238 18.967439651489258 30
1747418205239 18.967439651489258 30
1747418209445 13.535201072692871 40
1747418209446 13.535201072692871 40
1747418213843 16.014497756958008 50
1747418213844 16.014497756958008 50
1747418218264 5.98343563079834 60
1747418218264 5.98343563079834 60
1747418222543 15.635108947753906 70
1747418222543 15.635108947753906 70
1747418226826 1.402687668800354 80
1747418226812 1.402687668800354 80
1747418231114 0.8146349191665649 90
1747418231114 0.8146349191665649 90
1747418240527 0.03430797532200813 100
1747418240527 0.03430797532200813 100
1747418244910 0.04827359691262245 110
1747418244911 0.04827359691262245 110
1747418249201 0.038815513253211975 120
1747418249202 0.038815513253211975 120
1747418253496 0.028336945921182632 130
1747418253496 0.028336945921182632 130
1747418257745 5.642170429229736 140
1747418257745 5.642170429229736 140
1747418261962 17.842721939086914 150
1747418261962 17.842721939086914 150
1747418266229 28.516189575195312 160
1747418266230 28.516189575195312 160
1747418270537 0.04964272305369377 170
1747418270538 0.04964272305369377 170
1747418274862 3.8605527877807617 180
1747418274859 3.8605527877807617 180
1747418285268 18.548784255981445 190
1747418285268 18.548784255981445 190
1747418291235 0.26233506202697754 200
1747418291236 0.26233506202697754 200
1747418295547 0.25018948316574097 210
1747418295547 0.25018948316574097 210
1747418299897 0.049824971705675125 220
1747418299897 0.049824971705675125 220
1747418304346 0.0571579672396183 230
1747418304348 0.0571579672396183 230
1747418308694 1.4921694993972778 240
1747418308695 1.4921694993972778 240
1747418313063 0.021848086267709732 250
1747418313063 0.021848086267709732 250
1747418317431 0.03575769439339638 260
1747418317431 0.03575769439339638 260
1747418321781 0.021055247634649277 270
1747418321781 0.021055247634649277 270
1747418326113 91.4607162475586 280
1747418326114 91.4607162475586 280
1747418335248 1.0480561256408691 290
1747418335249 1.0480561256408691 290
1747418341129 24.790634155273438 300
1747418341127 24.790634155273438 300
1747418345508 33.341041564941406 310
1747418345509 33.341041564941406 310
1747418351522 0.010595524683594704 320
1747418351520 0.010595524683594704 320
1747418355834 0.021115340292453766 330
1747418355834 0.021115340292453766 330
1747418360158 0.021665947511792183 340
1747418360159 0.021665947511792183 340
1747418364509 0.053535096347332 350
1747418364510 0.053535096347332 350
1747418368783 0.073643259704113 360
1747418368783 0.073643259704113 360
1747418373087 1.6611961126327515 370
1747418373087 1.6611961126327515 370
1747418381679 0.010439722798764706 380
1747418381680 0.010439722798764706 380
1747418385954 0.6315712928771973 390
1747418385954 0.6315712928771973 390
1747418390252 0.26328274607658386 400
1747418390252 0.26328274607658386 400
1747418394502 0.004312357399612665 410
1747418394502 0.004312357399612665 410
1747418402085 0.003844944993034005 420
1747418402085 0.003844944993034005 420
1747418411246 0.004927036352455616 430
1747418411246 0.004927036352455616 430
1747418417286 0.0007974583422765136 440
1747418417287 0.0007974583422765136 440
1747418421637 0.0013120737858116627 450
1747418421637 0.0013120737858116627 450
1747418425820 0.004084818996489048 460
1747418425820 0.004084818996489048 460
1747418429855 34.94392395019531 470
1747418429856 34.94392395019531 470
1747418438358 0.020900622010231018 480
1747418438359 0.020900622010231018 480
1747418442538 0.0046999347396194935 490
1747418442538 0.0046999347396194935 490
1747418446738 0.003255396382883191 500
1747418446738 0.003255396382883191 500
1747418451038 0.0032616741955280304 510
1747418451038 0.0032616741955280304 510
1747418455361 0.0006715862546116114 520
1747418455362 0.0006715862546116114 520
1747418459634 0.009199158288538456 530
1747418459634 0.009199158288538456 530
1747418463922 0.0030506078619509935 540
1747418463938 0.0030506078619509935 540
1747418468196 0.006364654283970594 550
1747418468197 0.006364654283970594 550
1747418472503 0.00565468892455101 560
1747418472504 0.00565468892455101 560
1747418481823 0.0022437090519815683 570
1747418481823 0.0022437090519815683 570
1747418486121 0.004226015415042639 580
1747418486122 0.004226015415042639 580
1747418490368 0.013492312282323837 590
1747418490366 0.013492312282323837 590
1747418494640 0.04161268100142479 600
1747418494640 0.04161268100142479 600
1747418500590 0.1314477026462555 610
1747418500590 0.1314477026462555 610
1747418504846 0.8895419836044312 620
1747418504847 0.8895419836044312 620
1747418509058 0.009104670956730843 630
1747418509058 0.009104670956730843 630
1747418513275 31.304866790771484 640
1747418513275 31.304866790771484 640
1747418517513 0.002983077196404338 650
1747418517514 0.002983077196404338 650
1747418525926 0.009372935630381107 660
1747418525926 0.009372935630381107 660
1747418530142 0.004608790390193462 670
1747418530142 0.004608790390193462 670
1747418534359 0.0064522684551775455 680
1747418534359 0.0064522684551775455 680
1747418538586 0.010639926418662071 690
1747418538587 0.010639926418662071 690
1747418542809 0.005605334881693125 700
1747418542809 0.005605334881693125 700
1747418548660 0.0031786137260496616 710
1747418548660 0.0031786137260496616 710
1747418552877 0.0035116213839501143 720
1747418552877 0.0035116213839501143 720
1747418557144 0.05529287829995155 730
1747418557144 0.05529287829995155 730
1747418561488 0.006017381325364113 740
1747418561489 0.006017381325364113 740
1747418565777 0.055873140692710876 750
1747418565777 0.055873140692710876 750
1747418574443 0.00476790452376008 760
1747418574443 0.00476790452376008 760
1747418578812 0.004381094127893448 770
1747418578812 0.004381094127893448 770
1747418583154 0.0015448224730789661 780
1747418583154 0.0015448224730789661 780
1747418587596 0.004357362166047096 790
1747418587596 0.004357362166047096 790
1747418593568 0.0038833373691886663 800
1747418593568 0.0038833373691886663 800
1747418597792 0.01269742101430893 810
1747418597792 0.01269742101430893 810
1747418603813 0.006577304098755121 820
1747418603813 0.006577304098755121 820
1747418608112 0.004970017354935408 830
1747418608113 0.004970017354935408 830
1747418612335 0.005362372845411301 840
1747418612336 0.005362372845411301 840
1747418621140 0.005210737232118845 850
1747418621141 0.005210737232118845 850
1747418627058 0.05678468942642212 860
1747418627058 0.05678468942642212 860
1747418632981 0.00797377247363329 870
1747418632981 0.00797377247363329 870
1747418637314 0.04801071807742119 880
1747418637314 0.04801071807742119 880
1747418641696 0.003199927741661668 890
1747418641697 0.003199927741661668 890
1747418646345 0.008807037025690079 900
1747418646343 0.008807037025690079 900
1747418650764 0.004889799747616053 910
1747418650764 0.004889799747616053 910
1747418656682 0.008058587089180946 920
1747418656682 0.008058587089180946 920
1747418660965 10.653239250183105 930
1747418660965 10.653239250183105 930
1747418665182 0.01774435117840767 940
1747418665182 0.01774435117840767 940
