1747418196440 4.946808510638298e-05 10
1747418196436 4.946808510638298e-05 10
1747418201041 4.893617021276596e-05 20
1747418201042 4.893617021276596e-05 20
1747418205238 4.840425531914894e-05 30
1747418205239 4.840425531914894e-05 30
1747418209445 4.787234042553192e-05 40
1747418209446 4.787234042553192e-05 40
1747418213843 4.734042553191489e-05 50
1747418213844 4.734042553191489e-05 50
1747418218264 4.680851063829788e-05 60
1747418218264 4.680851063829788e-05 60
1747418222543 4.627659574468085e-05 70
1747418222543 4.627659574468085e-05 70
1747418226826 4.574468085106383e-05 80
1747418226812 4.574468085106383e-05 80
1747418231114 4.5212765957446815e-05 90
1747418231114 4.5212765957446815e-05 90
1747418240527 4.468085106382979e-05 100
1747418240527 4.468085106382979e-05 100
1747418244910 4.414893617021277e-05 110
1747418244911 4.414893617021277e-05 110
1747418249201 4.3617021276595746e-05 120
1747418249202 4.3617021276595746e-05 120
1747418253496 4.3085106382978725e-05 130
1747418253496 4.3085106382978725e-05 130
1747418257745 4.2553191489361704e-05 140
1747418257745 4.2553191489361704e-05 140
1747418261962 4.2021276595744684e-05 150
1747418261962 4.2021276595744684e-05 150
1747418266229 4.148936170212766e-05 160
1747418266230 4.148936170212766e-05 160
1747418270537 4.095744680851064e-05 170
1747418270538 4.095744680851064e-05 170
1747418274862 4.0425531914893614e-05 180
1747418274859 4.0425531914893614e-05 180
1747418285268 3.9893617021276594e-05 190
1747418285268 3.9893617021276594e-05 190
1747418291235 3.936170212765958e-05 200
1747418291236 3.936170212765958e-05 200
1747418295547 3.882978723404255e-05 210
1747418295547 3.882978723404255e-05 210
1747418299897 3.829787234042553e-05 220
1747418299897 3.829787234042553e-05 220
1747418304346 3.776595744680852e-05 230
1747418304348 3.776595744680852e-05 230
1747418308694 3.723404255319149e-05 240
1747418308695 3.723404255319149e-05 240
1747418313063 3.670212765957447e-05 250
1747418313063 3.670212765957447e-05 250
1747418317431 3.617021276595745e-05 260
1747418317431 3.617021276595745e-05 260
1747418321781 3.563829787234043e-05 270
1747418321781 3.563829787234043e-05 270
1747418326113 3.5106382978723407e-05 280
1747418326114 3.5106382978723407e-05 280
1747418335248 3.4574468085106386e-05 290
1747418335249 3.4574468085106386e-05 290
1747418341129 3.4042553191489365e-05 300
1747418341127 3.4042553191489365e-05 300
1747418345508 3.3510638297872344e-05 310
1747418345509 3.3510638297872344e-05 310
1747418351522 3.2978723404255317e-05 320
1747418351520 3.2978723404255317e-05 320
1747418355834 3.2446808510638296e-05 330
1747418355834 3.2446808510638296e-05 330
1747418360158 3.191489361702128e-05 340
1747418360159 3.191489361702128e-05 340
1747418364509 3.1382978723404254e-05 350
1747418364510 3.1382978723404254e-05 350
1747418368783 3.085106382978723e-05 360
1747418368783 3.085106382978723e-05 360
1747418373087 3.0319148936170216e-05 370
1747418373087 3.0319148936170216e-05 370
1747418381679 2.9787234042553192e-05 380
1747418381680 2.9787234042553192e-05 380
1747418385954 2.925531914893617e-05 390
1747418385954 2.925531914893617e-05 390
1747418390252 2.8723404255319154e-05 400
1747418390252 2.8723404255319154e-05 400
1747418394502 2.819148936170213e-05 410
1747418394502 2.819148936170213e-05 410
1747418402085 2.765957446808511e-05 420
1747418402085 2.765957446808511e-05 420
1747418411246 2.7127659574468084e-05 430
1747418411246 2.7127659574468084e-05 430
1747418417286 2.6595744680851064e-05 440
1747418417287 2.6595744680851064e-05 440
1747418421637 2.6063829787234046e-05 450
1747418421637 2.6063829787234046e-05 450
1747418425820 2.5531914893617022e-05 460
1747418425820 2.5531914893617022e-05 460
1747418429855 2.5e-05 470
1747418429856 2.5e-05 470
1747418438358 2.446808510638298e-05 480
1747418438359 2.446808510638298e-05 480
1747418442538 2.393617021276596e-05 490
1747418442538 2.393617021276596e-05 490
1747418446738 2.340425531914894e-05 500
1747418446738 2.340425531914894e-05 500
1747418451038 2.2872340425531915e-05 510
1747418451038 2.2872340425531915e-05 510
1747418455361 2.2340425531914894e-05 520
1747418455362 2.2340425531914894e-05 520
1747418459634 2.1808510638297873e-05 530
1747418459634 2.1808510638297873e-05 530
1747418463922 2.1276595744680852e-05 540
1747418463938 2.1276595744680852e-05 540
1747418468196 2.074468085106383e-05 550
1747418468197 2.074468085106383e-05 550
1747418472503 2.0212765957446807e-05 560
1747418472504 2.0212765957446807e-05 560
1747418481823 1.968085106382979e-05 570
1747418481823 1.968085106382979e-05 570
1747418486121 1.9148936170212766e-05 580
1747418486122 1.9148936170212766e-05 580
1747418490368 1.8617021276595745e-05 590
1747418490366 1.8617021276595745e-05 590
1747418494640 1.8085106382978724e-05 600
1747418494640 1.8085106382978724e-05 600
1747418500590 1.7553191489361703e-05 610
1747418500590 1.7553191489361703e-05 610
1747418504846 1.7021276595744682e-05 620
1747418504847 1.7021276595744682e-05 620
1747418509058 1.6489361702127658e-05 630
1747418509058 1.6489361702127658e-05 630
1747418513275 1.595744680851064e-05 640
1747418513275 1.595744680851064e-05 640
1747418517513 1.5425531914893617e-05 650
1747418517514 1.5425531914893617e-05 650
1747418525926 1.4893617021276596e-05 660
1747418525926 1.4893617021276596e-05 660
1747418530142 1.4361702127659577e-05 670
1747418530142 1.4361702127659577e-05 670
1747418534359 1.3829787234042554e-05 680
1747418534359 1.3829787234042554e-05 680
1747418538586 1.3297872340425532e-05 690
1747418538587 1.3297872340425532e-05 690
1747418542809 1.2765957446808511e-05 700
1747418542809 1.2765957446808511e-05 700
1747418548660 1.223404255319149e-05 710
1747418548660 1.223404255319149e-05 710
1747418552877 1.170212765957447e-05 720
1747418552877 1.170212765957447e-05 720
1747418557144 1.1170212765957447e-05 730
1747418557144 1.1170212765957447e-05 730
1747418561488 1.0638297872340426e-05 740
1747418561489 1.0638297872340426e-05 740
1747418565777 1.0106382978723404e-05 750
1747418565777 1.0106382978723404e-05 750
1747418574443 9.574468085106383e-06 760
1747418574443 9.574468085106383e-06 760
1747418578812 9.042553191489362e-06 770
1747418578812 9.042553191489362e-06 770
1747418583154 8.510638297872341e-06 780
1747418583154 8.510638297872341e-06 780
1747418587596 7.97872340425532e-06 790
1747418587596 7.97872340425532e-06 790
1747418593568 7.446808510638298e-06 800
1747418593568 7.446808510638298e-06 800
1747418597792 6.914893617021277e-06 810
1747418597792 6.914893617021277e-06 810
1747418603813 6.3829787234042555e-06 820
1747418603813 6.3829787234042555e-06 820
1747418608112 5.851063829787235e-06 830
1747418608113 5.851063829787235e-06 830
1747418612335 5.319148936170213e-06 840
1747418612336 5.319148936170213e-06 840
1747418621140 4.787234042553191e-06 850
1747418621141 4.787234042553191e-06 850
1747418627058 4.255319148936171e-06 860
1747418627058 4.255319148936171e-06 860
1747418632981 3.723404255319149e-06 870
1747418632981 3.723404255319149e-06 870
1747418637314 3.1914893617021277e-06 880
1747418637314 3.1914893617021277e-06 880
1747418641696 2.6595744680851065e-06 890
1747418641697 2.6595744680851065e-06 890
1747418646345 2.1276595744680853e-06 900
1747418646343 2.1276595744680853e-06 900
1747418650764 1.5957446808510639e-06 910
1747418650764 1.5957446808510639e-06 910
1747418656682 1.0638297872340427e-06 920
1747418656682 1.0638297872340427e-06 920
1747418660965 5.319148936170213e-07 930
1747418660965 5.319148936170213e-07 930
1747418665182 0.0 940
1747418665182 0.0 940
