1747418196440 0.8239 10
1747418196436 0.8239 10
1747418201041 0.3784 20
1747418201042 0.3784 20
1747418205238 0.5805 30
1747418205239 0.5805 30
1747418209445 0.2083 40
1747418209446 0.2083 40
1747418213843 0.1158 50
1747418213844 0.1158 50
1747418218264 0.1864 60
1747418218264 0.1864 60
1747418222543 0.0655 70
1747418222543 0.0655 70
1747418226826 0.1387 80
1747418226812 0.1387 80
1747418231114 0.0304 90
1747418231114 0.0304 90
1747418240527 0.0358 100
1747418240527 0.0358 100
1747418244910 0.1105 110
1747418244911 0.1105 110
1747418249201 0.0883 120
1747418249202 0.0883 120
1747418253496 0.175 130
1747418253496 0.175 130
1747418257745 0.0613 140
1747418257745 0.0613 140
1747418261962 0.1022 150
1747418261962 0.1022 150
1747418266229 0.1239 160
1747418266230 0.1239 160
1747418270537 0.1034 170
1747418270538 0.1034 170
1747418274862 0.0909 180
1747418274859 0.0909 180
1747418285268 0.2864 190
1747418285268 0.2864 190
1747418291235 0.0274 200
1747418291236 0.0274 200
1747418295547 0.0094 210
1747418295547 0.0094 210
1747418299897 0.0674 220
1747418299897 0.0674 220
1747418304346 0.0002 230
1747418304348 0.0002 230
1747418308694 0.0649 240
1747418308695 0.0649 240
1747418313063 0.1328 250
1747418313063 0.1328 250
1747418317431 0.0074 260
1747418317431 0.0074 260
1747418321781 0.0007 270
1747418321781 0.0007 270
1747418326113 0.0706 280
1747418326114 0.0706 280
1747418335248 0.0513 290
1747418335249 0.0513 290
1747418341129 0.0379 300
1747418341127 0.0379 300
1747418345508 0.0212 310
1747418345509 0.0212 310
1747418351522 0.1053 320
1747418351520 0.1053 320
1747418355834 0.0013 330
1747418355834 0.0013 330
1747418360158 0.0003 340
1747418360159 0.0003 340
1747418364509 0.0003 350
1747418364510 0.0003 350
1747418368783 0.0066 360
1747418368783 0.0066 360
1747418373087 0.0006 370
1747418373087 0.0006 370
1747418381679 0.0537 380
1747418381680 0.0537 380
1747418385954 0.0005 390
1747418385954 0.0005 390
1747418390252 0.0001 400
1747418390252 0.0001 400
1747418394502 0.0018 410
1747418394502 0.0018 410
1747418402085 0.0421 420
1747418402085 0.0421 420
1747418411246 0.0004 430
1747418411246 0.0004 430
1747418417286 0.0029 440
1747418417287 0.0029 440
1747418421637 0.0001 450
1747418421637 0.0001 450
1747418425820 0.0489 460
1747418425820 0.0489 460
1747418429855 0.0205 470
1747418429856 0.0205 470
1747418438358 0.0001 480
1747418438359 0.0001 480
1747418442538 0.0043 490
1747418442538 0.0043 490
1747418446738 0.0002 500
1747418446738 0.0002 500
1747418451038 0.0 510
1747418451038 0.0 510
1747418455361 0.0 520
1747418455362 0.0 520
1747418459634 0.0036 530
1747418459634 0.0036 530
1747418463922 0.0726 540
1747418463938 0.0726 540
1747418468196 0.1576 550
1747418468197 0.1576 550
1747418472503 0.0165 560
1747418472504 0.0165 560
1747418481823 0.0001 570
1747418481823 0.0001 570
1747418486121 0.0689 580
1747418486122 0.0689 580
1747418490368 0.0001 590
1747418490366 0.0001 590
1747418494640 0.0004 600
1747418494640 0.0004 600
1747418500590 0.0356 610
1747418500590 0.0356 610
1747418504846 0.069 620
1747418504847 0.069 620
1747418509058 0.0001 630
1747418509058 0.0001 630
1747418513275 0.029 640
1747418513275 0.029 640
1747418517513 0.0001 650
1747418517514 0.0001 650
1747418525926 0.0004 660
1747418525926 0.0004 660
1747418530142 0.0 670
1747418530142 0.0 670
1747418534359 0.0 680
1747418534359 0.0 680
1747418538586 0.0001 690
1747418538587 0.0001 690
1747418542809 0.0 700
1747418542809 0.0 700
1747418548660 0.0001 710
1747418548660 0.0001 710
1747418552877 0.0 720
1747418552877 0.0 720
1747418557144 0.0001 730
1747418557144 0.0001 730
1747418561488 0.0483 740
1747418561489 0.0483 740
1747418565777 0.0001 750
1747418565777 0.0001 750
1747418574443 0.0004 760
1747418574443 0.0004 760
1747418578812 0.0 770
1747418578812 0.0 770
1747418583154 0.047 780
1747418583154 0.047 780
1747418587596 0.0 790
1747418587596 0.0 790
1747418593568 0.0 800
1747418593568 0.0 800
1747418597792 0.0 810
1747418597792 0.0 810
1747418603813 0.0 820
1747418603813 0.0 820
1747418608112 0.0001 830
1747418608113 0.0001 830
1747418612335 0.0 840
1747418612336 0.0 840
1747418621140 0.0 850
1747418621141 0.0 850
1747418627058 0.0 860
1747418627058 0.0 860
1747418632981 0.0 870
1747418632981 0.0 870
1747418637314 0.0 880
1747418637314 0.0 880
1747418641696 0.0 890
1747418641697 0.0 890
1747418646345 0.0 900
1747418646343 0.0 900
1747418650764 0.0 910
1747418650764 0.0 910
1747418656682 0.0 920
1747418656682 0.0 920
1747418660965 0.0013 930
1747418660965 0.0013 930
1747418665182 0.0 940
1747418665182 0.0 940
