1747373098172 0.11235955056179775 10
1747373098171 0.11235955056179775 10
1747373103416 0.2247191011235955 20
1747373103418 0.2247191011235955 20
1747373107074 0.33707865168539325 30
1747373107074 0.33707865168539325 30
1747373110687 0.449438202247191 40
1747373110687 0.449438202247191 40
1747373115822 0.5617977528089888 50
1747373115822 0.5617977528089888 50
1747373119385 0.6741573033707865 60
1747373119385 0.6741573033707865 60
1747373122945 0.7865168539325843 70
1747373122945 0.7865168539325843 70
1747373126521 0.898876404494382 80
1747373126521 0.898876404494382 80
1747373131947 1.0 89
1747373131947 1.0 89
1747373133765 1.0112359550561798 90
1747373133766 1.0112359550561798 90
1747373137391 1.1235955056179776 100
1747373137391 1.1235955056179776 100
1747373141122 1.2359550561797752 110
1747373141123 1.2359550561797752 110
1747373144802 1.348314606741573 120
1747373144802 1.348314606741573 120
1747373150105 1.4606741573033708 130
1747373150105 1.4606741573033708 130
1747373153800 1.5730337078651684 140
1747373153801 1.5730337078651684 140
1747373160723 1.6853932584269664 150
1747373160723 1.6853932584269664 150
1747373164396 1.797752808988764 160
1747373164397 1.797752808988764 160
1747373168173 1.9101123595505618 170
1747373168173 1.9101123595505618 170
1747373173416 2.0 178
1747373173417 2.0 178
1747373175483 2.0224719101123596 180
1747373175483 2.0224719101123596 180
1747373179182 2.134831460674157 190
1747373179182 2.134831460674157 190
1747373184484 2.247191011235955 200
1747373184485 2.247191011235955 200
1747373188209 2.359550561797753 210
1747373188209 2.359550561797753 210
1747373193511 2.4719101123595504 220
1747373193511 2.4719101123595504 220
1747373197199 2.5842696629213484 230
1747373197200 2.5842696629213484 230
1747373202507 2.696629213483146 240
1747373202508 2.696629213483146 240
1747373206177 2.808988764044944 250
1747373206191 2.808988764044944 250
1747373209850 2.9213483146067416 260
1747373209850 2.9213483146067416 260
1747373214591 3.0 267
1747373214591 3.0 267
1747373217044 3.033707865168539 270
1747373217044 3.033707865168539 270
1747373222361 3.146067415730337 280
1747373222361 3.146067415730337 280
1747373227704 3.258426966292135 290
1747373227705 3.258426966292135 290
1747373231506 3.370786516853933 300
1747373231507 3.370786516853933 300
1747373236983 3.4831460674157304 310
1747373236985 3.4831460674157304 310
1747373240825 3.595505617977528 320
1747373240826 3.595505617977528 320
1747373244653 3.7078651685393256 330
1747373244654 3.7078651685393256 330
1747373248453 3.8202247191011236 340
1747373248454 3.8202247191011236 340
1747373252261 3.932584269662921 350
1747373252261 3.932584269662921 350
1747373258428 4.0 356
1747373258429 4.0 356
1747373261351 4.044943820224719 360
1747373261351 4.044943820224719 360
1747373266852 4.157303370786517 370
1747373266851 4.157303370786517 370
1747373270674 4.269662921348314 380
1747373270674 4.269662921348314 380
1747373276101 4.382022471910112 390
1747373276102 4.382022471910112 390
1747373279898 4.49438202247191 400
1747373279898 4.49438202247191 400
1747373283701 4.606741573033708 410
1747373283701 4.606741573033708 410
1747373289198 4.719101123595506 420
1747373289198 4.719101123595506 420
1747373292919 4.831460674157303 430
1747373292919 4.831460674157303 430
1747373298280 4.943820224719101 440
1747373298280 4.943820224719101 440
1747373302421 5.0 445
1747373302422 5.0 445
1747373303988 5.0 445
1747373303989 5.0 445
