1747373098171 2.150463819503784 10
1747373098172 2.150463819503784 10
1747373103416 7.58666467666626 20
1747373103418 7.58666467666626 20
1747373107074 3.497497320175171 30
1747373107074 3.497497320175171 30
1747373110687 9.363815307617188 40
1747373110687 9.363815307617188 40
1747373115822 3.9692542552948 50
1747373115822 3.9692542552948 50
1747373119385 7.639780521392822 60
1747373119385 7.639780521392822 60
1747373122945 9.90599536895752 70
1747373122945 9.90599536895752 70
1747373126521 4.311410427093506 80
1747373126521 4.311410427093506 80
1747373133765 12.056403160095215 90
1747373133766 12.056403160095215 90
1747373137391 9.271980285644531 100
1747373137391 9.271980285644531 100
1747373141123 4.115044116973877 110
1747373144802 4.690990447998047 120
1747373144802 4.690990447998047 120
1747373150105 17.177162170410156 130
1747373150105 17.177162170410156 130
1747373153800 2.259270191192627 140
1747373153801 2.259270191192627 140
1747373160723 24.202306747436523 150
1747373160723 24.202306747436523 150
1747373164396 31.660747528076172 160
1747373164397 31.660747528076172 160
1747373168173 4.053401947021484 170
1747373168173 4.053401947021484 170
1747373175483 11.803121566772461 180
1747373175483 11.803121566772461 180
1747373179182 3.4249448776245117 190
1747373179182 3.4249448776245117 190
1747373184484 6.441666603088379 200
1747373184485 6.441666603088379 200
1747373188209 5.348657131195068 210
1747373188209 5.348657131195068 210
1747373193511 7.95332670211792 220
1747373193511 7.95332670211792 220
1747373197199 12.217937469482422 230
1747373197200 12.217937469482422 230
1747373202507 45.28069305419922 240
1747373202508 45.28069305419922 240
1747373206177 1.1584573984146118 250
1747373206191 1.1584573984146118 250
1747373209850 8.165644645690918 260
1747373209850 8.165644645690918 260
1747373217044 12.302128791809082 270
1747373217044 12.302128791809082 270
1747373222361 5.283670902252197 280
1747373222361 5.283670902252197 280
1747373227704 0.29140952229499817 290
1747373227705 0.29140952229499817 290
1747373231506 3.115206480026245 300
1747373231507 3.115206480026245 300
1747373236983 22.5966796875 310
1747373236985 22.5966796875 310
1747373240825 0.4967738687992096 320
1747373240826 0.4967738687992096 320
1747373244653 5.820122241973877 330
1747373244654 5.820122241973877 330
1747373248453 0.32446587085723877 340
1747373248454 0.32446587085723877 340
1747373252261 42.59379196166992 350
1747373252261 42.59379196166992 350
1747373261351 0.05478905513882637 360
1747373261351 0.05478905513882637 360
1747373266852 0.06854809820652008 370
1747373266851 0.06854809820652008 370
1747373270674 0.13857820630073547 380
1747373270674 0.13857820630073547 380
1747373276101 0.2903198301792145 390
1747373276102 0.2903198301792145 390
1747373279898 0.1463279277086258 400
1747373279898 0.1463279277086258 400
1747373283701 0.17937444150447845 410
1747373283701 0.17937444150447845 410
1747373289198 0.030714070424437523 420
1747373289198 0.030714070424437523 420
1747373292919 0.006157862488180399 430
1747373292919 0.006157862488180399 430
1747373298280 0.03193124383687973 440
1747373298280 0.03193124383687973 440
