1747373098172 4.943820224719101e-05 10
1747373098171 4.943820224719101e-05 10
1747373103416 4.8876404494382024e-05 20
1747373103418 4.8876404494382024e-05 20
1747373107074 4.831460674157304e-05 30
1747373107074 4.831460674157304e-05 30
1747373110687 4.7752808988764046e-05 40
1747373110687 4.7752808988764046e-05 40
1747373115822 4.719101123595506e-05 50
1747373115822 4.719101123595506e-05 50
1747373119385 4.662921348314607e-05 60
1747373119385 4.662921348314607e-05 60
1747373122945 4.606741573033708e-05 70
1747373122945 4.606741573033708e-05 70
1747373126521 4.550561797752809e-05 80
1747373126521 4.550561797752809e-05 80
1747373133765 4.4943820224719104e-05 90
1747373133766 4.4943820224719104e-05 90
1747373137391 4.438202247191011e-05 100
1747373137391 4.438202247191011e-05 100
1747373141122 4.3820224719101126e-05 110
1747373141123 4.3820224719101126e-05 110
1747373144802 4.3258426966292134e-05 120
1747373144802 4.3258426966292134e-05 120
1747373150105 4.269662921348315e-05 130
1747373150105 4.269662921348315e-05 130
1747373153800 4.2134831460674156e-05 140
1747373153801 4.2134831460674156e-05 140
1747373160723 4.157303370786517e-05 150
1747373160723 4.157303370786517e-05 150
1747373164396 4.1011235955056184e-05 160
1747373164397 4.1011235955056184e-05 160
1747373168173 4.044943820224719e-05 170
1747373168173 4.044943820224719e-05 170
1747373175483 3.98876404494382e-05 180
1747373175483 3.98876404494382e-05 180
1747373179182 3.9325842696629214e-05 190
1747373179182 3.9325842696629214e-05 190
1747373184484 3.876404494382023e-05 200
1747373184485 3.876404494382023e-05 200
1747373188209 3.8202247191011236e-05 210
1747373188209 3.8202247191011236e-05 210
1747373193511 3.764044943820225e-05 220
1747373193511 3.764044943820225e-05 220
1747373197199 3.7078651685393264e-05 230
1747373197200 3.7078651685393264e-05 230
1747373202507 3.651685393258427e-05 240
1747373202508 3.651685393258427e-05 240
1747373206177 3.595505617977528e-05 250
1747373206191 3.595505617977528e-05 250
1747373209850 3.5393258426966294e-05 260
1747373209850 3.5393258426966294e-05 260
1747373217044 3.483146067415731e-05 270
1747373217044 3.483146067415731e-05 270
1747373222361 3.4269662921348316e-05 280
1747373222361 3.4269662921348316e-05 280
1747373227704 3.370786516853933e-05 290
1747373227705 3.370786516853933e-05 290
1747373231506 3.314606741573034e-05 300
1747373231507 3.314606741573034e-05 300
1747373236983 3.258426966292135e-05 310
1747373236985 3.258426966292135e-05 310
1747373240825 3.202247191011236e-05 320
1747373240826 3.202247191011236e-05 320
1747373244653 3.1460674157303374e-05 330
1747373244654 3.1460674157303374e-05 330
1747373248453 3.089887640449438e-05 340
1747373248454 3.089887640449438e-05 340
1747373252261 3.0337078651685396e-05 350
1747373252261 3.0337078651685396e-05 350
1747373261351 2.9775280898876406e-05 360
1747373261351 2.9775280898876406e-05 360
1747373266852 2.9213483146067417e-05 370
1747373266851 2.9213483146067417e-05 370
1747373270674 2.8651685393258425e-05 380
1747373270674 2.8651685393258425e-05 380
1747373276101 2.8089887640449443e-05 390
1747373276102 2.8089887640449443e-05 390
1747373279898 2.752808988764045e-05 400
1747373279898 2.752808988764045e-05 400
1747373283701 2.696629213483146e-05 410
1747373283701 2.696629213483146e-05 410
1747373289198 2.6404494382022472e-05 420
1747373289198 2.6404494382022472e-05 420
1747373292919 2.5842696629213486e-05 430
1747373292919 2.5842696629213486e-05 430
1747373298280 2.5280898876404497e-05 440
1747373298280 2.5280898876404497e-05 440
