1747373098172 0.6542 10
1747373098171 0.6542 10
1747373103416 0.6613 20
1747373103418 0.6613 20
1747373107074 0.5294 30
1747373107074 0.5294 30
1747373110687 0.5917 40
1747373110687 0.5917 40
1747373115822 0.4465 50
1747373115822 0.4465 50
1747373119385 0.5405 60
1747373119385 0.5405 60
1747373122945 0.4713 70
1747373122945 0.4713 70
1747373126521 0.4234 80
1747373126521 0.4234 80
1747373133766 0.4787 90
1747373137391 0.3866 100
1747373137391 0.3866 100
1747373141122 0.3781 110
1747373141123 0.3781 110
1747373144802 0.3406 120
1747373144802 0.3406 120
1747373150105 0.3551 130
1747373150105 0.3551 130
1747373153800 0.3001 140
1747373153801 0.3001 140
1747373160723 0.4011 150
1747373160723 0.4011 150
1747373164396 0.5739 160
1747373164397 0.5739 160
1747373168173 0.4243 170
1747373168173 0.4243 170
1747373175483 0.3694 180
1747373175483 0.3694 180
1747373179182 0.278 190
1747373179182 0.278 190
1747373184484 0.2909 200
1747373184485 0.2909 200
1747373188209 0.2801 210
1747373188209 0.2801 210
1747373193511 0.2461 220
1747373193511 0.2461 220
1747373197199 0.2436 230
1747373197200 0.2436 230
1747373202507 0.2068 240
1747373202508 0.2068 240
1747373206177 0.2458 250
1747373206191 0.2458 250
1747373209850 0.1281 260
1747373209850 0.1281 260
1747373217044 0.1894 270
1747373217044 0.1894 270
1747373222361 0.1529 280
1747373222361 0.1529 280
1747373227704 0.1105 290
1747373227705 0.1105 290
1747373231506 0.0698 300
1747373231507 0.0698 300
1747373236983 0.1601 310
1747373236985 0.1601 310
1747373240825 0.092 320
1747373240826 0.092 320
1747373244653 0.1378 330
1747373244654 0.1378 330
1747373248453 0.0618 340
1747373248454 0.0618 340
1747373252261 0.0846 350
1747373252261 0.0846 350
1747373261351 0.0783 360
1747373261351 0.0783 360
1747373266852 0.0816 370
1747373266851 0.0816 370
1747373270674 0.0322 380
1747373270674 0.0322 380
1747373276101 0.0494 390
1747373276102 0.0494 390
1747373279898 0.0622 400
1747373279898 0.0622 400
1747373283701 0.0039 410
1747373283701 0.0039 410
1747373289198 0.0131 420
1747373289198 0.0131 420
1747373292919 0.0017 430
1747373292919 0.0017 430
1747373298280 0.0488 440
1747373298280 0.0488 440
