1746969488460 0.5555555555555556 10
1746969488462 0.5555555555555556 10
1746969501404 1.0 18
1746969501408 1.0 18
1746969505520 1.1111111111111112 20
1746969505521 1.1111111111111112 20
1746969515265 1.6666666666666665 30
1746969515268 1.6666666666666665 30
1746969529311 2.0 36
1746969529312 2.0 36
1746969534735 2.2222222222222223 40
1746969534734 2.2222222222222223 40
1746969544593 2.7777777777777777 50
1746969544597 2.7777777777777777 50
1746969555385 3.0 54
1746969555386 3.0 54
1746969564897 3.3333333333333335 60
1746969564897 3.3333333333333335 60
1746969573032 3.888888888888889 70
1746969573033 3.888888888888889 70
1746969578923 4.0 72
1746969578924 4.0 72
1746969587371 4.444444444444445 80
1746969587368 4.444444444444445 80
1746969599802 5.0 90
1746969599803 5.0 90
1746969604282 5.0 90
1746969604283 5.0 90
1746969605799 5.0 90
1746969605799 5.0 90
