1746969488460 2.2023837566375732 10
1746969488462 2.2023837566375732 10
1746969505520 3.8430848121643066 20
1746969505521 3.8430848121643066 20
1746969515265 5.9014739990234375 30
1746969515268 5.9014739990234375 30
1746969534734 4.996096134185791 40
1746969534735 4.996096134185791 40
1746969544593 6.129274845123291 50
1746969544597 6.129274845123291 50
1746969564897 3.645326852798462 60
1746969564897 3.645326852798462 60
1746969573032 7.553987503051758 70
1746969573033 7.553987503051758 70
1746969587368 2.375286340713501 80
1746969587371 2.375286340713501 80
1746969599802 5.586618900299072 90
1746969599803 5.586618900299072 90
