1746969488460 4.4444444444444447e-05 10
1746969488462 4.4444444444444447e-05 10
1746969505520 3.888888888888889e-05 20
1746969505521 3.888888888888889e-05 20
1746969515265 3.3333333333333335e-05 30
1746969515268 3.3333333333333335e-05 30
1746969534734 2.777777777777778e-05 40
1746969534735 2.777777777777778e-05 40
1746969544593 2.2222222222222223e-05 50
1746969544597 2.2222222222222223e-05 50
1746969564897 1.6666666666666667e-05 60
1746969564897 1.6666666666666667e-05 60
1746969573032 1.1111111111111112e-05 70
1746969573033 1.1111111111111112e-05 70
1746969587368 5.555555555555556e-06 80
1746969587371 5.555555555555556e-06 80
1746969599802 0.0 90
1746969599803 0.0 90
