1747234226172 0.11363636363636363 10
1747234226173 0.11363636363636363 10
1747234234008 0.22727272727272727 20
1747234234008 0.22727272727272727 20
1747234238436 0.3409090909090909 30
1747234238436 0.3409090909090909 30
1747234244448 0.45454545454545453 40
1747234244448 0.45454545454545453 40
1747234250374 0.5681818181818182 50
1747234250374 0.5681818181818182 50
1747234254702 0.6818181818181818 60
1747234254702 0.6818181818181818 60
1747234259122 0.7954545454545454 70
1747234259123 0.7954545454545454 70
1747234263488 0.9090909090909091 80
1747234263487 0.9090909090909091 80
1747234269386 1.0 88
1747234271413 1.0227272727272727 90
1747234271412 1.0227272727272727 90
1747234278115 1.1363636363636362 100
1747234278117 1.1363636363636362 100
1747234282596 1.25 110
1747234282596 1.25 110
1747234287078 1.3636363636363638 120
1747234287080 1.3636363636363638 120
1747234291386 1.4772727272727273 130
1747234291387 1.4772727272727273 130
1747234295795 1.5909090909090908 140
1747234295796 1.5909090909090908 140
1747234300198 1.7045454545454546 150
1747234300200 1.7045454545454546 150
1747234306140 1.8181818181818183 160
1747234306140 1.8181818181818183 160
1747234310545 1.9318181818181817 170
1747234310545 1.9318181818181817 170
1747234316923 2.0 176
1747234316924 2.0 176
1747234319772 2.0454545454545454 180
1747234319773 2.0454545454545454 180
1747234324316 2.159090909090909 190
1747234324316 2.159090909090909 190
1747234330473 2.2727272727272725 200
1747234330474 2.2727272727272725 200
1747234334842 2.3863636363636362 210
1747234334843 2.3863636363636362 210
1747234339218 2.5 220
1747234339219 2.5 220
1747234343624 2.6136363636363638 230
1747234343625 2.6136363636363638 230
1747234349711 2.7272727272727275 240
1747234349715 2.7272727272727275 240
1747234354170 2.840909090909091 250
1747234354171 2.840909090909091 250
1747234360129 2.9545454545454546 260
1747234360131 2.9545454545454546 260
1747234364234 3.0 264
1747234364236 3.0 264
1747234369552 3.0681818181818183 270
1747234369552 3.0681818181818183 270
1747234373828 3.1818181818181817 280
1747234373827 3.1818181818181817 280
1747234378121 3.2954545454545454 290
1747234378120 3.2954545454545454 290
1747234382402 3.409090909090909 300
1747234382403 3.409090909090909 300
1747234386698 3.5227272727272725 310
1747234386699 3.5227272727272725 310
1747234390983 3.6363636363636362 320
1747234390982 3.6363636363636362 320
1747234395292 3.75 330
1747234395294 3.75 330
1747234399666 3.8636363636363638 340
1747234399667 3.8636363636363638 340
1747234404029 3.9772727272727275 350
1747234404029 3.9772727272727275 350
1747234407334 4.0 352
1747234407335 4.0 352
1747234411929 4.090909090909091 360
1747234411928 4.090909090909091 360
1747234416419 4.204545454545454 370
1747234416422 4.204545454545454 370
1747234420817 4.318181818181818 380
1747234420817 4.318181818181818 380
1747234425216 4.431818181818182 390
1747234425213 4.431818181818182 390
1747234431215 4.545454545454545 400
1747234431215 4.545454545454545 400
1747234435564 4.659090909090909 410
1747234435564 4.659090909090909 410
1747234441545 4.7727272727272725 420
1747234441545 4.7727272727272725 420
1747234447518 4.886363636363637 430
1747234447518 4.886363636363637 430
1747234451678 5.0 440
1747234451679 5.0 440
1747234454274 5.0 440
1747234454275 5.0 440
1747234455621 5.0 440
1747234455621 5.0 440
