1747234226172 2.3569421768188477 10
1747234226173 2.3569421768188477 10
1747234234008 11.570792198181152 20
1747234234008 11.570792198181152 20
1747234238436 22.3239688873291 30
1747234238436 22.3239688873291 30
1747234244448 0.6600231528282166 40
1747234244448 0.6600231528282166 40
1747234250374 0.055031660944223404 50
1747234250374 0.055031660944223404 50
1747234254702 7.020692348480225 60
1747234254702 7.020692348480225 60
1747234259122 1.7937105894088745 70
1747234259123 1.7937105894088745 70
1747234263488 31.588489532470703 80
1747234263487 31.588489532470703 80
1747234271413 20.88732147216797 90
1747234271412 20.88732147216797 90
1747234278115 0.10418646037578583 100
1747234278117 0.10418646037578583 100
1747234282596 0.08824141323566437 110
1747234282596 0.08824141323566437 110
1747234287078 0.934738039970398 120
1747234287080 0.934738039970398 120
1747234291386 12.909829139709473 130
1747234291387 12.909829139709473 130
1747234295795 3.20025634765625 140
1747234295796 3.20025634765625 140
1747234300198 0.33072754740715027 150
1747234300200 0.33072754740715027 150
1747234306140 0.018233412876725197 160
1747234306140 0.018233412876725197 160
1747234310545 0.024462923407554626 170
1747234310545 0.024462923407554626 170
1747234319772 0.02342245727777481 180
1747234319773 0.02342245727777481 180
1747234324316 0.017301715910434723 190
1747234324316 0.017301715910434723 190
1747234330473 0.012362143956124783 200
1747234330474 0.012362143956124783 200
1747234334842 0.011514579877257347 210
1747234334843 0.011514579877257347 210
1747234339218 1.2059483528137207 220
1747234339219 1.2059483528137207 220
1747234343624 0.01008202601224184 230
1747234343625 0.01008202601224184 230
1747234349711 0.014316365122795105 240
1747234349715 0.014316365122795105 240
1747234354170 0.011933382600545883 250
1747234354171 0.011933382600545883 250
1747234360129 0.015559074468910694 260
1747234360131 0.015559074468910694 260
1747234369552 0.008315867744386196 270
1747234369552 0.008315867744386196 270
1747234373828 0.008104586973786354 280
1747234373827 0.008104586973786354 280
1747234378121 0.007864649407565594 290
1747234378120 0.007864649407565594 290
1747234382402 0.008351324126124382 300
1747234382403 0.008351324126124382 300
1747234386698 0.018055647611618042 310
1747234386699 0.018055647611618042 310
1747234390983 0.00922372192144394 320
1747234390982 0.00922372192144394 320
1747234395292 0.01011626236140728 330
1747234395294 0.01011626236140728 330
1747234399666 0.0066803693771362305 340
1747234399667 0.0066803693771362305 340
1747234404029 0.004675800446420908 350
1747234404029 0.004675800446420908 350
1747234411929 42.10871887207031 360
1747234411928 42.10871887207031 360
1747234416419 0.003091991413384676 370
1747234416422 0.003091991413384676 370
1747234420817 0.0049890573136508465 380
1747234420817 0.0049890573136508465 380
1747234425216 0.00462425546720624 390
1747234425213 0.00462425546720624 390
1747234431215 0.003831057110801339 400
1747234431215 0.003831057110801339 400
1747234435564 0.0037676477804780006 410
1747234435564 0.0037676477804780006 410
1747234441545 0.0034208816941827536 420
1747234441545 0.0034208816941827536 420
1747234447518 0.0025725082959979773 430
1747234447518 0.0025725082959979773 430
1747234451678 0.004668774548918009 440
1747234451679 0.004668774548918009 440
