1747234226172 9.886363636363637e-05 10
1747234226173 9.886363636363637e-05 10
1747234234008 9.772727272727274e-05 20
1747234234008 9.772727272727274e-05 20
1747234238436 9.65909090909091e-05 30
1747234238436 9.65909090909091e-05 30
1747234244448 9.545454545454546e-05 40
1747234244448 9.545454545454546e-05 40
1747234250374 9.431818181818182e-05 50
1747234250374 9.431818181818182e-05 50
1747234254702 9.318181818181818e-05 60
1747234254702 9.318181818181818e-05 60
1747234259122 9.204545454545454e-05 70
1747234259123 9.204545454545454e-05 70
1747234263488 9.090909090909092e-05 80
1747234263487 9.090909090909092e-05 80
1747234271413 8.977272727272728e-05 90
1747234271412 8.977272727272728e-05 90
1747234278115 8.863636363636364e-05 100
1747234278117 8.863636363636364e-05 100
1747234282596 8.75e-05 110
1747234282596 8.75e-05 110
1747234287078 8.636363636363637e-05 120
1747234287080 8.636363636363637e-05 120
1747234291386 8.522727272727273e-05 130
1747234291387 8.522727272727273e-05 130
1747234295795 8.40909090909091e-05 140
1747234295796 8.40909090909091e-05 140
1747234300198 8.295454545454547e-05 150
1747234300200 8.295454545454547e-05 150
1747234306140 8.181818181818183e-05 160
1747234306140 8.181818181818183e-05 160
1747234310545 8.068181818181818e-05 170
1747234310545 8.068181818181818e-05 170
1747234319772 7.954545454545455e-05 180
1747234319773 7.954545454545455e-05 180
1747234324316 7.840909090909091e-05 190
1747234324316 7.840909090909091e-05 190
1747234330473 7.727272727272727e-05 200
1747234330474 7.727272727272727e-05 200
1747234334842 7.613636363636363e-05 210
1747234334843 7.613636363636363e-05 210
1747234339218 7.500000000000001e-05 220
1747234339219 7.500000000000001e-05 220
1747234343624 7.386363636363637e-05 230
1747234343625 7.386363636363637e-05 230
1747234349711 7.272727272727273e-05 240
1747234349715 7.272727272727273e-05 240
1747234354170 7.15909090909091e-05 250
1747234354171 7.15909090909091e-05 250
1747234360129 7.045454545454546e-05 260
1747234360131 7.045454545454546e-05 260
1747234369552 6.931818181818182e-05 270
1747234369552 6.931818181818182e-05 270
1747234373828 6.818181818181818e-05 280
1747234373827 6.818181818181818e-05 280
1747234378121 6.704545454545455e-05 290
1747234378120 6.704545454545455e-05 290
1747234382402 6.59090909090909e-05 300
1747234382403 6.59090909090909e-05 300
1747234386698 6.477272727272728e-05 310
1747234386699 6.477272727272728e-05 310
1747234390983 6.363636363636364e-05 320
1747234390982 6.363636363636364e-05 320
1747234395292 6.25e-05 330
1747234395294 6.25e-05 330
1747234399666 6.136363636363636e-05 340
1747234399667 6.136363636363636e-05 340
1747234404029 6.022727272727273e-05 350
1747234404029 6.022727272727273e-05 350
1747234411929 5.90909090909091e-05 360
1747234411928 5.90909090909091e-05 360
1747234416419 5.7954545454545464e-05 370
1747234416422 5.7954545454545464e-05 370
1747234420817 5.6818181818181825e-05 380
1747234420817 5.6818181818181825e-05 380
1747234425216 5.568181818181818e-05 390
1747234425213 5.568181818181818e-05 390
1747234431215 5.4545454545454546e-05 400
1747234431215 5.4545454545454546e-05 400
1747234435564 5.340909090909091e-05 410
1747234435564 5.340909090909091e-05 410
1747234441545 5.2272727272727274e-05 420
1747234441545 5.2272727272727274e-05 420
1747234447518 5.1136363636363635e-05 430
1747234447518 5.1136363636363635e-05 430
1747234451678 5e-05 440
1747234451679 5e-05 440
