1747234226172 0.5231 10
1747234226173 0.5231 10
1747234234008 0.2238 20
1747234234008 0.2238 20
1747234238436 0.2643 30
1747234238436 0.2643 30
1747234244448 0.1555 40
1747234244448 0.1555 40
1747234250374 0.1664 50
1747234250374 0.1664 50
1747234254702 0.1414 60
1747234254702 0.1414 60
1747234259122 0.1528 70
1747234259123 0.1528 70
1747234263488 0.2755 80
1747234263487 0.2755 80
1747234271413 0.2253 90
1747234271412 0.2253 90
1747234278115 0.066 100
1747234278117 0.066 100
1747234282596 0.0668 110
1747234282596 0.0668 110
1747234287078 0.059 120
1747234287080 0.059 120
1747234291386 0.0321 130
1747234291387 0.0321 130
1747234295795 0.0019 140
1747234295796 0.0019 140
1747234300198 0.1316 150
1747234300200 0.1316 150
1747234306140 0.1006 160
1747234306140 0.1006 160
1747234310545 0.0073 170
1747234310545 0.0073 170
1747234319772 0.0353 180
1747234319773 0.0353 180
1747234324316 0.0273 190
1747234324316 0.0273 190
1747234330473 0.0849 200
1747234330474 0.0849 200
1747234334842 0.001 210
1747234334843 0.001 210
1747234339218 0.0023 220
1747234339219 0.0023 220
1747234343624 0.0021 230
1747234343625 0.0021 230
1747234349711 0.0006 240
1747234349715 0.0006 240
1747234354170 0.0546 250
1747234354171 0.0546 250
1747234360129 0.0015 260
1747234360131 0.0015 260
1747234369552 0.0399 270
1747234369552 0.0399 270
1747234373828 0.0003 280
1747234373827 0.0003 280
1747234378121 0.0887 290
1747234378120 0.0887 290
1747234382402 0.0004 300
1747234382403 0.0004 300
1747234386698 0.0505 310
1747234386699 0.0505 310
1747234390983 0.0077 320
1747234390982 0.0077 320
1747234395292 0.0019 330
1747234395294 0.0019 330
1747234399666 0.0005 340
1747234399667 0.0005 340
1747234404029 0.0003 350
1747234404029 0.0003 350
1747234411929 0.0155 360
1747234411928 0.0155 360
1747234416419 0.0002 370
1747234416422 0.0002 370
1747234420817 0.0002 380
1747234420817 0.0002 380
1747234425216 0.0002 390
1747234425213 0.0002 390
1747234431215 0.0241 400
1747234431215 0.0241 400
1747234435564 0.0623 410
1747234435564 0.0623 410
1747234441545 0.0001 420
1747234441545 0.0001 420
1747234447518 0.0002 430
1747234447518 0.0002 430
1747234451678 0.0002 440
1747234451679 0.0002 440
