1747229522477 0.5555555555555556 10
1747229522478 0.5555555555555556 10
1747229530136 1.0 18
1747229530136 1.0 18
1747229535656 1.1111111111111112 20
1747229535656 1.1111111111111112 20
1747229545661 1.6666666666666665 30
1747229545662 1.6666666666666665 30
1747229551558 2.0 36
1747229551559 2.0 36
1747229560319 2.2222222222222223 40
1747229560320 2.2222222222222223 40
1747229570405 2.7777777777777777 50
1747229570406 2.7777777777777777 50
1747229576217 3.0 54
1747229576218 3.0 54
1747229584231 3.3333333333333335 60
1747229584232 3.3333333333333335 60
1747229597419 3.888888888888889 70
1747229597420 3.888888888888889 70
1747229599909 4.0 72
1747229599910 4.0 72
1747229601295 4.0 72
1747229601295 4.0 72
