1747229522477 9.444444444444444e-05 10
1747229522478 9.444444444444444e-05 10
1747229535656 8.888888888888889e-05 20
1747229535656 8.888888888888889e-05 20
1747229545661 8.333333333333334e-05 30
1747229545662 8.333333333333334e-05 30
1747229560319 7.777777777777778e-05 40
1747229560320 7.777777777777778e-05 40
1747229570405 7.222222222222222e-05 50
1747229570406 7.222222222222222e-05 50
1747229584231 6.666666666666667e-05 60
1747229584232 6.666666666666667e-05 60
1747229597419 6.111111111111112e-05 70
1747229597420 6.111111111111112e-05 70
