1747354070882 1.0 7
1747354070881 1.0 7
1747354074605 1.4285714285714286 10
1747354074605 1.4285714285714286 10
1747354076227 2.0 14
1747354076227 2.0 14
1747354082510 2.857142857142857 20
1747354082511 2.857142857142857 20
1747354082943 3.0 21
1747354082944 3.0 21
1747354090168 4.0 28
1747354090167 4.0 28
1747354095837 4.285714285714286 30
1747354095837 4.285714285714286 30
1747354097958 5.0 35
1747354097959 5.0 35
1747354103634 5.714285714285714 40
1747354103634 5.714285714285714 40
1747354104460 6.0 42
1747354104459 6.0 42
1747354110079 7.0 49
1747354110080 7.0 49
1747354112698 7.142857142857143 50
1747354112699 7.142857142857143 50
1747354115121 8.0 56
1747354115122 8.0 56
1747354118894 8.571428571428571 60
1747354118895 8.571428571428571 60
1747354120159 9.0 63
1747354120161 9.0 63
1747354125354 10.0 70
1747354125355 10.0 70
1747354125540 10.0 70
1747354125541 10.0 70
1747354127649 10.0 70
1747354127649 10.0 70
