1747354074605 4.2857142857142856e-05 10
1747354074605 4.2857142857142856e-05 10
1747354082510 3.571428571428572e-05 20
1747354082511 3.571428571428572e-05 20
1747354095837 2.857142857142857e-05 30
1747354095837 2.857142857142857e-05 30
1747354103634 2.1428571428571428e-05 40
1747354103634 2.1428571428571428e-05 40
1747354112698 1.4285714285714285e-05 50
1747354112699 1.4285714285714285e-05 50
1747354118894 7.142857142857143e-06 60
1747354118895 7.142857142857143e-06 60
1747354125354 0.0 70
1747354125355 0.0 70
