1747384282824 0.0228310502283105 10
1747384282827 0.0228310502283105 10
1747384289705 0.045662100456621 20
1747384289704 0.045662100456621 20
1747384293500 0.0684931506849315 30
1747384293501 0.0684931506849315 30
1747384297264 0.091324200913242 40
1747384297265 0.091324200913242 40
1747384300989 0.1141552511415525 50
1747384300990 0.1141552511415525 50
1747384304860 0.136986301369863 60
1747384304861 0.136986301369863 60
1747384308781 0.1598173515981735 70
1747384308782 0.1598173515981735 70
1747384312586 0.182648401826484 80
1747384312587 0.182648401826484 80
1747384316732 0.2054794520547945 90
1747384316733 0.2054794520547945 90
1747384320660 0.228310502283105 100
1747384320662 0.228310502283105 100
1747384324579 0.2511415525114155 110
1747384324578 0.2511415525114155 110
1747384330090 0.273972602739726 120
1747384330091 0.273972602739726 120
1747384333942 0.2968036529680365 130
1747384333943 0.2968036529680365 130
1747384339397 0.319634703196347 140
1747384339398 0.319634703196347 140
1747384343285 0.3424657534246575 150
1747384343286 0.3424657534246575 150
1747384350454 0.365296803652968 160
1747384350456 0.365296803652968 160
1747384355998 0.3881278538812785 170
1747384355998 0.3881278538812785 170
1747384359850 0.410958904109589 180
1747384359851 0.410958904109589 180
1747384363713 0.4337899543378995 190
1747384363713 0.4337899543378995 190
1747384367587 0.45662100456621 200
1747384367588 0.45662100456621 200
1747384371446 0.4794520547945205 210
1747384371447 0.4794520547945205 210
1747384376973 0.502283105022831 220
1747384376972 0.502283105022831 220
1747384380834 0.5251141552511416 230
1747384384674 0.547945205479452 240
1747384384674 0.547945205479452 240
1747384388869 0.5707762557077626 250
1747384388873 0.5707762557077626 250
1747384395691 0.593607305936073 260
1747384395692 0.593607305936073 260
1747384399700 0.6164383561643836 270
1747384399701 0.6164383561643836 270
1747384403598 0.639269406392694 280
1747384403598 0.639269406392694 280
1747384409196 0.6621004566210046 290
1747384409197 0.6621004566210046 290
1747384413117 0.684931506849315 300
1747384413117 0.684931506849315 300
1747384417006 0.7077625570776256 310
1747384417005 0.7077625570776256 310
1747384420907 0.730593607305936 320
1747384420908 0.730593607305936 320
1747384426328 0.7534246575342466 330
1747384426332 0.7534246575342466 330
1747384430427 0.776255707762557 340
1747384430428 0.776255707762557 340
1747384434320 0.7990867579908676 350
1747384434320 0.7990867579908676 350
1747384438242 0.821917808219178 360
1747384438243 0.821917808219178 360
1747384443793 0.8447488584474886 370
1747384443794 0.8447488584474886 370
1747384447658 0.867579908675799 380
1747384447659 0.867579908675799 380
1747384451542 0.8904109589041096 390
1747384451543 0.8904109589041096 390
1747384455472 0.91324200913242 400
1747384455472 0.91324200913242 400
1747384459399 0.9360730593607306 410
1747384459400 0.9360730593607306 410
1747384463334 0.958904109589041 420
1747384463335 0.958904109589041 420
1747384467332 0.9817351598173516 430
1747384467332 0.9817351598173516 430
1747384483924 1.0 438
1747384483925 1.0 438
1747384486279 1.004566210045662 440
1747384486280 1.004566210045662 440
1747384492017 1.0273972602739727 450
1747384492018 1.0273972602739727 450
1747384495965 1.0502283105022832 460
1747384495964 1.0502283105022832 460
1747384499857 1.0730593607305936 470
1747384499857 1.0730593607305936 470
1747384503854 1.095890410958904 480
1747384503855 1.095890410958904 480
1747384507854 1.1187214611872145 490
1747384507855 1.1187214611872145 490
1747384511928 1.1415525114155252 500
1747384511929 1.1415525114155252 500
1747384517607 1.1643835616438356 510
1747384517608 1.1643835616438356 510
1747384523288 1.187214611872146 520
1747384523289 1.187214611872146 520
1747384527154 1.2100456621004567 530
1747384527154 1.2100456621004567 530
1747384531192 1.2328767123287672 540
1747384531193 1.2328767123287672 540
1747384535080 1.2557077625570776 550
1747384535081 1.2557077625570776 550
1747384538975 1.278538812785388 560
1747384538975 1.278538812785388 560
1747384542903 1.3013698630136985 570
1747384542919 1.3013698630136985 570
1747384548468 1.3242009132420092 580
1747384548468 1.3242009132420092 580
1747384552421 1.3470319634703196 590
1747384552421 1.3470319634703196 590
1747384556367 1.36986301369863 600
1747384556367 1.36986301369863 600
1747384561911 1.3926940639269407 610
1747384561911 1.3926940639269407 610
1747384567391 1.4155251141552512 620
1747384567391 1.4155251141552512 620
1747384572883 1.4383561643835616 630
1747384572883 1.4383561643835616 630
1747384576738 1.461187214611872 640
1747384576738 1.461187214611872 640
1747384580578 1.4840182648401825 650
1747384580578 1.4840182648401825 650
1747384584927 1.5068493150684932 660
1747384584934 1.5068493150684932 660
1747384588935 1.5296803652968036 670
1747384588936 1.5296803652968036 670
1747384594603 1.5525114155251143 680
1747384594603 1.5525114155251143 680
1747384598597 1.5753424657534247 690
1747384598597 1.5753424657534247 690
1747384602514 1.5981735159817352 700
1747384602514 1.5981735159817352 700
1747384608084 1.6210045662100456 710
1747384608084 1.6210045662100456 710
1747384612139 1.643835616438356 720
1747384612139 1.643835616438356 720
1747384617796 1.6666666666666665 730
1747384617796 1.6666666666666665 730
1747384621832 1.6894977168949772 740
1747384621833 1.6894977168949772 740
1747384625835 1.7123287671232876 750
1747384625835 1.7123287671232876 750
1747384629781 1.7351598173515983 760
1747384629781 1.7351598173515983 760
1747384633740 1.7579908675799087 770
1747384633741 1.7579908675799087 770
1747384639480 1.7808219178082192 780
1747384639481 1.7808219178082192 780
1747384643490 1.8036529680365296 790
1747384643490 1.8036529680365296 790
1747384647370 1.82648401826484 800
1747384647370 1.82648401826484 800
1747384653051 1.8493150684931505 810
1747384653052 1.8493150684931505 810
1747384657055 1.8721461187214612 820
1747384657055 1.8721461187214612 820
1747384661016 1.8949771689497716 830
1747384661016 1.8949771689497716 830
1747384664981 1.9178082191780823 840
1747384664981 1.9178082191780823 840
1747384668939 1.9406392694063928 850
1747384668939 1.9406392694063928 850
1747384674684 1.9634703196347032 860
1747384674684 1.9634703196347032 860
1747384678635 1.9863013698630136 870
1747384678636 1.9863013698630136 870
1747384694284 2.0 876
1747384694284 2.0 876
1747384697425 2.009132420091324 880
1747384697425 2.009132420091324 880
1747384701370 2.0319634703196345 890
1747384701371 2.0319634703196345 890
1747384705496 2.0547945205479454 900
1747384705496 2.0547945205479454 900
1747384709491 2.077625570776256 910
1747384709486 2.077625570776256 910
1747384713491 2.1004566210045663 920
1747384713492 2.1004566210045663 920
1747384717415 2.1232876712328768 930
1747384717416 2.1232876712328768 930
1747384721348 2.146118721461187 940
1747384721348 2.146118721461187 940
1747384725330 2.1689497716894977 950
1747384725330 2.1689497716894977 950
1747384729292 2.191780821917808 960
1747384729292 2.191780821917808 960
1747384733246 2.2146118721461185 970
1747384733246 2.2146118721461185 970
1747384738768 2.237442922374429 980
1747384738768 2.237442922374429 980
1747384742669 2.26027397260274 990
1747384742669 2.26027397260274 990
1747384746549 2.2831050228310503 1000
1747384746549 2.2831050228310503 1000
1747384750434 2.3059360730593608 1010
1747384750448 2.3059360730593608 1010
1747384754336 2.328767123287671 1020
1747384754336 2.328767123287671 1020
1747384758238 2.3515981735159817 1030
1747384758238 2.3515981735159817 1030
1747384765443 2.374429223744292 1040
1747384765443 2.374429223744292 1040
1747384769482 2.3972602739726026 1050
1747384769482 2.3972602739726026 1050
1747384773562 2.4200913242009134 1060
1747384773562 2.4200913242009134 1060
1747384777578 2.442922374429224 1070
1747384777576 2.442922374429224 1070
1747384781483 2.4657534246575343 1080
1747384781483 2.4657534246575343 1080
1747384785473 2.4885844748858448 1090
1747384785475 2.4885844748858448 1090
1747384789390 2.5114155251141552 1100
1747384789390 2.5114155251141552 1100
1747384793312 2.5342465753424657 1110
1747384793312 2.5342465753424657 1110
1747384798929 2.557077625570776 1120
1747384798929 2.557077625570776 1120
1747384804503 2.5799086757990866 1130
1747384804503 2.5799086757990866 1130
1747384808424 2.602739726027397 1140
1747384808424 2.602739726027397 1140
1747384812372 2.625570776255708 1150
1747384812373 2.625570776255708 1150
1747384816349 2.6484018264840183 1160
1747384816351 2.6484018264840183 1160
1747384820285 2.671232876712329 1170
1747384820286 2.671232876712329 1170
1747384826108 2.6940639269406392 1180
1747384826109 2.6940639269406392 1180
1747384832149 2.7168949771689497 1190
1747384832147 2.7168949771689497 1190
1747384836125 2.73972602739726 1200
1747384836126 2.73972602739726 1200
1747384843557 2.762557077625571 1210
1747384843557 2.762557077625571 1210
1747384849161 2.7853881278538815 1220
1747384849162 2.7853881278538815 1220
1747384853067 2.808219178082192 1230
1747384853068 2.808219178082192 1230
1747384858688 2.8310502283105023 1240
1747384858689 2.8310502283105023 1240
1747384862682 2.853881278538813 1250
1747384862682 2.853881278538813 1250
1747384869969 2.8767123287671232 1260
1747384869970 2.8767123287671232 1260
1747384873927 2.8995433789954337 1270
1747384873928 2.8995433789954337 1270
1747384877919 2.922374429223744 1280
1747384877920 2.922374429223744 1280
1747384882242 2.9452054794520546 1290
1747384882243 2.9452054794520546 1290
1747384886254 2.968036529680365 1300
1747384886254 2.968036529680365 1300
1747384891979 2.990867579908676 1310
1747384891977 2.990867579908676 1310
1747384905558 3.0 1314
1747384905559 3.0 1314
1747384910311 3.0136986301369864 1320
1747384910312 3.0136986301369864 1320
1747384914666 3.036529680365297 1330
1747384914667 3.036529680365297 1330
1747384918673 3.0593607305936072 1340
1747384918674 3.0593607305936072 1340
1747384922902 3.0821917808219177 1350
1747384922899 3.0821917808219177 1350
1747384927088 3.105022831050228 1360
1747384927090 3.105022831050228 1360
1747384931121 3.127853881278539 1370
1747384931122 3.127853881278539 1370
1747384935177 3.1506849315068495 1380
1747384935178 3.1506849315068495 1380
1747384939349 3.17351598173516 1390
1747384939349 3.17351598173516 1390
1747384945427 3.1963470319634704 1400
1747384945428 3.1963470319634704 1400
1747384949326 3.219178082191781 1410
1747384949327 3.219178082191781 1410
1747384953277 3.2420091324200913 1420
1747384953277 3.2420091324200913 1420
1747384957223 3.2648401826484017 1430
1747384957223 3.2648401826484017 1430
1747384961136 3.287671232876712 1440
1747384961137 3.287671232876712 1440
1747384966693 3.3105022831050226 1450
1747384966694 3.3105022831050226 1450
1747384970740 3.3333333333333335 1460
1747384970741 3.3333333333333335 1460
1747384974743 3.356164383561644 1470
1747384974744 3.356164383561644 1470
1747384978699 3.3789954337899544 1480
1747384978699 3.3789954337899544 1480
1747384984293 3.401826484018265 1490
1747384984294 3.401826484018265 1490
1747384988553 3.4246575342465753 1500
1747384988554 3.4246575342465753 1500
1747384992576 3.4474885844748857 1510
1747384992575 3.4474885844748857 1510
1747384996625 3.470319634703196 1520
1747384996627 3.470319634703196 1520
1747385002311 3.493150684931507 1530
1747385002312 3.493150684931507 1530
1747385007920 3.5159817351598175 1540
1747385007920 3.5159817351598175 1540
1747385011928 3.538812785388128 1550
1747385011928 3.538812785388128 1550
1747385015879 3.5616438356164384 1560
1747385015879 3.5616438356164384 1560
1747385019804 3.584474885844749 1570
1747385019804 3.584474885844749 1570
1747385023731 3.6073059360730593 1580
1747385023731 3.6073059360730593 1580
1747385029267 3.6301369863013697 1590
1747385029283 3.6301369863013697 1590
1747385034865 3.65296803652968 1600
1747385034870 3.65296803652968 1600
1747385038773 3.6757990867579906 1610
1747385038773 3.6757990867579906 1610
1747385042709 3.6986301369863015 1620
1747385042709 3.6986301369863015 1620
1747385046890 3.721461187214612 1630
1747385046891 3.721461187214612 1630
1747385050982 3.7442922374429224 1640
1747385050984 3.7442922374429224 1640
1747385055064 3.767123287671233 1650
1747385055064 3.767123287671233 1650
1747385059322 3.7899543378995433 1660
1747385059322 3.7899543378995433 1660
1747385063278 3.8127853881278537 1670
1747385063278 3.8127853881278537 1670
1747385067222 3.8356164383561646 1680
1747385067222 3.8356164383561646 1680
1747385071183 3.858447488584475 1690
1747385071185 3.858447488584475 1690
1747385075258 3.8812785388127855 1700
1747385075258 3.8812785388127855 1700
1747385079381 3.904109589041096 1710
1747385079381 3.904109589041096 1710
1747385084787 3.9269406392694064 1720
1747385084787 3.9269406392694064 1720
1747385088808 3.949771689497717 1730
1747385088808 3.949771689497717 1730
1747385092968 3.9726027397260273 1740
1747385092968 3.9726027397260273 1740
1747385097052 3.9954337899543377 1750
1747385097052 3.9954337899543377 1750
1747385109802 4.0 1752
1747385109804 4.0 1752
1747385114947 4.018264840182648 1760
1747385114948 4.018264840182648 1760
1747385120689 4.041095890410959 1770
1747385120689 4.041095890410959 1770
1747385126359 4.063926940639269 1780
1747385126359 4.063926940639269 1780
1747385132020 4.0867579908675795 1790
1747385132037 4.0867579908675795 1790
1747385135956 4.109589041095891 1800
1747385135957 4.109589041095891 1800
1747385139902 4.132420091324201 1810
1747385139902 4.132420091324201 1810
1747385145438 4.155251141552512 1820
1747385145438 4.155251141552512 1820
1747385149331 4.178082191780822 1830
1747385149331 4.178082191780822 1830
1747385153207 4.200913242009133 1840
1747385153207 4.200913242009133 1840
1747385157094 4.223744292237443 1850
1747385157094 4.223744292237443 1850
1747385160995 4.2465753424657535 1860
1747385160996 4.2465753424657535 1860
1747385164881 4.269406392694064 1870
1747385164881 4.269406392694064 1870
1747385168775 4.292237442922374 1880
1747385168775 4.292237442922374 1880
1747385172656 4.315068493150685 1890
1747385172656 4.315068493150685 1890
1747385176562 4.337899543378995 1900
1747385176562 4.337899543378995 1900
1747385180452 4.360730593607306 1910
1747385180452 4.360730593607306 1910
1747385184511 4.383561643835616 1920
1747385184511 4.383561643835616 1920
1747385188418 4.406392694063927 1930
1747385188418 4.406392694063927 1930
1747385192322 4.429223744292237 1940
1747385192322 4.429223744292237 1940
1747385196213 4.4520547945205475 1950
1747385196213 4.4520547945205475 1950
1747385200109 4.474885844748858 1960
1747385200109 4.474885844748858 1960
1747385204004 4.497716894977169 1970
1747385204004 4.497716894977169 1970
1747385207905 4.52054794520548 1980
1747385207905 4.52054794520548 1980
1747385211820 4.54337899543379 1990
1747385211821 4.54337899543379 1990
1747385215710 4.566210045662101 2000
1747385215710 4.566210045662101 2000
1747385219618 4.589041095890411 2010
1747385219618 4.589041095890411 2010
1747385223525 4.6118721461187215 2020
1747385223525 4.6118721461187215 2020
1747385227435 4.634703196347032 2030
1747385227435 4.634703196347032 2030
1747385231339 4.657534246575342 2040
1747385231339 4.657534246575342 2040
1747385236146 4.680365296803653 2050
1747385236146 4.680365296803653 2050
1747385240874 4.703196347031963 2060
1747385240874 4.703196347031963 2060
1747385244777 4.726027397260274 2070
1747385244777 4.726027397260274 2070
1747385248674 4.748858447488584 2080
1747385248674 4.748858447488584 2080
1747385252563 4.771689497716895 2090
1747385252563 4.771689497716895 2090
1747385258121 4.794520547945205 2100
1747385258121 4.794520547945205 2100
1747385262009 4.817351598173516 2110
1747385262009 4.817351598173516 2110
1747385265895 4.840182648401827 2120
1747385265895 4.840182648401827 2120
1747385269804 4.863013698630137 2130
1747385269804 4.863013698630137 2130
1747385273748 4.885844748858448 2140
1747385273748 4.885844748858448 2140
1747385277650 4.908675799086758 2150
1747385277650 4.908675799086758 2150
1747385281547 4.931506849315069 2160
1747385281547 4.931506849315069 2160
1747385285451 4.954337899543379 2170
1747385285451 4.954337899543379 2170
1747385289365 4.9771689497716896 2180
1747385289365 4.9771689497716896 2180
1747385293098 5.0 2190
1747385293098 5.0 2190
1747385306716 5.0 2190
1747385306717 5.0 2190
1747385308128 5.0 2190
1747385308128 5.0 2190
