1747384282824 1.7768139839172363 10
1747384282827 1.7768139839172363 10
1747384289704 4.073034763336182 20
1747384289705 4.073034763336182 20
1747384293500 42.54368209838867 30
1747384293501 42.54368209838867 30
1747384297264 2.475836992263794 40
1747384297265 2.475836992263794 40
1747384300989 8.02587604522705 50
1747384300990 8.02587604522705 50
1747384304860 1.8769705295562744 60
1747384304861 1.8769705295562744 60
1747384308781 8.60471248626709 70
1747384308782 8.60471248626709 70
1747384312586 0.6141725182533264 80
1747384312587 0.6141725182533264 80
1747384316732 17.168445587158203 90
1747384316733 17.168445587158203 90
1747384320660 0.866310715675354 100
1747384320662 0.866310715675354 100
1747384324579 0.2777346968650818 110
1747384324578 0.2777346968650818 110
1747384330090 3.530406951904297 120
1747384330091 3.530406951904297 120
1747384333942 16.242216110229492 130
1747384333943 16.242216110229492 130
1747384339397 5.121707439422607 140
1747384339398 5.121707439422607 140
1747384343285 8.240532875061035 150
1747384343286 8.240532875061035 150
1747384350454 4.545681476593018 160
1747384350456 4.545681476593018 160
1747384355998 10.082292556762695 170
1747384355998 10.082292556762695 170
1747384359850 2.3057706356048584 180
1747384359851 2.3057706356048584 180
1747384363713 8.186368942260742 190
1747384363713 8.186368942260742 190
1747384367587 0.2707071304321289 200
1747384367588 0.2707071304321289 200
1747384371446 0.08263394981622696 210
1747384371447 0.08263394981622696 210
1747384376973 0.06259657442569733 220
1747384376972 0.06259657442569733 220
1747384380834 0.03640395402908325 230
1747384380834 0.03640395402908325 230
1747384384674 0.025255277752876282 240
1747384384674 0.025255277752876282 240
1747384388869 0.09488534182310104 250
1747384388873 0.09488534182310104 250
1747384395691 0.10390744358301163 260
1747384395692 0.10390744358301163 260
1747384399700 27.545652389526367 270
1747384399701 27.545652389526367 270
1747384403598 26.127792358398438 280
1747384403598 26.127792358398438 280
1747384409196 0.06569904834032059 290
1747384409197 0.06569904834032059 290
1747384413117 0.04290946200489998 300
1747384413117 0.04290946200489998 300
1747384417006 2.4533884525299072 310
1747384417005 2.4533884525299072 310
1747384420907 39.87122344970703 320
1747384420908 39.87122344970703 320
1747384426328 1.6885747909545898 330
1747384426332 1.6885747909545898 330
1747384430427 4.356849670410156 340
1747384430428 4.356849670410156 340
1747384434320 1.1688538789749146 350
1747384434320 1.1688538789749146 350
1747384438242 0.179103821516037 360
1747384438243 0.179103821516037 360
1747384443793 0.08242593705654144 370
1747384443794 0.08242593705654144 370
1747384447658 0.05643148347735405 380
1747384447659 0.05643148347735405 380
1747384451542 0.039543863385915756 390
1747384451543 0.039543863385915756 390
1747384455472 0.020322220399975777 400
1747384455472 0.020322220399975777 400
1747384459399 0.20805682241916656 410
1747384459400 0.20805682241916656 410
1747384463334 1.211155652999878 420
1747384463335 1.211155652999878 420
1747384467332 2.4772675037384033 430
1747384467332 2.4772675037384033 430
1747384486279 0.24391727149486542 440
1747384486280 0.24391727149486542 440
1747384492017 0.09298961609601974 450
1747384492018 0.09298961609601974 450
1747384495965 0.043080393224954605 460
1747384495964 0.043080393224954605 460
1747384499857 6.489856719970703 470
1747384499857 6.489856719970703 470
1747384503854 9.940860748291016 480
1747384503855 9.940860748291016 480
1747384507854 0.01265822071582079 490
1747384507855 0.01265822071582079 490
1747384511928 0.017626775428652763 500
1747384511929 0.017626775428652763 500
1747384517607 0.02251458540558815 510
1747384517608 0.02251458540558815 510
1747384523288 18.63620948791504 520
1747384523289 18.63620948791504 520
1747384527154 14.736970901489258 530
1747384527154 14.736970901489258 530
1747384531192 0.02639547735452652 540
1747384531193 0.02639547735452652 540
1747384535080 0.006791642867028713 550
1747384535081 0.006791642867028713 550
1747384538975 0.530025839805603 560
1747384538975 0.530025839805603 560
1747384542903 0.015455389395356178 570
1747384542919 0.015455389395356178 570
1747384548468 0.004488987848162651 580
1747384548468 0.004488987848162651 580
1747384552421 0.7256786227226257 590
1747384552421 0.7256786227226257 590
1747384556367 0.02978411689400673 600
1747384556367 0.02978411689400673 600
1747384561911 0.02615668624639511 610
1747384561911 0.02615668624639511 610
1747384567391 0.013780019246041775 620
1747384567391 0.013780019246041775 620
1747384572883 27.996639251708984 630
1747384572883 27.996639251708984 630
1747384576738 0.008561662398278713 640
1747384576738 0.008561662398278713 640
1747384580578 0.007506818510591984 650
1747384580578 0.007506818510591984 650
1747384584927 0.026378702372312546 660
1747384584934 0.026378702372312546 660
1747384588935 0.011815602891147137 670
1747384588936 0.011815602891147137 670
1747384594603 0.017363665625452995 680
1747384594603 0.017363665625452995 680
1747384598597 0.005230994429439306 690
1747384598597 0.005230994429439306 690
1747384602514 0.012603570707142353 700
1747384602514 0.012603570707142353 700
1747384608084 0.01723937876522541 710
1747384608084 0.01723937876522541 710
1747384612139 0.04988403990864754 720
1747384612139 0.04988403990864754 720
1747384617796 0.03661195561289787 730
1747384617796 0.03661195561289787 730
1747384621832 35.491573333740234 740
1747384621833 35.491573333740234 740
1747384625835 0.018754521384835243 750
1747384625835 0.018754521384835243 750
1747384629781 0.037969715893268585 760
1747384629781 0.037969715893268585 760
1747384633740 0.014324039220809937 770
1747384633741 0.014324039220809937 770
1747384639480 17.018285751342773 780
1747384639481 17.018285751342773 780
1747384643490 0.016738900914788246 790
1747384643490 0.016738900914788246 790
1747384647370 0.007556261029094458 800
1747384647370 0.007556261029094458 800
1747384653051 6.635258197784424 810
1747384653052 6.635258197784424 810
1747384657055 0.00724879652261734 820
1747384657055 0.00724879652261734 820
1747384661016 0.010583821684122086 830
1747384661016 0.010583821684122086 830
1747384664981 0.05046776309609413 840
1747384664981 0.05046776309609413 840
1747384668939 0.042043961584568024 850
1747384668939 0.042043961584568024 850
1747384674684 0.03274822235107422 860
1747384674684 0.03274822235107422 860
1747384678635 0.049979571253061295 870
1747384678636 0.049979571253061295 870
1747384697425 0.008984165266156197 880
1747384697425 0.008984165266156197 880
1747384701370 0.006114168092608452 890
1747384701371 0.006114168092608452 890
1747384705496 20.853614807128906 900
1747384709491 0.004393358249217272 910
1747384709486 0.004393358249217272 910
1747384713491 0.003151052398607135 920
1747384713492 0.003151052398607135 920
1747384717415 0.0031757839024066925 930
1747384717416 0.0031757839024066925 930
1747384721348 0.011394770815968513 940
1747384721348 0.011394770815968513 940
1747384725330 0.007424718234688044 950
1747384725330 0.007424718234688044 950
1747384729292 0.0057405089028179646 960
1747384729292 0.0057405089028179646 960
1747384733246 0.007074605207890272 970
1747384733246 0.007074605207890272 970
1747384738768 0.009126494638621807 980
1747384738768 0.009126494638621807 980
1747384742669 0.005106739699840546 990
1747384742669 0.005106739699840546 990
1747384746549 0.0049925004132092 1000
1747384746549 0.0049925004132092 1000
1747384750434 0.0025145995896309614 1010
1747384750448 0.0025145995896309614 1010
1747384754336 64.51486206054688 1020
1747384754336 64.51486206054688 1020
1747384758238 0.005250038579106331 1030
1747384758238 0.005250038579106331 1030
1747384765443 0.23160266876220703 1040
1747384765443 0.23160266876220703 1040
1747384769482 0.001706430222839117 1050
1747384769482 0.001706430222839117 1050
1747384773562 0.001746453228406608 1060
1747384773562 0.001746453228406608 1060
1747384777578 0.002323601394891739 1070
1747384777576 0.002323601394891739 1070
1747384781483 0.001638659741729498 1080
1747384781483 0.001638659741729498 1080
1747384785473 0.0016338328132405877 1090
1747384785475 0.0016338328132405877 1090
1747384789390 0.0012972420081496239 1100
1747384789390 0.0012972420081496239 1100
1747384793312 0.0015494421822950244 1110
1747384793312 0.0015494421822950244 1110
1747384798929 0.0014963080175220966 1120
1747384798929 0.0014963080175220966 1120
1747384804503 0.0022377397399395704 1130
1747384804503 0.0022377397399395704 1130
1747384808424 2.036377429962158 1140
1747384808424 2.036377429962158 1140
1747384812372 0.002732351189479232 1150
1747384812373 0.002732351189479232 1150
1747384816349 0.002122217323631048 1160
1747384816351 0.002122217323631048 1160
1747384820285 0.004596407525241375 1170
1747384820286 0.004596407525241375 1170
1747384826108 9.138250350952148 1180
1747384826109 9.138250350952148 1180
1747384832149 0.0016667544841766357 1190
1747384832147 0.0016667544841766357 1190
1747384836125 0.0017408655257895589 1200
1747384836126 0.0017408655257895589 1200
1747384843557 0.002100730314850807 1210
1747384843557 0.002100730314850807 1210
1747384849161 0.0017318000318482518 1220
1747384849162 0.0017318000318482518 1220
1747384853067 0.0012507723877206445 1230
1747384853068 0.0012507723877206445 1230
1747384858688 0.0019187197322025895 1240
1747384858689 0.0019187197322025895 1240
1747384862682 0.0027547995559871197 1250
1747384862682 0.0027547995559871197 1250
1747384869969 0.0010740438010543585 1260
1747384869970 0.0010740438010543585 1260
1747384873927 0.0016056294552981853 1270
1747384873928 0.0016056294552981853 1270
1747384877919 0.0013821797911077738 1280
1747384877920 0.0013821797911077738 1280
1747384882242 0.0017482650000602007 1290
1747384882243 0.0017482650000602007 1290
1747384886254 0.0010067682014778256 1300
1747384886254 0.0010067682014778256 1300
1747384891977 47.01848602294922 1310
1747384891979 47.01848602294922 1310
1747384910311 0.0012191085843369365 1320
1747384910312 0.0012191085843369365 1320
1747384914666 0.02397465892136097 1330
1747384914667 0.02397465892136097 1330
1747384918673 0.002897521946579218 1340
1747384918674 0.002897521946579218 1340
1747384922902 0.0039754328317940235 1350
1747384922899 0.0039754328317940235 1350
1747384927088 0.003129749558866024 1360
1747384927090 0.003129749558866024 1360
1747384931121 0.002077676821500063 1370
1747384931122 0.002077676821500063 1370
1747384935177 14.749464988708496 1380
1747384935178 14.749464988708496 1380
1747384939349 0.0013611093163490295 1390
1747384939349 0.0013611093163490295 1390
1747384945427 0.0011765542440116405 1400
1747384945428 0.0011765542440116405 1400
1747384949326 0.0013729281490668654 1410
1747384949327 0.0013729281490668654 1410
1747384953277 1.0780601501464844 1420
1747384953277 1.0780601501464844 1420
1747384957223 0.0015660569770261645 1430
1747384957223 0.0015660569770261645 1430
1747384961136 0.0011709724785760045 1440
1747384961137 0.0011709724785760045 1440
1747384966693 0.001044209930114448 1450
1747384966694 0.001044209930114448 1450
1747384970740 0.001053076470270753 1460
1747384970741 0.001053076470270753 1460
1747384974743 0.0010601647663861513 1470
1747384974744 0.0010601647663861513 1470
1747384978699 0.0009816762758418918 1480
1747384978699 0.0009816762758418918 1480
1747384984293 0.0008681573090143502 1490
1747384984294 0.0008681573090143502 1490
1747384988553 0.0008716436568647623 1500
1747384988554 0.0008716436568647623 1500
1747384992576 0.001885588513687253 1510
1747384992575 0.001885588513687253 1510
1747384996625 0.0008368787821382284 1520
1747384996627 0.0008368787821382284 1520
1747385002311 0.0011030600871890783 1530
1747385002312 0.0011030600871890783 1530
1747385007920 0.0007735042599961162 1540
1747385007920 0.0007735042599961162 1540
1747385011928 0.0012656396720558405 1550
1747385011928 0.0012656396720558405 1550
1747385015879 0.0007920805364847183 1560
1747385015879 0.0007920805364847183 1560
1747385019804 0.0018400991102680564 1570
1747385019804 0.0018400991102680564 1570
1747385023731 0.0016366257332265377 1580
1747385023731 0.0016366257332265377 1580
1747385029267 0.0006548126693814993 1590
1747385029283 0.0006548126693814993 1590
1747385034865 0.0007065340760163963 1600
1747385034870 0.0007065340760163963 1600
1747385038773 0.000689252745360136 1610
1747385038773 0.000689252745360136 1610
1747385042709 0.0005871389294043183 1620
1747385042709 0.0005871389294043183 1620
1747385046890 0.0008970426861196756 1630
1747385046891 0.0008970426861196756 1630
1747385050982 0.0006705789710395038 1640
1747385050984 0.0006705789710395038 1640
1747385055064 0.0005961350398138165 1650
1747385055064 0.0005961350398138165 1650
1747385059322 0.0007280735298991203 1660
1747385059322 0.0007280735298991203 1660
1747385063278 0.0008494905196130276 1670
1747385063278 0.0008494905196130276 1670
1747385067222 0.0027677875477820635 1680
1747385067222 0.0027677875477820635 1680
1747385071183 0.0005625871126540005 1690
1747385071185 0.0005625871126540005 1690
1747385075258 0.0005995098617859185 1700
1747385075258 0.0005995098617859185 1700
1747385079381 0.0005316415335983038 1710
1747385079381 0.0005316415335983038 1710
1747385084787 0.0005524507141672075 1720
1747385084787 0.0005524507141672075 1720
1747385088808 0.0006563625065609813 1730
1747385088808 0.0006563625065609813 1730
1747385092968 0.0005866429419256747 1740
1747385092968 0.0005866429419256747 1740
1747385097052 0.0006752905319444835 1750
1747385097052 0.0006752905319444835 1750
1747385114947 0.0005459728417918086 1760
1747385114948 0.0005459728417918086 1760
1747385120689 0.0004993707989342511 1770
1747385120689 0.0004993707989342511 1770
1747385126359 0.0006744608981534839 1780
1747385126359 0.0006744608981534839 1780
1747385132020 33.794212341308594 1790
1747385132037 33.794212341308594 1790
1747385135956 0.0005101690767332911 1800
1747385135957 0.0005101690767332911 1800
1747385139902 0.0005516495439223945 1810
1747385139902 0.0005516495439223945 1810
1747385145438 0.000494914420414716 1820
1747385145438 0.000494914420414716 1820
1747385149331 0.0005463481065817177 1830
1747385149331 0.0005463481065817177 1830
1747385153207 0.0005263813072815537 1840
1747385153207 0.0005263813072815537 1840
1747385157094 0.000500382506288588 1850
1747385157094 0.000500382506288588 1850
1747385160995 0.0006410179776139557 1860
1747385160996 0.0006410179776139557 1860
1747385164881 0.0005132778314873576 1870
1747385164881 0.0005132778314873576 1870
1747385168775 0.0005294299335218966 1880
1747385168775 0.0005294299335218966 1880
1747385172656 0.00047756172716617584 1890
1747385172656 0.00047756172716617584 1890
1747385176562 0.2093363255262375 1900
1747385176562 0.2093363255262375 1900
1747385180452 0.0004111042362637818 1910
1747385180452 0.0004111042362637818 1910
1747385184511 0.0012511424720287323 1920
1747385184511 0.0012511424720287323 1920
1747385188418 0.0004754515830427408 1930
1747385188418 0.0004754515830427408 1930
1747385192322 0.00040466664358973503 1940
1747385192322 0.00040466664358973503 1940
1747385196213 0.0004285717732273042 1950
1747385196213 0.0004285717732273042 1950
1747385200109 0.0004275571263860911 1960
1747385200109 0.0004275571263860911 1960
1747385204004 0.00045542686711996794 1970
1747385204004 0.00045542686711996794 1970
1747385207905 0.00042648109956644475 1980
1747385207905 0.00042648109956644475 1980
1747385211820 0.002814070787280798 1990
1747385211821 0.002814070787280798 1990
1747385215710 0.000410491629736498 2000
1747385215710 0.000410491629736498 2000
1747385219618 0.0005728629184886813 2010
1747385219618 0.0005728629184886813 2010
1747385223525 0.0004712935187853873 2020
1747385223525 0.0004712935187853873 2020
1747385227435 0.000990299740806222 2030
1747385227435 0.000990299740806222 2030
1747385231339 0.0004960032529197633 2040
1747385231339 0.0004960032529197633 2040
1747385236146 0.0004435174632817507 2050
1747385236146 0.0004435174632817507 2050
1747385240874 0.0003720539971254766 2060
1747385240874 0.0003720539971254766 2060
1747385244777 0.00043341907439753413 2070
1747385244777 0.00043341907439753413 2070
1747385248674 0.00048350036377087235 2080
1747385248674 0.00048350036377087235 2080
1747385252563 26.64981460571289 2090
1747385252563 26.64981460571289 2090
1747385258121 0.00037906356737948954 2100
1747385258121 0.00037906356737948954 2100
1747385262009 0.0003928212681785226 2110
1747385262009 0.0003928212681785226 2110
1747385265895 0.000414323469158262 2120
1747385265895 0.000414323469158262 2120
1747385269804 0.00046460144221782684 2130
1747385269804 0.00046460144221782684 2130
1747385273748 0.00039516427204944193 2140
1747385273748 0.00039516427204944193 2140
1747385277650 0.0003497212892398238 2150
1747385277650 0.0003497212892398238 2150
1747385281547 0.001889306353405118 2160
1747385281547 0.001889306353405118 2160
1747385285451 0.007244359236210585 2170
1747385285451 0.007244359236210585 2170
1747385289365 0.007104807998985052 2180
1747385289365 0.007104807998985052 2180
1747385293098 0.004319292027503252 2190
1747385293098 0.004319292027503252 2190
