1747384282824 4.988584474885845e-05 10
1747384282827 4.988584474885845e-05 10
1747384289704 4.977168949771689e-05 20
1747384289705 4.977168949771689e-05 20
1747384293500 4.9657534246575346e-05 30
1747384293501 4.9657534246575346e-05 30
1747384297264 4.9543378995433794e-05 40
1747384297265 4.9543378995433794e-05 40
1747384300989 4.942922374429224e-05 50
1747384300990 4.942922374429224e-05 50
1747384304860 4.9315068493150684e-05 60
1747384304861 4.9315068493150684e-05 60
1747384308781 4.920091324200913e-05 70
1747384308782 4.920091324200913e-05 70
1747384312586 4.908675799086758e-05 80
1747384312587 4.908675799086758e-05 80
1747384316732 4.8972602739726034e-05 90
1747384316733 4.8972602739726034e-05 90
1747384320660 4.8858447488584476e-05 100
1747384320662 4.8858447488584476e-05 100
1747384324579 4.8744292237442924e-05 110
1747384324578 4.8744292237442924e-05 110
1747384330090 4.863013698630137e-05 120
1747384330091 4.863013698630137e-05 120
1747384333942 4.851598173515982e-05 130
1747384333943 4.851598173515982e-05 130
1747384339397 4.840182648401827e-05 140
1747384339398 4.840182648401827e-05 140
1747384343285 4.8287671232876716e-05 150
1747384343286 4.8287671232876716e-05 150
1747384350454 4.8173515981735164e-05 160
1747384350456 4.8173515981735164e-05 160
1747384355998 4.805936073059361e-05 170
1747384355998 4.805936073059361e-05 170
1747384359850 4.794520547945205e-05 180
1747384359851 4.794520547945205e-05 180
1747384363713 4.78310502283105e-05 190
1747384363713 4.78310502283105e-05 190
1747384367587 4.7716894977168955e-05 200
1747384367588 4.7716894977168955e-05 200
1747384371446 4.7602739726027403e-05 210
1747384371447 4.7602739726027403e-05 210
1747384376973 4.7488584474885845e-05 220
1747384376972 4.7488584474885845e-05 220
1747384380834 4.737442922374429e-05 230
1747384380834 4.737442922374429e-05 230
1747384384674 4.726027397260274e-05 240
1747384384674 4.726027397260274e-05 240
1747384388869 4.714611872146119e-05 250
1747384388873 4.714611872146119e-05 250
1747384395691 4.703196347031964e-05 260
1747384395692 4.703196347031964e-05 260
1747384399700 4.6917808219178085e-05 270
1747384399701 4.6917808219178085e-05 270
1747384403598 4.680365296803653e-05 280
1747384403598 4.680365296803653e-05 280
1747384409196 4.668949771689498e-05 290
1747384409197 4.668949771689498e-05 290
1747384413117 4.657534246575342e-05 300
1747384413117 4.657534246575342e-05 300
1747384417006 4.646118721461187e-05 310
1747384417005 4.646118721461187e-05 310
1747384420907 4.6347031963470325e-05 320
1747384420908 4.6347031963470325e-05 320
1747384426328 4.623287671232877e-05 330
1747384426332 4.623287671232877e-05 330
1747384430427 4.6118721461187214e-05 340
1747384430428 4.6118721461187214e-05 340
1747384434320 4.600456621004566e-05 350
1747384434320 4.600456621004566e-05 350
1747384438242 4.589041095890411e-05 360
1747384438243 4.589041095890411e-05 360
1747384443793 4.577625570776256e-05 370
1747384443794 4.577625570776256e-05 370
1747384447658 4.5662100456621006e-05 380
1747384447659 4.5662100456621006e-05 380
1747384451542 4.5547945205479454e-05 390
1747384451543 4.5547945205479454e-05 390
1747384455472 4.54337899543379e-05 400
1747384455472 4.54337899543379e-05 400
1747384459399 4.531963470319635e-05 410
1747384459400 4.531963470319635e-05 410
1747384463334 4.520547945205479e-05 420
1747384463335 4.520547945205479e-05 420
1747384467332 4.5091324200913246e-05 430
1747384467332 4.5091324200913246e-05 430
1747384486279 4.4977168949771694e-05 440
1747384486280 4.4977168949771694e-05 440
1747384492017 4.486301369863014e-05 450
1747384492018 4.486301369863014e-05 450
1747384495965 4.474885844748858e-05 460
1747384495964 4.474885844748858e-05 460
1747384499857 4.463470319634703e-05 470
1747384499857 4.463470319634703e-05 470
1747384503854 4.452054794520548e-05 480
1747384503855 4.452054794520548e-05 480
1747384507854 4.4406392694063934e-05 490
1747384507855 4.4406392694063934e-05 490
1747384511928 4.4292237442922375e-05 500
1747384511929 4.4292237442922375e-05 500
1747384517607 4.417808219178082e-05 510
1747384517608 4.417808219178082e-05 510
1747384523288 4.406392694063927e-05 520
1747384523289 4.406392694063927e-05 520
1747384527154 4.394977168949772e-05 530
1747384527154 4.394977168949772e-05 530
1747384531192 4.383561643835617e-05 540
1747384531193 4.383561643835617e-05 540
1747384535080 4.3721461187214615e-05 550
1747384535081 4.3721461187214615e-05 550
1747384538975 4.360730593607306e-05 560
1747384538975 4.360730593607306e-05 560
1747384542903 4.349315068493151e-05 570
1747384542919 4.349315068493151e-05 570
1747384548468 4.337899543378995e-05 580
1747384548468 4.337899543378995e-05 580
1747384552421 4.32648401826484e-05 590
1747384552421 4.32648401826484e-05 590
1747384556367 4.3150684931506855e-05 600
1747384556367 4.3150684931506855e-05 600
1747384561911 4.30365296803653e-05 610
1747384561911 4.30365296803653e-05 610
1747384567391 4.2922374429223744e-05 620
1747384567391 4.2922374429223744e-05 620
1747384572883 4.280821917808219e-05 630
1747384572883 4.280821917808219e-05 630
1747384576738 4.269406392694064e-05 640
1747384576738 4.269406392694064e-05 640
1747384580578 4.257990867579909e-05 650
1747384580578 4.257990867579909e-05 650
1747384584927 4.2465753424657536e-05 660
1747384584934 4.2465753424657536e-05 660
1747384588935 4.2351598173515984e-05 670
1747384588936 4.2351598173515984e-05 670
1747384594603 4.223744292237443e-05 680
1747384594603 4.223744292237443e-05 680
1747384598597 4.212328767123288e-05 690
1747384598597 4.212328767123288e-05 690
1747384602514 4.200913242009132e-05 700
1747384602514 4.200913242009132e-05 700
1747384608084 4.1894977168949776e-05 710
1747384608084 4.1894977168949776e-05 710
1747384612139 4.1780821917808224e-05 720
1747384612139 4.1780821917808224e-05 720
1747384617796 4.166666666666667e-05 730
1747384617796 4.166666666666667e-05 730
1747384621832 4.155251141552511e-05 740
1747384621833 4.155251141552511e-05 740
1747384625835 4.143835616438356e-05 750
1747384625835 4.143835616438356e-05 750
1747384629781 4.132420091324201e-05 760
1747384629781 4.132420091324201e-05 760
1747384633740 4.121004566210046e-05 770
1747384633741 4.121004566210046e-05 770
1747384639480 4.1095890410958905e-05 780
1747384639481 4.1095890410958905e-05 780
1747384643490 4.098173515981735e-05 790
1747384643490 4.098173515981735e-05 790
1747384647370 4.08675799086758e-05 800
1747384647370 4.08675799086758e-05 800
1747384653051 4.075342465753425e-05 810
1747384653052 4.075342465753425e-05 810
1747384657055 4.063926940639269e-05 820
1747384657055 4.063926940639269e-05 820
1747384661016 4.0525114155251145e-05 830
1747384661016 4.0525114155251145e-05 830
1747384664981 4.041095890410959e-05 840
1747384664981 4.041095890410959e-05 840
1747384668939 4.029680365296804e-05 850
1747384668939 4.029680365296804e-05 850
1747384674684 4.018264840182648e-05 860
1747384674684 4.018264840182648e-05 860
1747384678635 4.006849315068493e-05 870
1747384678636 4.006849315068493e-05 870
1747384697425 3.995433789954338e-05 880
1747384697425 3.995433789954338e-05 880
1747384701370 3.984018264840183e-05 890
1747384701371 3.984018264840183e-05 890
1747384705496 3.9726027397260274e-05 900
1747384705496 3.9726027397260274e-05 900
1747384709491 3.961187214611872e-05 910
1747384709486 3.961187214611872e-05 910
1747384713491 3.949771689497717e-05 920
1747384713492 3.949771689497717e-05 920
1747384717415 3.938356164383562e-05 930
1747384717416 3.938356164383562e-05 930
1747384721348 3.9269406392694066e-05 940
1747384721348 3.9269406392694066e-05 940
1747384725330 3.9155251141552514e-05 950
1747384725330 3.9155251141552514e-05 950
1747384729292 3.904109589041096e-05 960
1747384729292 3.904109589041096e-05 960
1747384733246 3.892694063926941e-05 970
1747384733246 3.892694063926941e-05 970
1747384738768 3.881278538812785e-05 980
1747384738768 3.881278538812785e-05 980
1747384742669 3.86986301369863e-05 990
1747384742669 3.86986301369863e-05 990
1747384746549 3.8584474885844754e-05 1000
1747384746549 3.8584474885844754e-05 1000
1747384750434 3.84703196347032e-05 1010
1747384750448 3.84703196347032e-05 1010
1747384754336 3.8356164383561644e-05 1020
1747384754336 3.8356164383561644e-05 1020
1747384758238 3.824200913242009e-05 1030
1747384758238 3.824200913242009e-05 1030
1747384765443 3.812785388127854e-05 1040
1747384765443 3.812785388127854e-05 1040
1747384769482 3.801369863013699e-05 1050
1747384769482 3.801369863013699e-05 1050
1747384773562 3.7899543378995436e-05 1060
1747384773562 3.7899543378995436e-05 1060
1747384777578 3.7785388127853884e-05 1070
1747384777576 3.7785388127853884e-05 1070
1747384781483 3.767123287671233e-05 1080
1747384781483 3.767123287671233e-05 1080
1747384785473 3.755707762557078e-05 1090
1747384785475 3.755707762557078e-05 1090
1747384789390 3.744292237442922e-05 1100
1747384789390 3.744292237442922e-05 1100
1747384793312 3.7328767123287675e-05 1110
1747384793312 3.7328767123287675e-05 1110
1747384798929 3.7214611872146123e-05 1120
1747384798929 3.7214611872146123e-05 1120
1747384804503 3.710045662100457e-05 1130
1747384804503 3.710045662100457e-05 1130
1747384808424 3.698630136986301e-05 1140
1747384808424 3.698630136986301e-05 1140
1747384812372 3.687214611872146e-05 1150
1747384812373 3.687214611872146e-05 1150
1747384816349 3.675799086757991e-05 1160
1747384816351 3.675799086757991e-05 1160
1747384820285 3.664383561643836e-05 1170
1747384820286 3.664383561643836e-05 1170
1747384826108 3.6529680365296805e-05 1180
1747384826109 3.6529680365296805e-05 1180
1747384832149 3.641552511415525e-05 1190
1747384832147 3.641552511415525e-05 1190
1747384836125 3.63013698630137e-05 1200
1747384836126 3.63013698630137e-05 1200
1747384843557 3.618721461187215e-05 1210
1747384843557 3.618721461187215e-05 1210
1747384849161 3.60730593607306e-05 1220
1747384849162 3.60730593607306e-05 1220
1747384853067 3.5958904109589045e-05 1230
1747384853068 3.5958904109589045e-05 1230
1747384858688 3.584474885844749e-05 1240
1747384858689 3.584474885844749e-05 1240
1747384862682 3.573059360730594e-05 1250
1747384862682 3.573059360730594e-05 1250
1747384869969 3.561643835616438e-05 1260
1747384869970 3.561643835616438e-05 1260
1747384873927 3.550228310502283e-05 1270
1747384873928 3.550228310502283e-05 1270
1747384877919 3.538812785388128e-05 1280
1747384877920 3.538812785388128e-05 1280
1747384882242 3.527397260273973e-05 1290
1747384882243 3.527397260273973e-05 1290
1747384886254 3.5159817351598174e-05 1300
1747384886254 3.5159817351598174e-05 1300
1747384891979 3.504566210045662e-05 1310
1747384891977 3.504566210045662e-05 1310
1747384910311 3.493150684931507e-05 1320
1747384910312 3.493150684931507e-05 1320
1747384914666 3.481735159817352e-05 1330
1747384914667 3.481735159817352e-05 1330
1747384918673 3.4703196347031966e-05 1340
1747384918674 3.4703196347031966e-05 1340
1747384922902 3.4589041095890414e-05 1350
1747384922899 3.4589041095890414e-05 1350
1747384927088 3.447488584474886e-05 1360
1747384927090 3.447488584474886e-05 1360
1747384931121 3.436073059360731e-05 1370
1747384931122 3.436073059360731e-05 1370
1747384935177 3.424657534246575e-05 1380
1747384935178 3.424657534246575e-05 1380
1747384939349 3.41324200913242e-05 1390
1747384939349 3.41324200913242e-05 1390
1747384945427 3.4018264840182654e-05 1400
1747384945428 3.4018264840182654e-05 1400
1747384949326 3.39041095890411e-05 1410
1747384949327 3.39041095890411e-05 1410
1747384953277 3.378995433789954e-05 1420
1747384953277 3.378995433789954e-05 1420
1747384957223 3.367579908675799e-05 1430
1747384957223 3.367579908675799e-05 1430
1747384961136 3.356164383561644e-05 1440
1747384961137 3.356164383561644e-05 1440
1747384966693 3.344748858447489e-05 1450
1747384966694 3.344748858447489e-05 1450
1747384970740 3.3333333333333335e-05 1460
1747384970741 3.3333333333333335e-05 1460
1747384974743 3.321917808219178e-05 1470
1747384974744 3.321917808219178e-05 1470
1747384978699 3.310502283105023e-05 1480
1747384978699 3.310502283105023e-05 1480
1747384984293 3.299086757990868e-05 1490
1747384984294 3.299086757990868e-05 1490
1747384988553 3.287671232876712e-05 1500
1747384988554 3.287671232876712e-05 1500
1747384992576 3.2762557077625575e-05 1510
1747384992575 3.2762557077625575e-05 1510
1747384996625 3.264840182648402e-05 1520
1747384996627 3.264840182648402e-05 1520
1747385002311 3.253424657534247e-05 1530
1747385002312 3.253424657534247e-05 1530
1747385007920 3.242009132420091e-05 1540
1747385007920 3.242009132420091e-05 1540
1747385011928 3.230593607305936e-05 1550
1747385011928 3.230593607305936e-05 1550
1747385015879 3.219178082191781e-05 1560
1747385015879 3.219178082191781e-05 1560
1747385019804 3.207762557077626e-05 1570
1747385019804 3.207762557077626e-05 1570
1747385023731 3.1963470319634704e-05 1580
1747385023731 3.1963470319634704e-05 1580
1747385029267 3.184931506849315e-05 1590
1747385029283 3.184931506849315e-05 1590
1747385034865 3.17351598173516e-05 1600
1747385034870 3.17351598173516e-05 1600
1747385038773 3.162100456621005e-05 1610
1747385038773 3.162100456621005e-05 1610
1747385042709 3.1506849315068496e-05 1620
1747385042709 3.1506849315068496e-05 1620
1747385046890 3.1392694063926944e-05 1630
1747385046891 3.1392694063926944e-05 1630
1747385050982 3.127853881278539e-05 1640
1747385050984 3.127853881278539e-05 1640
1747385055064 3.116438356164384e-05 1650
1747385055064 3.116438356164384e-05 1650
1747385059322 3.105022831050228e-05 1660
1747385059322 3.105022831050228e-05 1660
1747385063278 3.093607305936073e-05 1670
1747385063278 3.093607305936073e-05 1670
1747385067222 3.082191780821918e-05 1680
1747385067222 3.082191780821918e-05 1680
1747385071183 3.070776255707763e-05 1690
1747385071185 3.070776255707763e-05 1690
1747385075258 3.059360730593607e-05 1700
1747385079381 3.047945205479452e-05 1710
1747385079381 3.047945205479452e-05 1710
1747385084787 3.036529680365297e-05 1720
1747385084787 3.036529680365297e-05 1720
1747385088808 3.025114155251142e-05 1730
1747385088808 3.025114155251142e-05 1730
1747385092968 3.0136986301369862e-05 1740
1747385092968 3.0136986301369862e-05 1740
1747385097052 3.0022831050228313e-05 1750
1747385097052 3.0022831050228313e-05 1750
1747385114947 2.990867579908676e-05 1760
1747385114948 2.990867579908676e-05 1760
1747385120689 2.979452054794521e-05 1770
1747385120689 2.979452054794521e-05 1770
1747385126359 2.9680365296803654e-05 1780
1747385126359 2.9680365296803654e-05 1780
1747385132020 2.9566210045662102e-05 1790
1747385132037 2.9566210045662102e-05 1790
1747385135956 2.945205479452055e-05 1800
1747385135957 2.945205479452055e-05 1800
1747385139902 2.9337899543378998e-05 1810
1747385139902 2.9337899543378998e-05 1810
1747385145438 2.9223744292237442e-05 1820
1747385145438 2.9223744292237442e-05 1820
1747385149331 2.910958904109589e-05 1830
1747385149331 2.910958904109589e-05 1830
1747385153207 2.8995433789954342e-05 1840
1747385153207 2.8995433789954342e-05 1840
1747385157094 2.888127853881279e-05 1850
1747385157094 2.888127853881279e-05 1850
1747385160995 2.8767123287671234e-05 1860
1747385160996 2.8767123287671234e-05 1860
1747385164881 2.8652968036529682e-05 1870
1747385164881 2.8652968036529682e-05 1870
1747385168775 2.853881278538813e-05 1880
1747385168775 2.853881278538813e-05 1880
1747385172656 2.842465753424658e-05 1890
1747385172656 2.842465753424658e-05 1890
1747385176562 2.8310502283105023e-05 1900
1747385176562 2.8310502283105023e-05 1900
1747385180452 2.819634703196347e-05 1910
1747385180452 2.819634703196347e-05 1910
1747385184511 2.808219178082192e-05 1920
1747385184511 2.808219178082192e-05 1920
1747385188418 2.796803652968037e-05 1930
1747385188418 2.796803652968037e-05 1930
1747385192322 2.785388127853881e-05 1940
1747385192322 2.785388127853881e-05 1940
1747385196213 2.7739726027397263e-05 1950
1747385196213 2.7739726027397263e-05 1950
1747385200109 2.762557077625571e-05 1960
1747385200109 2.762557077625571e-05 1960
1747385204004 2.751141552511416e-05 1970
1747385204004 2.751141552511416e-05 1970
1747385207905 2.7397260273972603e-05 1980
1747385207905 2.7397260273972603e-05 1980
1747385211820 2.728310502283105e-05 1990
1747385211821 2.728310502283105e-05 1990
1747385215710 2.71689497716895e-05 2000
1747385215710 2.71689497716895e-05 2000
1747385219618 2.7054794520547947e-05 2010
1747385219618 2.7054794520547947e-05 2010
1747385223525 2.6940639269406392e-05 2020
1747385223525 2.6940639269406392e-05 2020
1747385227435 2.682648401826484e-05 2030
1747385227435 2.682648401826484e-05 2030
1747385231339 2.671232876712329e-05 2040
1747385231339 2.671232876712329e-05 2040
1747385236146 2.659817351598174e-05 2050
1747385236146 2.659817351598174e-05 2050
1747385240874 2.6484018264840184e-05 2060
1747385240874 2.6484018264840184e-05 2060
1747385244777 2.6369863013698632e-05 2070
1747385244777 2.6369863013698632e-05 2070
1747385248674 2.625570776255708e-05 2080
1747385248674 2.625570776255708e-05 2080
1747385252563 2.6141552511415528e-05 2090
1747385252563 2.6141552511415528e-05 2090
1747385258121 2.6027397260273973e-05 2100
1747385258121 2.6027397260273973e-05 2100
1747385262009 2.591324200913242e-05 2110
1747385262009 2.591324200913242e-05 2110
1747385265895 2.579908675799087e-05 2120
1747385265895 2.579908675799087e-05 2120
1747385269804 2.568493150684932e-05 2130
1747385269804 2.568493150684932e-05 2130
1747385273748 2.557077625570776e-05 2140
1747385273748 2.557077625570776e-05 2140
1747385277650 2.5456621004566213e-05 2150
1747385277650 2.5456621004566213e-05 2150
1747385281547 2.534246575342466e-05 2160
1747385281547 2.534246575342466e-05 2160
1747385285451 2.522831050228311e-05 2170
1747385285451 2.522831050228311e-05 2170
1747385289365 2.5114155251141553e-05 2180
1747385289365 2.5114155251141553e-05 2180
1747385293098 2.5e-05 2190
1747385293098 2.5e-05 2190
