1747384282824 0.6641 10
1747384282827 0.6641 10
1747384289704 0.4291 20
1747384289705 0.4291 20
1747384293500 0.2601 30
1747384297264 0.207 40
1747384297265 0.207 40
1747384300989 0.191 50
1747384300990 0.191 50
1747384304860 0.1275 60
1747384304861 0.1275 60
1747384308781 0.1328 70
1747384308782 0.1328 70
1747384312586 0.1286 80
1747384312587 0.1286 80
1747384316732 0.0734 90
1747384316733 0.0734 90
1747384320660 0.1319 100
1747384320662 0.1319 100
1747384324579 0.2449 110
1747384324578 0.2449 110
1747384330090 0.1331 120
1747384330091 0.1331 120
1747384333942 0.1303 130
1747384333943 0.1303 130
1747384339397 0.1673 140
1747384339398 0.1673 140
1747384343285 0.1742 150
1747384343286 0.1742 150
1747384350454 0.0975 160
1747384350456 0.0975 160
1747384355998 0.1372 170
1747384355998 0.1372 170
1747384359850 0.1416 180
1747384359851 0.1416 180
1747384363713 0.085 190
1747384363713 0.085 190
1747384367587 0.1479 200
1747384367588 0.1479 200
1747384371446 0.0689 210
1747384371447 0.0689 210
1747384376972 0.0758 220
1747384376973 0.0758 220
1747384380834 0.0035 230
1747384380834 0.0035 230
1747384384674 0.0728 240
1747384384674 0.0728 240
1747384388869 0.0865 250
1747384388873 0.0865 250
1747384395691 0.0808 260
1747384395692 0.0808 260
1747384399700 0.1387 270
1747384399701 0.1387 270
1747384403598 0.0871 280
1747384403598 0.0871 280
1747384409196 0.0705 290
1747384409197 0.0705 290
1747384413117 0.0036 300
1747384413117 0.0036 300
1747384417006 0.1616 310
1747384417005 0.1616 310
1747384420907 0.1166 320
1747384420908 0.1166 320
1747384426328 0.0933 330
1747384426332 0.0933 330
1747384430427 0.0891 340
1747384430428 0.0891 340
1747384434320 0.0453 350
1747384434320 0.0453 350
1747384438242 0.0438 360
1747384438243 0.0438 360
1747384443793 0.0497 370
1747384443794 0.0497 370
1747384447658 0.0746 380
1747384447659 0.0746 380
1747384451542 0.0791 390
1747384451543 0.0791 390
1747384455472 0.0512 400
1747384455472 0.0512 400
1747384459399 0.1168 410
1747384459400 0.1168 410
1747384463334 0.0842 420
1747384463335 0.0842 420
1747384467332 0.0534 430
1747384467332 0.0534 430
1747384486279 0.0504 440
1747384486280 0.0504 440
1747384492017 0.033 450
1747384492018 0.033 450
1747384495965 0.0497 460
1747384495964 0.0497 460
1747384499857 0.0987 470
1747384499857 0.0987 470
1747384503854 0.0082 480
1747384503855 0.0082 480
1747384507854 0.0233 490
1747384507855 0.0233 490
1747384511928 0.0343 500
1747384511929 0.0343 500
1747384517607 0.0468 510
1747384517608 0.0468 510
1747384523288 0.0776 520
1747384523289 0.0776 520
1747384527154 0.0044 530
1747384527154 0.0044 530
1747384531192 0.0278 540
1747384531193 0.0278 540
1747384535080 0.0004 550
1747384535081 0.0004 550
1747384538975 0.0658 560
1747384538975 0.0658 560
1747384542903 0.0003 570
1747384542919 0.0003 570
1747384548468 0.0003 580
1747384548468 0.0003 580
1747384552421 0.0537 590
1747384552421 0.0537 590
1747384556367 0.0078 600
1747384556367 0.0078 600
1747384561911 0.0494 610
1747384561911 0.0494 610
1747384567391 0.0353 620
1747384567391 0.0353 620
1747384572883 0.0247 630
1747384572883 0.0247 630
1747384576738 0.0371 640
1747384576738 0.0371 640
1747384580578 0.0676 650
1747384580578 0.0676 650
1747384584927 0.0006 660
1747384584934 0.0006 660
1747384588935 0.0458 670
1747384588936 0.0458 670
1747384594603 0.0026 680
1747384598597 0.0007 690
1747384598597 0.0007 690
1747384602514 0.0054 700
1747384602514 0.0054 700
1747384608084 0.1266 710
1747384608084 0.1266 710
1747384612139 0.0115 720
1747384612139 0.0115 720
1747384617796 0.0382 730
1747384617796 0.0382 730
1747384621832 0.0103 740
1747384621833 0.0103 740
1747384625835 0.0008 750
1747384625835 0.0008 750
1747384629781 0.0355 760
1747384629781 0.0355 760
1747384633740 0.0006 770
1747384633741 0.0006 770
1747384639480 0.0536 780
1747384639481 0.0536 780
1747384643490 0.0303 790
1747384643490 0.0303 790
1747384647370 0.0156 800
1747384647370 0.0156 800
1747384653051 0.0423 810
1747384653052 0.0423 810
1747384657055 0.0368 820
1747384657055 0.0368 820
1747384661016 0.0493 830
1747384661016 0.0493 830
1747384664981 0.0333 840
1747384664981 0.0333 840
1747384668939 0.037 850
1747384668939 0.037 850
1747384674684 0.0053 860
1747384674684 0.0053 860
1747384678635 0.0007 870
1747384678636 0.0007 870
1747384697425 0.0115 880
1747384697425 0.0115 880
1747384701370 0.0004 890
1747384701371 0.0004 890
1747384705496 0.0337 900
1747384705496 0.0337 900
1747384709491 0.0002 910
1747384709486 0.0002 910
1747384713491 0.0073 920
1747384713492 0.0073 920
1747384717415 0.0036 930
1747384717416 0.0036 930
1747384721348 0.0427 940
1747384721348 0.0427 940
1747384725330 0.0022 950
1747384725330 0.0022 950
1747384729292 0.0002 960
1747384729292 0.0002 960
1747384733246 0.0002 970
1747384733246 0.0002 970
1747384738768 0.0002 980
1747384738768 0.0002 980
1747384742669 0.0002 990
1747384742669 0.0002 990
1747384746549 0.036 1000
1747384746549 0.036 1000
1747384750434 0.0069 1010
1747384750448 0.0069 1010
1747384754336 0.0237 1020
1747384754336 0.0237 1020
1747384758238 0.019 1030
1747384758238 0.019 1030
1747384765443 0.0022 1040
1747384765443 0.0022 1040
1747384769482 0.0001 1050
1747384769482 0.0001 1050
1747384773562 0.0001 1060
1747384773562 0.0001 1060
1747384777576 0.0001 1070
1747384777578 0.0001 1070
1747384781483 0.0001 1080
1747384781483 0.0001 1080
1747384785473 0.0001 1090
1747384785475 0.0001 1090
1747384789390 0.0001 1100
1747384789390 0.0001 1100
1747384793312 0.0001 1110
1747384793312 0.0001 1110
1747384798929 0.0443 1120
1747384798929 0.0443 1120
1747384804503 0.0001 1130
1747384804503 0.0001 1130
1747384808424 0.0006 1140
1747384808424 0.0006 1140
1747384812372 0.103 1150
1747384816349 0.0003 1160
1747384816351 0.0003 1160
1747384820285 0.0001 1170
1747384820286 0.0001 1170
1747384826108 0.0051 1180
1747384826109 0.0051 1180
1747384832149 0.0001 1190
1747384832147 0.0001 1190
1747384836125 0.0001 1200
1747384836126 0.0001 1200
1747384843557 0.0001 1210
1747384843557 0.0001 1210
1747384849161 0.0002 1220
1747384849162 0.0002 1220
1747384853067 0.0001 1230
1747384853068 0.0001 1230
1747384858688 0.0001 1240
1747384858689 0.0001 1240
1747384862682 0.0003 1250
1747384862682 0.0003 1250
1747384869969 0.0001 1260
1747384869970 0.0001 1260
1747384873927 0.0 1270
1747384873928 0.0 1270
1747384877919 0.0 1280
1747384877920 0.0 1280
1747384882242 0.0001 1290
1747384882243 0.0001 1290
1747384886254 0.0 1300
1747384886254 0.0 1300
1747384891977 0.0468 1310
1747384891979 0.0468 1310
1747384910311 0.0146 1320
1747384910312 0.0146 1320
1747384914666 0.0569 1330
1747384914667 0.0569 1330
1747384918673 0.0001 1340
1747384918674 0.0001 1340
1747384922902 0.0001 1350
1747384922899 0.0001 1350
1747384927088 0.0002 1360
1747384927090 0.0002 1360
1747384931121 0.0001 1370
1747384931122 0.0001 1370
1747384935177 0.0023 1380
1747384935178 0.0023 1380
1747384939349 0.0001 1390
1747384939349 0.0001 1390
1747384945427 0.0001 1400
1747384945428 0.0001 1400
1747384949326 0.0001 1410
1747384949327 0.0001 1410
1747384953277 0.0017 1420
1747384953277 0.0017 1420
1747384957223 0.0237 1430
1747384957223 0.0237 1430
1747384961136 0.0035 1440
1747384961137 0.0035 1440
1747384966693 0.036 1450
1747384966694 0.036 1450
1747384970740 0.0014 1460
1747384970741 0.0014 1460
1747384974743 0.0 1470
1747384974744 0.0 1470
1747384978699 0.0 1480
1747384978699 0.0 1480
1747384984293 0.0041 1490
1747384984294 0.0041 1490
1747384988553 0.0 1500
1747384988554 0.0 1500
1747384992576 0.0 1510
1747384992575 0.0 1510
1747384996625 0.0001 1520
1747384996627 0.0001 1520
1747385002311 0.0001 1530
1747385002312 0.0001 1530
1747385007920 0.0 1540
1747385007920 0.0 1540
1747385011928 0.0 1550
1747385011928 0.0 1550
1747385015879 0.0 1560
1747385015879 0.0 1560
1747385019804 0.0 1570
1747385019804 0.0 1570
1747385023731 0.0 1580
1747385023731 0.0 1580
1747385029267 0.0 1590
1747385029283 0.0 1590
1747385034865 0.0 1600
1747385034870 0.0 1600
1747385038773 0.0 1610
1747385038773 0.0 1610
1747385042709 0.0 1620
1747385042709 0.0 1620
1747385046890 0.0 1630
1747385046891 0.0 1630
1747385050982 0.0001 1640
1747385050984 0.0001 1640
1747385055064 0.0 1650
1747385055064 0.0 1650
1747385059322 0.0 1660
1747385059322 0.0 1660
1747385063278 0.0 1670
1747385063278 0.0 1670
1747385067222 0.0 1680
1747385067222 0.0 1680
1747385071183 0.0 1690
1747385071185 0.0 1690
1747385075258 0.0 1700
1747385075258 0.0 1700
1747385079381 0.0 1710
1747385079381 0.0 1710
1747385084787 0.0 1720
1747385084787 0.0 1720
1747385088808 0.0017 1730
1747385088808 0.0017 1730
1747385092968 0.0 1740
1747385092968 0.0 1740
1747385097052 0.0039 1750
1747385097052 0.0039 1750
1747385114947 0.0 1760
1747385114948 0.0 1760
1747385120689 0.0 1770
1747385120689 0.0 1770
1747385126359 0.0 1780
1747385126359 0.0 1780
1747385132020 0.0187 1790
1747385132037 0.0187 1790
1747385135956 0.0 1800
1747385135957 0.0 1800
1747385139902 0.0025 1810
1747385139902 0.0025 1810
1747385145438 0.0 1820
1747385145438 0.0 1820
1747385149331 0.0 1830
1747385149331 0.0 1830
1747385153207 0.0 1840
1747385153207 0.0 1840
1747385157094 0.0019 1850
1747385157094 0.0019 1850
1747385160995 0.0165 1860
1747385160996 0.0165 1860
1747385164881 0.0001 1870
1747385164881 0.0001 1870
1747385168775 0.0 1880
1747385168775 0.0 1880
1747385172656 0.0 1890
1747385172656 0.0 1890
1747385176562 0.0001 1900
1747385176562 0.0001 1900
1747385180452 0.0 1910
1747385180452 0.0 1910
1747385184511 0.0 1920
1747385184511 0.0 1920
1747385188418 0.0 1930
1747385188418 0.0 1930
1747385192322 0.0 1940
1747385192322 0.0 1940
1747385196213 0.0 1950
1747385196213 0.0 1950
1747385200109 0.0 1960
1747385200109 0.0 1960
1747385204004 0.0 1970
1747385204004 0.0 1970
1747385207905 0.0 1980
1747385207905 0.0 1980
1747385211820 0.0373 1990
1747385211821 0.0373 1990
1747385215710 0.0397 2000
1747385215710 0.0397 2000
1747385219618 0.0 2010
1747385219618 0.0 2010
1747385223525 0.0 2020
1747385223525 0.0 2020
1747385227435 0.0 2030
1747385227435 0.0 2030
1747385231339 0.0 2040
1747385231339 0.0 2040
1747385236146 0.0 2050
1747385236146 0.0 2050
1747385240874 0.0 2060
1747385240874 0.0 2060
1747385244777 0.0 2070
1747385244777 0.0 2070
1747385248674 0.0002 2080
1747385248674 0.0002 2080
1747385252563 0.0036 2090
1747385252563 0.0036 2090
1747385258121 0.0 2100
1747385258121 0.0 2100
1747385262009 0.0 2110
1747385262009 0.0 2110
1747385265895 0.0064 2120
1747385265895 0.0064 2120
1747385269804 0.0007 2130
1747385269804 0.0007 2130
1747385273748 0.0436 2140
1747385273748 0.0436 2140
1747385277650 0.0 2150
1747385277650 0.0 2150
1747385281547 0.0672 2160
1747385281547 0.0672 2160
1747385285451 0.0002 2170
1747385285451 0.0002 2170
1747385289365 0.0002 2180
1747385289365 0.0002 2180
1747385293098 0.0002 2190
1747385293098 0.0002 2190
