1747387798857 0.11235955056179775 10
1747387798857 0.11235955056179775 10
1747387802446 0.2247191011235955 20
1747387802462 0.2247191011235955 20
1747387804415 0.33707865168539325 30
1747387804415 0.33707865168539325 30
1747387806333 0.449438202247191 40
1747387806333 0.449438202247191 40
1747387808405 0.5617977528089888 50
1747387808405 0.5617977528089888 50
1747387811891 0.6741573033707865 60
1747387811891 0.6741573033707865 60
1747387815508 0.7865168539325843 70
1747387815510 0.7865168539325843 70
1747387818330 0.898876404494382 80
1747387818335 0.898876404494382 80
1747387821933 1.0 89
1747387821933 1.0 89
1747387823187 1.0112359550561798 90
1747387823187 1.0112359550561798 90
1747387825963 1.1235955056179776 100
1747387825961 1.1235955056179776 100
1747387828642 1.2359550561797752 110
1747387828642 1.2359550561797752 110
1747387832719 1.348314606741573 120
1747387832723 1.348314606741573 120
1747387835795 1.4606741573033708 130
1747387835795 1.4606741573033708 130
1747387839381 1.5730337078651684 140
1747387839383 1.5730337078651684 140
1747387842958 1.6853932584269664 150
1747387842958 1.6853932584269664 150
1747387844862 1.797752808988764 160
1747387844862 1.797752808988764 160
1747387846793 1.9101123595505618 170
1747387846793 1.9101123595505618 170
1747387849475 2.0 178
1747387849475 2.0 178
1747387850854 2.0224719101123596 180
1747387850854 2.0224719101123596 180
1747387852790 2.134831460674157 190
1747387852790 2.134831460674157 190
1747387854733 2.247191011235955 200
1747387854733 2.247191011235955 200
1747387856656 2.359550561797753 210
1747387856656 2.359550561797753 210
1747387859479 2.4719101123595504 220
1747387859479 2.4719101123595504 220
1747387862224 2.5842696629213484 230
1747387862224 2.5842696629213484 230
1747387864189 2.696629213483146 240
1747387864189 2.696629213483146 240
1747387866138 2.808988764044944 250
1747387866138 2.808988764044944 250
1747387869800 2.9213483146067416 260
1747387869800 2.9213483146067416 260
1747387874069 3.0 267
1747387874069 3.0 267
1747387876108 3.033707865168539 270
1747387876108 3.033707865168539 270
1747387878130 3.146067415730337 280
1747387878130 3.146067415730337 280
1747387880126 3.258426966292135 290
1747387880126 3.258426966292135 290
1747387883763 3.370786516853933 300
1747387883763 3.370786516853933 300
1747387885727 3.4831460674157304 310
1747387885727 3.4831460674157304 310
1747387889353 3.595505617977528 320
1747387889355 3.595505617977528 320
1747387891327 3.7078651685393256 330
1747387891327 3.7078651685393256 330
1747387893283 3.8202247191011236 340
1747387893285 3.8202247191011236 340
1747387895242 3.932584269662921 350
1747387895243 3.932584269662921 350
1747387897542 4.0 356
1747387897542 4.0 356
1747387899313 4.044943820224719 360
1747387899313 4.044943820224719 360
1747387901284 4.157303370786517 370
1747387901284 4.157303370786517 370
1747387903226 4.269662921348314 380
1747387903226 4.269662921348314 380
1747387906861 4.382022471910112 390
1747387906861 4.382022471910112 390
1747387908842 4.49438202247191 400
1747387908842 4.49438202247191 400
1747387910830 4.606741573033708 410
1747387910830 4.606741573033708 410
1747387912809 4.719101123595506 420
1747387912809 4.719101123595506 420
1747387914814 4.831460674157303 430
1747387914814 4.831460674157303 430
1747387916828 4.943820224719101 440
1747387916828 4.943820224719101 440
1747387919014 5.0 445
1747387919016 5.0 445
1747387921913 5.0 445
1747387921915 5.0 445
