1747387798857 1.3371847867965698 10
1747387798857 1.3371847867965698 10
1747387802446 2.0088629722595215 20
1747387802462 2.0088629722595215 20
1747387804415 2.9679434299468994 30
1747387804415 2.9679434299468994 30
1747387806333 5.173922538757324 40
1747387806333 5.173922538757324 40
1747387808405 4.930050849914551 50
1747387808405 4.930050849914551 50
1747387811891 4.571943759918213 60
1747387811891 4.571943759918213 60
1747387815508 3.74765682220459 70
1747387815510 3.74765682220459 70
1747387818330 4.9991044998168945 80
1747387818335 4.9991044998168945 80
1747387823187 2.417203426361084 90
1747387823187 2.417203426361084 90
1747387825961 4.321933269500732 100
1747387825963 4.321933269500732 100
1747387828642 7.018214702606201 110
1747387828642 7.018214702606201 110
1747387832719 3.030003070831299 120
1747387832723 3.030003070831299 120
1747387835795 5.7373881340026855 130
1747387835795 5.7373881340026855 130
1747387839381 4.734374046325684 140
1747387839383 4.734374046325684 140
1747387842958 3.848862886428833 150
1747387842958 3.848862886428833 150
1747387844862 7.199766159057617 160
1747387844862 7.199766159057617 160
1747387846793 1.5794087648391724 170
1747387846793 1.5794087648391724 170
1747387850854 0.3921871781349182 180
1747387850854 0.3921871781349182 180
1747387852790 9.142827987670898 190
1747387852790 9.142827987670898 190
1747387854733 12.34195327758789 200
1747387854733 12.34195327758789 200
1747387856656 6.9451141357421875 210
1747387856656 6.9451141357421875 210
1747387859479 14.957500457763672 220
1747387859479 14.957500457763672 220
1747387862224 11.33503246307373 230
1747387862224 11.33503246307373 230
1747387864189 1.476555347442627 240
1747387864189 1.476555347442627 240
1747387866138 29.54996681213379 250
1747387866138 29.54996681213379 250
1747387869800 13.671957015991211 260
1747387869800 13.671957015991211 260
1747387876108 9.048440933227539 270
1747387876108 9.048440933227539 270
1747387878130 8.65041732788086 280
1747387878130 8.65041732788086 280
1747387880126 19.869138717651367 290
1747387880126 19.869138717651367 290
1747387883763 0.18000991642475128 300
1747387883763 0.18000991642475128 300
1747387885727 0.5252956748008728 310
1747387885727 0.5252956748008728 310
1747387889353 0.38159164786338806 320
1747387889355 0.38159164786338806 320
1747387891327 0.05531942844390869 330
1747387891327 0.05531942844390869 330
1747387893283 0.05104496702551842 340
1747387893285 0.05104496702551842 340
1747387895242 0.07081837952136993 350
1747387895243 0.07081837952136993 350
1747387899313 0.045755963772535324 360
1747387899313 0.045755963772535324 360
1747387901284 0.04198182001709938 370
1747387901284 0.04198182001709938 370
1747387903226 0.020035265013575554 380
1747387903226 0.020035265013575554 380
1747387906861 0.5095021724700928 390
1747387906861 0.5095021724700928 390
1747387908842 0.021427998319268227 400
1747387908842 0.021427998319268227 400
1747387910830 0.022973310202360153 410
1747387910830 0.022973310202360153 410
1747387912809 0.016453484073281288 420
1747387912809 0.016453484073281288 420
1747387914814 0.013641685247421265 430
1747387914814 0.013641685247421265 430
1747387916828 0.014854061417281628 440
1747387916828 0.014854061417281628 440
