1747387798857 4.943820224719101e-05 10
1747387798857 4.943820224719101e-05 10
1747387802446 4.8876404494382024e-05 20
1747387802462 4.8876404494382024e-05 20
1747387804415 4.831460674157304e-05 30
1747387804415 4.831460674157304e-05 30
1747387806333 4.7752808988764046e-05 40
1747387806333 4.7752808988764046e-05 40
1747387808405 4.719101123595506e-05 50
1747387808405 4.719101123595506e-05 50
1747387811891 4.662921348314607e-05 60
1747387811891 4.662921348314607e-05 60
1747387815508 4.606741573033708e-05 70
1747387815510 4.606741573033708e-05 70
1747387818330 4.550561797752809e-05 80
1747387818335 4.550561797752809e-05 80
1747387823187 4.4943820224719104e-05 90
1747387823187 4.4943820224719104e-05 90
1747387825961 4.438202247191011e-05 100
1747387825963 4.438202247191011e-05 100
1747387828642 4.3820224719101126e-05 110
1747387828642 4.3820224719101126e-05 110
1747387832719 4.3258426966292134e-05 120
1747387832723 4.3258426966292134e-05 120
1747387835795 4.269662921348315e-05 130
1747387835795 4.269662921348315e-05 130
1747387839381 4.2134831460674156e-05 140
1747387839383 4.2134831460674156e-05 140
1747387842958 4.157303370786517e-05 150
1747387842958 4.157303370786517e-05 150
1747387844862 4.1011235955056184e-05 160
1747387844862 4.1011235955056184e-05 160
1747387846793 4.044943820224719e-05 170
1747387846793 4.044943820224719e-05 170
1747387850854 3.98876404494382e-05 180
1747387850854 3.98876404494382e-05 180
1747387852790 3.9325842696629214e-05 190
1747387852790 3.9325842696629214e-05 190
1747387854733 3.876404494382023e-05 200
1747387854733 3.876404494382023e-05 200
1747387856656 3.8202247191011236e-05 210
1747387856656 3.8202247191011236e-05 210
1747387859479 3.764044943820225e-05 220
1747387859479 3.764044943820225e-05 220
1747387862224 3.7078651685393264e-05 230
1747387862224 3.7078651685393264e-05 230
1747387864189 3.651685393258427e-05 240
1747387864189 3.651685393258427e-05 240
1747387866138 3.595505617977528e-05 250
1747387866138 3.595505617977528e-05 250
1747387869800 3.5393258426966294e-05 260
1747387869800 3.5393258426966294e-05 260
1747387876108 3.483146067415731e-05 270
1747387876108 3.483146067415731e-05 270
1747387878130 3.4269662921348316e-05 280
1747387878130 3.4269662921348316e-05 280
1747387880126 3.370786516853933e-05 290
1747387880126 3.370786516853933e-05 290
1747387883763 3.314606741573034e-05 300
1747387883763 3.314606741573034e-05 300
1747387885727 3.258426966292135e-05 310
1747387885727 3.258426966292135e-05 310
1747387889353 3.202247191011236e-05 320
1747387889355 3.202247191011236e-05 320
1747387891327 3.1460674157303374e-05 330
1747387891327 3.1460674157303374e-05 330
1747387893283 3.089887640449438e-05 340
1747387893285 3.089887640449438e-05 340
1747387895242 3.0337078651685396e-05 350
1747387895243 3.0337078651685396e-05 350
1747387899313 2.9775280898876406e-05 360
1747387899313 2.9775280898876406e-05 360
1747387901284 2.9213483146067417e-05 370
1747387901284 2.9213483146067417e-05 370
1747387903226 2.8651685393258425e-05 380
1747387903226 2.8651685393258425e-05 380
1747387906861 2.8089887640449443e-05 390
1747387906861 2.8089887640449443e-05 390
1747387908842 2.752808988764045e-05 400
1747387908842 2.752808988764045e-05 400
1747387910830 2.696629213483146e-05 410
1747387910830 2.696629213483146e-05 410
1747387912809 2.6404494382022472e-05 420
1747387912809 2.6404494382022472e-05 420
1747387914814 2.5842696629213486e-05 430
1747387914814 2.5842696629213486e-05 430
1747387916828 2.5280898876404497e-05 440
1747387916828 2.5280898876404497e-05 440
