1747387798857 0.6559 10
1747387798857 0.6559 10
1747387802446 0.6209 20
1747387802462 0.6209 20
1747387804415 0.5819 30
1747387804415 0.5819 30
1747387806333 0.5147 40
1747387806333 0.5147 40
1747387808405 0.416 50
1747387808405 0.416 50
1747387811891 0.4653 60
1747387811891 0.4653 60
1747387815508 0.415 70
1747387815510 0.415 70
1747387818330 0.4448 80
1747387818335 0.4448 80
1747387823187 0.3569 90
1747387823187 0.3569 90
1747387825961 0.2648 100
1747387825963 0.2648 100
1747387828642 0.4258 110
1747387828642 0.4258 110
1747387832719 0.2572 120
1747387832723 0.2572 120
1747387835795 0.196 130
1747387835795 0.196 130
1747387839381 0.1847 140
1747387839383 0.1847 140
1747387842958 0.2767 150
1747387842958 0.2767 150
1747387844862 0.2141 160
1747387844862 0.2141 160
1747387846793 0.325 170
1747387846793 0.325 170
1747387850854 0.197 180
1747387850854 0.197 180
1747387852790 0.166 190
1747387852790 0.166 190
1747387854733 0.1699 200
1747387854733 0.1699 200
1747387856656 0.0615 210
1747387856656 0.0615 210
1747387859479 0.1452 220
1747387859479 0.1452 220
1747387862224 0.1989 230
1747387862224 0.1989 230
1747387864189 0.0764 240
1747387864189 0.0764 240
1747387866138 0.1162 250
1747387866138 0.1162 250
1747387869800 0.1225 260
1747387869800 0.1225 260
1747387876108 0.1187 270
1747387876108 0.1187 270
1747387878130 0.0152 280
1747387878130 0.0152 280
1747387880126 0.0429 290
1747387880126 0.0429 290
1747387883763 0.1064 300
1747387883763 0.1064 300
1747387885727 0.1202 310
1747387885727 0.1202 310
1747387889353 0.0569 320
1747387889355 0.0569 320
1747387891327 0.0497 330
1747387891327 0.0497 330
1747387893283 0.0063 340
1747387893285 0.0063 340
1747387895242 0.0453 350
1747387895243 0.0453 350
1747387899313 0.002 360
1747387899313 0.002 360
1747387901284 0.0348 370
1747387901284 0.0348 370
1747387903226 0.0021 380
1747387903226 0.0021 380
1747387906861 0.0015 390
1747387906861 0.0015 390
1747387908842 0.0011 400
1747387908842 0.0011 400
1747387910830 0.0011 410
1747387910830 0.0011 410
1747387912809 0.0011 420
1747387912809 0.0011 420
1747387914814 0.001 430
1747387914814 0.001 430
1747387916828 0.0313 440
1747387916828 0.0313 440
