1747388649977 0.11235955056179775 10
1747388649978 0.11235955056179775 10
1747388653736 0.2247191011235955 20
1747388653737 0.2247191011235955 20
1747388657556 0.33707865168539325 30
1747388657557 0.33707865168539325 30
1747388661439 0.449438202247191 40
1747388661440 0.449438202247191 40
1747388665282 0.5617977528089888 50
1747388665282 0.5617977528089888 50
1747388669078 0.6741573033707865 60
1747388669079 0.6741573033707865 60
1747388672918 0.7865168539325843 70
1747388672919 0.7865168539325843 70
1747388676785 0.898876404494382 80
1747388676786 0.898876404494382 80
1747388682372 1.0 89
1747388682373 1.0 89
1747388683661 1.0112359550561798 90
1747388683662 1.0112359550561798 90
1747388687456 1.1235955056179776 100
1747388687457 1.1235955056179776 100
1747388691247 1.2359550561797752 110
1747388691246 1.2359550561797752 110
1747388695049 1.348314606741573 120
1747388695050 1.348314606741573 120
1747388698853 1.4606741573033708 130
1747388698852 1.4606741573033708 130
1747388704268 1.5730337078651684 140
1747388704268 1.5730337078651684 140
1747388708034 1.6853932584269664 150
1747388708035 1.6853932584269664 150
1747388711808 1.797752808988764 160
1747388711808 1.797752808988764 160
1747388715591 1.9101123595505618 170
1747388715592 1.9101123595505618 170
1747388720833 2.0 178
1747388720834 2.0 178
1747388722503 2.0224719101123596 180
1747388722503 2.0224719101123596 180
1747388726313 2.134831460674157 190
1747388726314 2.134831460674157 190
1747388730106 2.247191011235955 200
1747388730107 2.247191011235955 200
1747388735588 2.359550561797753 210
1747388735587 2.359550561797753 210
1747388739430 2.4719101123595504 220
1747388739430 2.4719101123595504 220
1747388743325 2.5842696629213484 230
1747388743325 2.5842696629213484 230
1747388747250 2.696629213483146 240
1747388747248 2.696629213483146 240
1747388751148 2.808988764044944 250
1747388751148 2.808988764044944 250
1747388755037 2.9213483146067416 260
1747388755037 2.9213483146067416 260
1747388761631 3.0 267
1747388761629 3.0 267
1747388763704 3.033707865168539 270
1747388763704 3.033707865168539 270
1747388767494 3.146067415730337 280
1747388767494 3.146067415730337 280
1747388771296 3.258426966292135 290
1747388771296 3.258426966292135 290
1747388776750 3.370786516853933 300
1747388776750 3.370786516853933 300
1747388780533 3.4831460674157304 310
1747388780533 3.4831460674157304 310
1747388784333 3.595505617977528 320
1747388784333 3.595505617977528 320
1747388788141 3.7078651685393256 330
1747388788141 3.7078651685393256 330
1747388793611 3.8202247191011236 340
1747388793613 3.8202247191011236 340
1747388797421 3.932584269662921 350
1747388797421 3.932584269662921 350
1747388802003 4.0 356
1747388802003 4.0 356
1747388802907 4.0 356
1747388802907 4.0 356
