1747388649977 1.078582763671875 10
1747388649978 1.078582763671875 10
1747388653736 1.7506465911865234 20
1747388653737 1.7506465911865234 20
1747388657556 2.9868266582489014 30
1747388657557 2.9868266582489014 30
1747388661439 2.1693060398101807 40
1747388661440 2.1693060398101807 40
1747388665282 2.209688663482666 50
1747388665282 2.209688663482666 50
1747388669078 7.334153652191162 60
1747388669079 7.334153652191162 60
1747388672918 4.0645647048950195 70
1747388672919 4.0645647048950195 70
1747388676785 10.814236640930176 80
1747388676786 10.814236640930176 80
1747388683661 4.659943580627441 90
1747388683662 4.659943580627441 90
1747388687456 8.29560661315918 100
1747388687457 8.29560661315918 100
1747388691246 1.5182775259017944 110
1747388691247 1.5182775259017944 110
1747388695049 5.724948406219482 120
1747388695050 5.724948406219482 120
1747388698853 8.518917083740234 130
1747388698852 8.518917083740234 130
1747388704268 2.7285687923431396 140
1747388704268 2.7285687923431396 140
1747388708034 4.078575134277344 150
1747388708035 4.078575134277344 150
1747388711808 3.25994610786438 160
1747388711808 3.25994610786438 160
1747388715591 4.66817569732666 170
1747388715592 4.66817569732666 170
1747388722503 9.674832344055176 180
1747388722503 9.674832344055176 180
1747388726313 5.219301700592041 190
1747388726314 5.219301700592041 190
1747388730106 3.7188777923583984 200
1747388730107 3.7188777923583984 200
1747388735588 0.6064013242721558 210
1747388735587 0.6064013242721558 210
1747388739430 0.33397912979125977 220
1747388739430 0.33397912979125977 220
1747388743325 0.946086585521698 230
1747388743325 0.946086585521698 230
1747388747250 5.772683620452881 240
1747388747248 5.772683620452881 240
1747388751148 0.16593976318836212 250
1747388751148 0.16593976318836212 250
1747388755037 16.865385055541992 260
1747388755037 16.865385055541992 260
1747388763704 8.973116874694824 270
1747388763704 8.973116874694824 270
1747388767494 0.21845512092113495 280
1747388767494 0.21845512092113495 280
1747388771296 0.03327057883143425 290
1747388771296 0.03327057883143425 290
1747388776750 30.581384658813477 300
1747388776750 30.581384658813477 300
1747388780533 0.02712845802307129 310
1747388780533 0.02712845802307129 310
1747388784333 0.028232214972376823 320
1747388784333 0.028232214972376823 320
1747388788141 0.3730393350124359 330
1747388788141 0.3730393350124359 330
1747388793611 0.053148139268159866 340
1747388793613 0.053148139268159866 340
1747388797421 7.448542594909668 350
1747388797421 7.448542594909668 350
