1747388649977 4.943820224719101e-05 10
1747388649978 4.943820224719101e-05 10
1747388653736 4.8876404494382024e-05 20
1747388653737 4.8876404494382024e-05 20
1747388657556 4.831460674157304e-05 30
1747388657557 4.831460674157304e-05 30
1747388661439 4.7752808988764046e-05 40
1747388661440 4.7752808988764046e-05 40
1747388665282 4.719101123595506e-05 50
1747388665282 4.719101123595506e-05 50
1747388669078 4.662921348314607e-05 60
1747388669079 4.662921348314607e-05 60
1747388672918 4.606741573033708e-05 70
1747388672919 4.606741573033708e-05 70
1747388676785 4.550561797752809e-05 80
1747388676786 4.550561797752809e-05 80
1747388683661 4.4943820224719104e-05 90
1747388683662 4.4943820224719104e-05 90
1747388687456 4.438202247191011e-05 100
1747388687457 4.438202247191011e-05 100
1747388691246 4.3820224719101126e-05 110
1747388691247 4.3820224719101126e-05 110
1747388695049 4.3258426966292134e-05 120
1747388695050 4.3258426966292134e-05 120
1747388698853 4.269662921348315e-05 130
1747388698852 4.269662921348315e-05 130
1747388704268 4.2134831460674156e-05 140
1747388704268 4.2134831460674156e-05 140
1747388708034 4.157303370786517e-05 150
1747388708035 4.157303370786517e-05 150
1747388711808 4.1011235955056184e-05 160
1747388711808 4.1011235955056184e-05 160
1747388715591 4.044943820224719e-05 170
1747388715592 4.044943820224719e-05 170
1747388722503 3.98876404494382e-05 180
1747388722503 3.98876404494382e-05 180
1747388726313 3.9325842696629214e-05 190
1747388726314 3.9325842696629214e-05 190
1747388730106 3.876404494382023e-05 200
1747388730107 3.876404494382023e-05 200
1747388735588 3.8202247191011236e-05 210
1747388735587 3.8202247191011236e-05 210
1747388739430 3.764044943820225e-05 220
1747388739430 3.764044943820225e-05 220
1747388743325 3.7078651685393264e-05 230
1747388743325 3.7078651685393264e-05 230
1747388747250 3.651685393258427e-05 240
1747388747248 3.651685393258427e-05 240
1747388751148 3.595505617977528e-05 250
1747388751148 3.595505617977528e-05 250
1747388755037 3.5393258426966294e-05 260
1747388755037 3.5393258426966294e-05 260
1747388763704 3.483146067415731e-05 270
1747388763704 3.483146067415731e-05 270
1747388767494 3.4269662921348316e-05 280
1747388767494 3.4269662921348316e-05 280
1747388771296 3.370786516853933e-05 290
1747388771296 3.370786516853933e-05 290
1747388776750 3.314606741573034e-05 300
1747388776750 3.314606741573034e-05 300
1747388780533 3.258426966292135e-05 310
1747388780533 3.258426966292135e-05 310
1747388784333 3.202247191011236e-05 320
1747388784333 3.202247191011236e-05 320
1747388788141 3.1460674157303374e-05 330
1747388788141 3.1460674157303374e-05 330
1747388793611 3.089887640449438e-05 340
1747388793613 3.089887640449438e-05 340
1747388797421 3.0337078651685396e-05 350
1747388797421 3.0337078651685396e-05 350
