1747388649977 0.6379 10
1747388649978 0.6379 10
1747388653736 0.564 20
1747388653737 0.564 20
1747388657556 0.5808 30
1747388657557 0.5808 30
1747388661439 0.5032 40
1747388661440 0.5032 40
1747388665282 0.5668 50
1747388665282 0.5668 50
1747388669078 0.4783 60
1747388669079 0.4783 60
1747388672918 0.3656 70
1747388672919 0.3656 70
1747388676785 0.5494 80
1747388676786 0.5494 80
1747388683661 0.4194 90
1747388683662 0.4194 90
1747388687456 0.2871 100
1747388687457 0.2871 100
1747388691246 0.3524 110
1747388691247 0.3524 110
1747388695049 0.2613 120
1747388695050 0.2613 120
1747388698853 0.374 130
1747388698852 0.374 130
1747388704268 0.2611 140
1747388704268 0.2611 140
1747388708034 0.289 150
1747388708035 0.289 150
1747388711808 0.2027 160
1747388711808 0.2027 160
1747388715591 0.2384 170
1747388715592 0.2384 170
1747388722503 0.1986 180
1747388722503 0.1986 180
1747388726313 0.1743 190
1747388726314 0.1743 190
1747388730106 0.1203 200
1747388730107 0.1203 200
1747388735588 0.1163 210
1747388735587 0.1163 210
1747388739430 0.1223 220
1747388739430 0.1223 220
1747388743325 0.1861 230
1747388743325 0.1861 230
1747388747248 0.0859 240
1747388747250 0.0859 240
1747388751148 0.053 250
1747388751148 0.053 250
1747388755037 0.1947 260
1747388755037 0.1947 260
1747388763704 0.1689 270
1747388763704 0.1689 270
1747388767494 0.008 280
1747388767494 0.008 280
1747388771296 0.0776 290
1747388771296 0.0776 290
1747388776750 0.0774 300
1747388776750 0.0774 300
1747388780533 0.0861 310
1747388780533 0.0861 310
1747388784333 0.0946 320
1747388784333 0.0946 320
1747388788141 0.0206 330
1747388788141 0.0206 330
1747388793611 0.0558 340
1747388793613 0.0558 340
1747388797421 0.087 350
1747388797421 0.087 350
