1747235500857 1.0 9
1747235500858 1.0 9
1747235502740 1.1111111111111112 10
1747235502741 1.1111111111111112 10
1747235508041 2.0 18
1747235508042 2.0 18
1747235509981 2.2222222222222223 20
1747235509982 2.2222222222222223 20
1747235513173 3.0 27
1747235513174 3.0 27
1747235517142 3.3333333333333335 30
1747235517142 3.3333333333333335 30
1747235519893 4.0 36
1747235519894 4.0 36
1747235522799 4.444444444444445 40
1747235522798 4.444444444444445 40
1747235525143 5.0 45
1747235525142 5.0 45
1747235528463 5.555555555555555 50
1747235528463 5.555555555555555 50
1747235530377 6.0 54
1747235530377 6.0 54
1747235534703 6.666666666666667 60
1747235534703 6.666666666666667 60
1747235536116 7.0 63
1747235536116 7.0 63
1747235537222 7.0 63
1747235537223 7.0 63
