1747232526925 0.5263157894736842 10
1747232526927 0.5263157894736842 10
1747232534807 1.0 19
1747232534808 1.0 19
1747232536978 1.0526315789473684 20
1747232536980 1.0526315789473684 20
1747232549767 1.5789473684210527 30
1747232549767 1.5789473684210527 30
1747232558506 2.0 38
1747232558507 2.0 38
1747232561501 2.1052631578947367 40
1747232561502 2.1052631578947367 40
1747232572987 2.6315789473684212 50
1747232572988 2.6315789473684212 50
1747232579505 3.0 57
1747232579506 3.0 57
1747232584540 3.1578947368421053 60
1747232584540 3.1578947368421053 60
1747232597521 3.6842105263157894 70
1747232597522 3.6842105263157894 70
1747232603084 4.0 76
1747232603084 4.0 76
1747232607671 4.2105263157894735 80
1747232607671 4.2105263157894735 80
1747232617458 4.7368421052631575 90
1747232617458 4.7368421052631575 90
1747232625520 5.0 95
1747232625536 5.0 95
1747232626900 5.0 95
1747232626901 5.0 95
