1747232526925 2.5597527027130127 10
1747232526927 2.5597527027130127 10
1747232536978 0.1260640174150467 20
1747232536980 0.1260640174150467 20
1747232549767 0.020984625443816185 30
1747232549767 0.020984625443816185 30
1747232561501 0.006728854961693287 40
1747232561502 0.006728854961693287 40
1747232572987 0.004508296027779579 50
1747232572988 0.004508296027779579 50
1747232584540 0.012760001234710217 60
1747232584540 0.012760001234710217 60
1747232597521 0.005356142297387123 70
1747232597522 0.005356142297387123 70
1747232607671 0.024473553523421288 80
1747232607671 0.024473553523421288 80
1747232617458 0.05693913251161575 90
1747232617458 0.05693913251161575 90
