1747232526925 9.473684210526316e-05 10
1747232526927 9.473684210526316e-05 10
1747232536978 8.947368421052632e-05 20
1747232536980 8.947368421052632e-05 20
1747232549767 8.421052631578948e-05 30
1747232549767 8.421052631578948e-05 30
1747232561501 7.894736842105263e-05 40
1747232561502 7.894736842105263e-05 40
1747232572987 7.368421052631579e-05 50
1747232572988 7.368421052631579e-05 50
1747232584540 6.842105263157895e-05 60
1747232584540 6.842105263157895e-05 60
1747232597521 6.31578947368421e-05 70
1747232597522 6.31578947368421e-05 70
1747232607671 5.789473684210527e-05 80
1747232607671 5.789473684210527e-05 80
1747232617458 5.2631578947368424e-05 90
1747232617458 5.2631578947368424e-05 90
