1747370425977 0.11235955056179775 10
1747370425978 0.11235955056179775 10
1747370431518 0.2247191011235955 20
1747370431519 0.2247191011235955 20
1747370437170 0.33707865168539325 30
1747370437176 0.33707865168539325 30
1747370442559 0.449438202247191 40
1747370442560 0.449438202247191 40
1747370449796 0.5617977528089888 50
1747370449798 0.5617977528089888 50
1747370453654 0.6741573033707865 60
1747370453655 0.6741573033707865 60
1747370457479 0.7865168539325843 70
1747370457480 0.7865168539325843 70
1747370461346 0.898876404494382 80
1747370461346 0.898876404494382 80
1747370467255 1.0 89
1747370467256 1.0 89
1747370469013 1.0112359550561798 90
1747370469014 1.0112359550561798 90
1747370474563 1.1235955056179776 100
1747370474564 1.1235955056179776 100
1747370480021 1.2359550561797752 110
1747370480022 1.2359550561797752 110
1747370483897 1.348314606741573 120
1747370483898 1.348314606741573 120
1747370487832 1.4606741573033708 130
1747370487833 1.4606741573033708 130
1747370491705 1.5730337078651684 140
1747370491705 1.5730337078651684 140
1747370495578 1.6853932584269664 150
1747370495579 1.6853932584269664 150
1747370499443 1.797752808988764 160
1747370499444 1.797752808988764 160
1747370504950 1.9101123595505618 170
1747370504950 1.9101123595505618 170
1747370512013 2.0 178
1747370512013 2.0 178
1747370514212 2.0224719101123596 180
1747370514213 2.0224719101123596 180
1747370519774 2.134831460674157 190
1747370519774 2.134831460674157 190
1747370524999 2.247191011235955 200
1747370525002 2.247191011235955 200
1747370529157 2.359550561797753 210
1747370529158 2.359550561797753 210
1747370534664 2.4719101123595504 220
1747370534666 2.4719101123595504 220
1747370538608 2.5842696629213484 230
1747370538609 2.5842696629213484 230
1747370542484 2.696629213483146 240
1747370542485 2.696629213483146 240
1747370546365 2.808988764044944 250
1747370546365 2.808988764044944 250
1747370551889 2.9213483146067416 260
1747370551890 2.9213483146067416 260
1747370558556 3.0 267
1747370558556 3.0 267
1747370561178 3.033707865168539 270
1747370561179 3.033707865168539 270
1747370566674 3.146067415730337 280
1747370566674 3.146067415730337 280
1747370570558 3.258426966292135 290
1747370570559 3.258426966292135 290
1747370576100 3.370786516853933 300
1747370576101 3.370786516853933 300
1747370579958 3.4831460674157304 310
1747370579960 3.4831460674157304 310
1747370583831 3.595505617977528 320
1747370583832 3.595505617977528 320
1747370587704 3.7078651685393256 330
1747370587705 3.7078651685393256 330
1747370591646 3.8202247191011236 340
1747370591647 3.8202247191011236 340
1747370595567 3.932584269662921 350
1747370595566 3.932584269662921 350
1747370600257 4.0 356
1747370600258 4.0 356
1747370603285 4.044943820224719 360
1747370603286 4.044943820224719 360
1747370608843 4.157303370786517 370
1747370608844 4.157303370786517 370
1747370612727 4.269662921348314 380
1747370612728 4.269662921348314 380
1747370616699 4.382022471910112 390
1747370616700 4.382022471910112 390
1747370622281 4.49438202247191 400
1747370622282 4.49438202247191 400
1747370626160 4.606741573033708 410
1747370626161 4.606741573033708 410
1747370630074 4.719101123595506 420
1747370630075 4.719101123595506 420
1747370634094 4.831460674157303 430
1747370634095 4.831460674157303 430
1747370638081 4.943820224719101 440
1747370638081 4.943820224719101 440
1747370642399 5.0 445
1747370642399 5.0 445
1747370645770 5.056179775280899 450
1747370645771 5.056179775280899 450
1747370649701 5.168539325842697 460
1747370649702 5.168539325842697 460
1747370653690 5.280898876404494 470
1747370653691 5.280898876404494 470
1747370659292 5.393258426966292 480
1747370659293 5.393258426966292 480
1747370663350 5.50561797752809 490
1747370663351 5.50561797752809 490
1747370667292 5.617977528089888 500
1747370667293 5.617977528089888 500
1747370671255 5.730337078651686 510
1747370671256 5.730337078651686 510
1747370675207 5.842696629213483 520
1747370675208 5.842696629213483 520
1747370679139 5.955056179775281 530
1747370679139 5.955056179775281 530
1747370684840 6.0 534
1747370684839 6.0 534
1747370686332 6.0 534
1747370686333 6.0 534
