1747370425977 7.309946060180664 10
1747370425978 7.309946060180664 10
1747370431518 3.4901180267333984 20
1747370431519 3.4901180267333984 20
1747370437170 2.891768217086792 30
1747370437176 2.891768217086792 30
1747370442559 2.965773105621338 40
1747370442560 2.965773105621338 40
1747370449796 4.4234299659729 50
1747370449798 4.4234299659729 50
1747370453654 4.532135963439941 60
1747370453655 4.532135963439941 60
1747370457479 10.28302001953125 70
1747370457480 10.28302001953125 70
1747370461346 7.1412434577941895 80
1747370461346 7.1412434577941895 80
1747370469013 3.7121505737304688 90
1747370469014 3.7121505737304688 90
1747370474563 4.256399631500244 100
1747370474564 4.256399631500244 100
1747370480021 3.8266079425811768 110
1747370480022 3.8266079425811768 110
1747370483897 7.915245056152344 120
1747370483898 7.915245056152344 120
1747370487832 7.160956382751465 130
1747370487833 7.160956382751465 130
1747370491705 5.4428558349609375 140
1747370491705 5.4428558349609375 140
1747370495578 5.424232006072998 150
1747370495579 5.424232006072998 150
1747370499443 6.52164888381958 160
1747370499444 6.52164888381958 160
1747370504950 5.098471164703369 170
1747370504950 5.098471164703369 170
1747370514212 10.923145294189453 180
1747370514213 10.923145294189453 180
1747370519774 6.3416619300842285 190
1747370519774 6.3416619300842285 190
1747370524999 5.133456707000732 200
1747370525002 5.133456707000732 200
1747370529157 23.274879455566406 210
1747370529158 23.274879455566406 210
1747370534664 4.135426044464111 220
1747370534666 4.135426044464111 220
1747370538608 5.274702072143555 230
1747370538609 5.274702072143555 230
1747370542484 9.821249008178711 240
1747370542485 9.821249008178711 240
1747370546365 5.731518268585205 250
1747370546365 5.731518268585205 250
1747370551889 3.231583833694458 260
1747370551890 3.231583833694458 260
1747370561178 10.245555877685547 270
1747370561179 10.245555877685547 270
1747370566674 4.747647762298584 280
1747370566674 4.747647762298584 280
1747370570558 10.580228805541992 290
1747370570559 10.580228805541992 290
1747370576100 5.739085674285889 300
1747370576101 5.739085674285889 300
1747370579958 14.56567096710205 310
1747370579960 14.56567096710205 310
1747370583831 6.861697673797607 320
1747370583832 6.861697673797607 320
1747370587704 4.440070629119873 330
1747370587705 4.440070629119873 330
1747370591646 15.522871017456055 340
1747370591647 15.522871017456055 340
1747370595566 7.461612701416016 350
1747370595567 7.461612701416016 350
1747370603285 13.414529800415039 360
1747370603286 13.414529800415039 360
1747370608843 1.4581713676452637 370
1747370608844 1.4581713676452637 370
1747370612727 10.684932708740234 380
1747370612728 10.684932708740234 380
1747370616699 5.024326324462891 390
1747370616700 5.024326324462891 390
1747370622281 19.7846622467041 400
1747370622282 19.7846622467041 400
1747370626160 15.862492561340332 410
1747370626161 15.862492561340332 410
1747370630074 1.808797001838684 420
1747370630075 1.808797001838684 420
1747370634094 0.32451775670051575 430
1747370634095 0.32451775670051575 430
1747370638081 3.469351291656494 440
1747370638081 3.469351291656494 440
1747370645770 4.073662281036377 450
1747370645771 4.073662281036377 450
1747370649701 25.778472900390625 460
1747370649702 25.778472900390625 460
1747370653690 0.43011000752449036 470
1747370653691 0.43011000752449036 470
1747370659292 1.003876805305481 480
1747370659293 1.003876805305481 480
1747370663350 0.3729792833328247 490
1747370663351 0.3729792833328247 490
1747370667292 0.5777956247329712 500
1747370667293 0.5777956247329712 500
1747370671255 1.7957099676132202 510
1747370671256 1.7957099676132202 510
1747370675207 0.6362586617469788 520
1747370675208 0.6362586617469788 520
1747370679139 0.34322866797447205 530
1747370679139 0.34322866797447205 530
