1747370425977 9.887640449438202e-06 10
1747370425978 9.887640449438202e-06 10
1747370431518 9.775280898876405e-06 20
1747370431519 9.775280898876405e-06 20
1747370437170 9.662921348314608e-06 30
1747370437176 9.662921348314608e-06 30
1747370442559 9.55056179775281e-06 40
1747370442560 9.55056179775281e-06 40
1747370449796 9.438202247191012e-06 50
1747370449798 9.438202247191012e-06 50
1747370453654 9.325842696629213e-06 60
1747370453655 9.325842696629213e-06 60
1747370457479 9.213483146067417e-06 70
1747370457480 9.213483146067417e-06 70
1747370461346 9.101123595505619e-06 80
1747370461346 9.101123595505619e-06 80
1747370469013 8.988764044943822e-06 90
1747370469014 8.988764044943822e-06 90
1747370474563 8.876404494382023e-06 100
1747370474564 8.876404494382023e-06 100
1747370480021 8.764044943820226e-06 110
1747370480022 8.764044943820226e-06 110
1747370483897 8.651685393258428e-06 120
1747370483898 8.651685393258428e-06 120
1747370487832 8.53932584269663e-06 130
1747370487833 8.53932584269663e-06 130
1747370491705 8.426966292134832e-06 140
1747370491705 8.426966292134832e-06 140
1747370495578 8.314606741573035e-06 150
1747370495579 8.314606741573035e-06 150
1747370499443 8.202247191011237e-06 160
1747370499444 8.202247191011237e-06 160
1747370504950 8.08988764044944e-06 170
1747370504950 8.08988764044944e-06 170
1747370514212 7.97752808988764e-06 180
1747370514213 7.97752808988764e-06 180
1747370519774 7.865168539325843e-06 190
1747370519774 7.865168539325843e-06 190
1747370524999 7.752808988764046e-06 200
1747370525002 7.752808988764046e-06 200
1747370529157 7.640449438202247e-06 210
1747370529158 7.640449438202247e-06 210
1747370534664 7.5280898876404495e-06 220
1747370534666 7.5280898876404495e-06 220
1747370538608 7.415730337078652e-06 230
1747370538609 7.415730337078652e-06 230
1747370542484 7.303370786516854e-06 240
1747370542485 7.303370786516854e-06 240
1747370546365 7.191011235955056e-06 250
1747370546365 7.191011235955056e-06 250
1747370551889 7.078651685393258e-06 260
1747370551890 7.078651685393258e-06 260
1747370561178 6.966292134831461e-06 270
1747370561179 6.966292134831461e-06 270
1747370566674 6.853932584269663e-06 280
1747370566674 6.853932584269663e-06 280
1747370570558 6.741573033707865e-06 290
1747370570559 6.741573033707865e-06 290
1747370576100 6.629213483146067e-06 300
1747370576101 6.629213483146067e-06 300
1747370579958 6.51685393258427e-06 310
1747370579960 6.51685393258427e-06 310
1747370583831 6.404494382022472e-06 320
1747370583832 6.404494382022472e-06 320
1747370587704 6.292134831460674e-06 330
1747370587705 6.292134831460674e-06 330
1747370591646 6.179775280898876e-06 340
1747370591647 6.179775280898876e-06 340
1747370595566 6.06741573033708e-06 350
1747370595567 6.06741573033708e-06 350
1747370603285 5.955056179775281e-06 360
1747370603286 5.955056179775281e-06 360
1747370608843 5.842696629213483e-06 370
1747370608844 5.842696629213483e-06 370
1747370612727 5.730337078651685e-06 380
1747370612728 5.730337078651685e-06 380
1747370616699 5.617977528089889e-06 390
1747370616700 5.617977528089889e-06 390
1747370622281 5.50561797752809e-06 400
1747370622282 5.50561797752809e-06 400
1747370626160 5.393258426966292e-06 410
1747370626161 5.393258426966292e-06 410
1747370630074 5.280898876404494e-06 420
1747370630075 5.280898876404494e-06 420
1747370634094 5.168539325842698e-06 430
1747370634095 5.168539325842698e-06 430
1747370638081 5.0561797752809e-06 440
1747370638081 5.0561797752809e-06 440
1747370645770 4.943820224719101e-06 450
1747370645771 4.943820224719101e-06 450
1747370649701 4.831460674157304e-06 460
1747370649702 4.831460674157304e-06 460
1747370653690 4.719101123595506e-06 470
1747370653691 4.719101123595506e-06 470
1747370659292 4.606741573033709e-06 480
1747370659293 4.606741573033709e-06 480
1747370663350 4.494382022471911e-06 490
1747370663351 4.494382022471911e-06 490
1747370667292 4.382022471910113e-06 500
1747370667293 4.382022471910113e-06 500
1747370671255 4.269662921348315e-06 510
1747370671256 4.269662921348315e-06 510
1747370675207 4.157303370786518e-06 520
1747370675208 4.157303370786518e-06 520
1747370679139 4.04494382022472e-06 530
1747370679139 4.04494382022472e-06 530
