1747370425977 0.6988 10
1747370425978 0.6988 10
1747370431518 0.6405 20
1747370431519 0.6405 20
1747370437170 0.5525 30
1747370437176 0.5525 30
1747370442559 0.6096 40
1747370442560 0.6096 40
1747370449796 0.6008 50
1747370449798 0.6008 50
1747370453654 0.5479 60
1747370453655 0.5479 60
1747370457479 0.5788 70
1747370457480 0.5788 70
1747370461346 0.5374 80
1747370461346 0.5374 80
1747370469013 0.4945 90
1747370469014 0.4945 90
1747370474563 0.4061 100
1747370474564 0.4061 100
1747370480021 0.4612 110
1747370480022 0.4612 110
1747370483897 0.4037 120
1747370483898 0.4037 120
1747370487832 0.3936 130
1747370487833 0.3936 130
1747370491705 0.3918 140
1747370491705 0.3918 140
1747370495578 0.3511 150
1747370495579 0.3511 150
1747370499443 0.3279 160
1747370499444 0.3279 160
1747370504950 0.3779 170
1747370504950 0.3779 170
1747370514212 0.34 180
1747370514213 0.34 180
1747370519774 0.3158 190
1747370519774 0.3158 190
1747370524999 0.2253 200
1747370525002 0.2253 200
1747370529157 0.245 210
1747370529158 0.245 210
1747370534664 0.2002 220
1747370534666 0.2002 220
1747370538608 0.2074 230
1747370538609 0.2074 230
1747370542484 0.2478 240
1747370542485 0.2478 240
1747370546365 0.2464 250
1747370546365 0.2464 250
1747370551889 0.2185 260
1747370551890 0.2185 260
1747370561178 0.2209 270
1747370561179 0.2209 270
1747370566674 0.1534 280
1747370566674 0.1534 280
1747370570558 0.179 290
1747370570559 0.179 290
1747370576100 0.1439 300
1747370576101 0.1439 300
1747370579958 0.1684 310
1747370579960 0.1684 310
1747370583831 0.1053 320
1747370583832 0.1053 320
1747370587704 0.0768 330
1747370587705 0.0768 330
1747370591646 0.1319 340
1747370591647 0.1319 340
1747370595566 0.1665 350
1747370595567 0.1665 350
1747370603285 0.1289 360
1747370603286 0.1289 360
1747370608843 0.0459 370
1747370608844 0.0459 370
1747370612727 0.0794 380
1747370612728 0.0794 380
1747370616699 0.0316 390
1747370616700 0.0316 390
1747370622281 0.1168 400
1747370622282 0.1168 400
1747370626160 0.0776 410
1747370626161 0.0776 410
1747370630074 0.0363 420
1747370630075 0.0363 420
1747370634094 0.0558 430
1747370634095 0.0558 430
1747370638081 0.0876 440
1747370638081 0.0876 440
1747370645770 0.142 450
1747370645771 0.142 450
1747370649701 0.1015 460
1747370649702 0.1015 460
1747370653690 0.0928 470
1747370653691 0.0928 470
1747370659292 0.0461 480
1747370659293 0.0461 480
1747370663350 0.0527 490
1747370663351 0.0527 490
1747370667292 0.0394 500
1747370667293 0.0394 500
1747370671255 0.0125 510
1747370671256 0.0125 510
1747370675207 0.028 520
1747370675208 0.028 520
1747370679139 0.0199 530
1747370679139 0.0199 530
