1747392341782 0.11235955056179775 10
1747392341783 0.11235955056179775 10
1747392345436 0.2247191011235955 20
1747392345437 0.2247191011235955 20
1747392349084 0.33707865168539325 30
1747392349084 0.33707865168539325 30
1747392352735 0.449438202247191 40
1747392352734 0.449438202247191 40
1747392356369 0.5617977528089888 50
1747392356370 0.5617977528089888 50
1747392359989 0.6741573033707865 60
1747392359990 0.6741573033707865 60
1747392363641 0.7865168539325843 70
1747392363643 0.7865168539325843 70
1747392367304 0.898876404494382 80
1747392367305 0.898876404494382 80
1747392372893 1.0 89
1747392372892 1.0 89
1747392374450 1.0112359550561798 90
1747392374451 1.0112359550561798 90
1747392381425 1.1235955056179776 100
1747392381425 1.1235955056179776 100
1747392385096 1.2359550561797752 110
1747392385097 1.2359550561797752 110
1747392388763 1.348314606741573 120
1747392388764 1.348314606741573 120
1747392392515 1.4606741573033708 130
1747392392516 1.4606741573033708 130
1747392396256 1.5730337078651684 140
1747392396257 1.5730337078651684 140
1747392399994 1.6853932584269664 150
1747392399995 1.6853932584269664 150
1747392403724 1.797752808988764 160
1747392403724 1.797752808988764 160
1747392409043 1.9101123595505618 170
1747392409043 1.9101123595505618 170
1747392414387 2.0 178
1747392414389 2.0 178
1747392416851 2.0224719101123596 180
1747392416852 2.0224719101123596 180
1747392420756 2.134831460674157 190
1747392420758 2.134831460674157 190
1747392426175 2.247191011235955 200
1747392426176 2.247191011235955 200
1747392431574 2.359550561797753 210
1747392431576 2.359550561797753 210
1747392435381 2.4719101123595504 220
1747392435382 2.4719101123595504 220
1747392439193 2.5842696629213484 230
1747392439194 2.5842696629213484 230
1747392443119 2.696629213483146 240
1747392443120 2.696629213483146 240
1747392447074 2.808988764044944 250
1747392447075 2.808988764044944 250
1747392451006 2.9213483146067416 260
1747392451007 2.9213483146067416 260
1747392457695 3.0 267
1747392457696 3.0 267
1747392460677 3.033707865168539 270
1747392460678 3.033707865168539 270
1747392466132 3.146067415730337 280
1747392466134 3.146067415730337 280
1747392471517 3.258426966292135 290
1747392471518 3.258426966292135 290
1747392475303 3.370786516853933 300
1747392475302 3.370786516853933 300
1747392480710 3.4831460674157304 310
1747392480711 3.4831460674157304 310
1747392484488 3.595505617977528 320
1747392484489 3.595505617977528 320
1747392488259 3.7078651685393256 330
1747392488260 3.7078651685393256 330
1747392492045 3.8202247191011236 340
1747392492046 3.8202247191011236 340
1747392497471 3.932584269662921 350
1747392497469 3.932584269662921 350
1747392501986 4.0 356
1747392501987 4.0 356
1747392504612 4.044943820224719 360
1747392504613 4.044943820224719 360
1747392508393 4.157303370786517 370
1747392508394 4.157303370786517 370
1747392513780 4.269662921348314 380
1747392513781 4.269662921348314 380
1747392517553 4.382022471910112 390
1747392517553 4.382022471910112 390
1747392521333 4.49438202247191 400
1747392521334 4.49438202247191 400
1747392526702 4.606741573033708 410
1747392526703 4.606741573033708 410
1747392530470 4.719101123595506 420
1747392530470 4.719101123595506 420
1747392534242 4.831460674157303 430
1747392534241 4.831460674157303 430
1747392538030 4.943820224719101 440
1747392538031 4.943820224719101 440
1747392542166 5.0 445
1747392542166 5.0 445
1747392543096 5.0 445
1747392543097 5.0 445
