1747392341782 6.880643367767334 10
1747392341783 6.880643367767334 10
1747392345437 2.238853931427002 20
1747392345436 2.238853931427002 20
1747392349084 4.722707748413086 30
1747392349084 4.722707748413086 30
1747392352735 2.844054937362671 40
1747392352734 2.844054937362671 40
1747392356369 1.9550470113754272 50
1747392356370 1.9550470113754272 50
1747392359989 5.207244396209717 60
1747392359990 5.207244396209717 60
1747392363641 6.2852935791015625 70
1747392363643 6.2852935791015625 70
1747392367304 9.136307716369629 80
1747392367305 9.136307716369629 80
1747392374450 3.573868751525879 90
1747392374451 3.573868751525879 90
1747392381425 3.547283172607422 100
1747392381425 3.547283172607422 100
1747392385096 6.207230567932129 110
1747392385097 6.207230567932129 110
1747392388763 1.4288623332977295 120
1747392388764 1.4288623332977295 120
1747392392515 6.949122428894043 130
1747392392516 6.949122428894043 130
1747392396256 4.682094573974609 140
1747392396257 4.682094573974609 140
1747392399994 2.2381839752197266 150
1747392399995 2.2381839752197266 150
1747392403724 7.213421821594238 160
1747392403724 7.213421821594238 160
1747392409043 3.780414581298828 170
1747392409043 3.780414581298828 170
1747392416851 1.0123554468154907 180
1747392416852 1.0123554468154907 180
1747392420756 2.492692470550537 190
1747392420758 2.492692470550537 190
1747392426175 2.475858211517334 200
1747392426176 2.475858211517334 200
1747392431574 13.249785423278809 210
1747392431576 13.249785423278809 210
1747392435381 10.20065975189209 220
1747392435382 10.20065975189209 220
1747392439193 10.087004661560059 230
1747392439194 10.087004661560059 230
1747392443119 5.572803020477295 240
1747392443120 5.572803020477295 240
1747392447074 18.943214416503906 250
1747392447075 18.943214416503906 250
1747392451006 18.3128662109375 260
1747392451007 18.3128662109375 260
1747392460677 4.292903900146484 270
1747392460678 4.292903900146484 270
1747392466132 12.774109840393066 280
1747392466134 12.774109840393066 280
1747392471517 15.649436950683594 290
1747392471518 15.649436950683594 290
1747392475303 28.450855255126953 300
1747392475302 28.450855255126953 300
1747392480710 1.4955334663391113 310
1747392480711 1.4955334663391113 310
1747392484488 1.4772320985794067 320
1747392484489 1.4772320985794067 320
1747392488259 4.192715644836426 330
1747392488260 4.192715644836426 330
1747392492045 0.11182468384504318 340
1747392492046 0.11182468384504318 340
1747392497471 0.3848073482513428 350
1747392497469 0.3848073482513428 350
1747392504612 0.13669456541538239 360
1747392504613 0.13669456541538239 360
1747392508393 0.07462867349386215 370
1747392508394 0.07462867349386215 370
1747392513780 0.10804576426744461 380
1747392513781 0.10804576426744461 380
1747392517553 0.062071774154901505 390
1747392517553 0.062071774154901505 390
1747392521333 0.16632910072803497 400
1747392521334 0.16632910072803497 400
1747392526702 0.03924178704619408 410
1747392526703 0.03924178704619408 410
1747392530470 6.006403923034668 420
1747392530470 6.006403923034668 420
1747392534242 1.3852386474609375 430
1747392534241 1.3852386474609375 430
1747392538030 5.8051276206970215 440
1747392538031 5.8051276206970215 440
