1747392341782 4.943820224719101e-05 10
1747392341783 4.943820224719101e-05 10
1747392345436 4.8876404494382024e-05 20
1747392345437 4.8876404494382024e-05 20
1747392349084 4.831460674157304e-05 30
1747392349084 4.831460674157304e-05 30
1747392352735 4.7752808988764046e-05 40
1747392352734 4.7752808988764046e-05 40
1747392356369 4.719101123595506e-05 50
1747392356370 4.719101123595506e-05 50
1747392359989 4.662921348314607e-05 60
1747392359990 4.662921348314607e-05 60
1747392363641 4.606741573033708e-05 70
1747392363643 4.606741573033708e-05 70
1747392367304 4.550561797752809e-05 80
1747392367305 4.550561797752809e-05 80
1747392374450 4.4943820224719104e-05 90
1747392374451 4.4943820224719104e-05 90
1747392381425 4.438202247191011e-05 100
1747392381425 4.438202247191011e-05 100
1747392385096 4.3820224719101126e-05 110
1747392385097 4.3820224719101126e-05 110
1747392388763 4.3258426966292134e-05 120
1747392388764 4.3258426966292134e-05 120
1747392392515 4.269662921348315e-05 130
1747392392516 4.269662921348315e-05 130
1747392396256 4.2134831460674156e-05 140
1747392396257 4.2134831460674156e-05 140
1747392399994 4.157303370786517e-05 150
1747392399995 4.157303370786517e-05 150
1747392403724 4.1011235955056184e-05 160
1747392403724 4.1011235955056184e-05 160
1747392409043 4.044943820224719e-05 170
1747392409043 4.044943820224719e-05 170
1747392416851 3.98876404494382e-05 180
1747392416852 3.98876404494382e-05 180
1747392420756 3.9325842696629214e-05 190
1747392420758 3.9325842696629214e-05 190
1747392426175 3.876404494382023e-05 200
1747392426176 3.876404494382023e-05 200
1747392431574 3.8202247191011236e-05 210
1747392431576 3.8202247191011236e-05 210
1747392435381 3.764044943820225e-05 220
1747392435382 3.764044943820225e-05 220
1747392439193 3.7078651685393264e-05 230
1747392439194 3.7078651685393264e-05 230
1747392443119 3.651685393258427e-05 240
1747392443120 3.651685393258427e-05 240
1747392447074 3.595505617977528e-05 250
1747392447075 3.595505617977528e-05 250
1747392451006 3.5393258426966294e-05 260
1747392451007 3.5393258426966294e-05 260
1747392460677 3.483146067415731e-05 270
1747392460678 3.483146067415731e-05 270
1747392466132 3.4269662921348316e-05 280
1747392466134 3.4269662921348316e-05 280
1747392471517 3.370786516853933e-05 290
1747392471518 3.370786516853933e-05 290
1747392475303 3.314606741573034e-05 300
1747392475302 3.314606741573034e-05 300
1747392480710 3.258426966292135e-05 310
1747392480711 3.258426966292135e-05 310
1747392484488 3.202247191011236e-05 320
1747392484489 3.202247191011236e-05 320
1747392488259 3.1460674157303374e-05 330
1747392488260 3.1460674157303374e-05 330
1747392492045 3.089887640449438e-05 340
1747392492046 3.089887640449438e-05 340
1747392497471 3.0337078651685396e-05 350
1747392497469 3.0337078651685396e-05 350
1747392504612 2.9775280898876406e-05 360
1747392504613 2.9775280898876406e-05 360
1747392508393 2.9213483146067417e-05 370
1747392508394 2.9213483146067417e-05 370
1747392513780 2.8651685393258425e-05 380
1747392513781 2.8651685393258425e-05 380
1747392517553 2.8089887640449443e-05 390
1747392517553 2.8089887640449443e-05 390
1747392521333 2.752808988764045e-05 400
1747392521334 2.752808988764045e-05 400
1747392526702 2.696629213483146e-05 410
1747392526703 2.696629213483146e-05 410
1747392530470 2.6404494382022472e-05 420
1747392530470 2.6404494382022472e-05 420
1747392534242 2.5842696629213486e-05 430
1747392534241 2.5842696629213486e-05 430
1747392538030 2.5280898876404497e-05 440
1747392538031 2.5280898876404497e-05 440
