1747392341782 0.6818 10
1747392341783 0.6818 10
1747392345436 0.6119 20
1747392345437 0.6119 20
1747392349084 0.5907 30
1747392349084 0.5907 30
1747392352735 0.4593 40
1747392352734 0.4593 40
1747392356369 0.5376 50
1747392356370 0.5376 50
1747392359989 0.52 60
1747392359990 0.52 60
1747392363641 0.4935 70
1747392363643 0.4935 70
1747392367304 0.5089 80
1747392367305 0.5089 80
1747392374450 0.4778 90
1747392374451 0.4778 90
1747392381425 0.394 100
1747392381425 0.394 100
1747392385096 0.4796 110
1747392385097 0.4796 110
1747392388763 0.2516 120
1747392388764 0.2516 120
1747392392515 0.3325 130
1747392392516 0.3325 130
1747392396256 0.2636 140
1747392396257 0.2636 140
1747392399994 0.261 150
1747392399995 0.261 150
1747392403724 0.2866 160
1747392403724 0.2866 160
1747392409043 0.2729 170
1747392409043 0.2729 170
1747392416851 0.1463 180
1747392416852 0.1463 180
1747392420756 0.2444 190
1747392420758 0.2444 190
1747392426175 0.2304 200
1747392426176 0.2304 200
1747392431574 0.1752 210
1747392431576 0.1752 210
1747392435381 0.0968 220
1747392435382 0.0968 220
1747392439193 0.2034 230
1747392439194 0.2034 230
1747392443119 0.1511 240
1747392443120 0.1511 240
1747392447074 0.088 250
1747392447075 0.088 250
1747392451006 0.1657 260
1747392451007 0.1657 260
1747392460677 0.1052 270
1747392460678 0.1052 270
1747392466134 0.1085 280
1747392466132 0.1085 280
1747392471517 0.1602 290
1747392471518 0.1602 290
1747392475302 0.0914 300
1747392475303 0.0914 300
1747392480710 0.0403 310
1747392480711 0.0403 310
1747392484488 0.0615 320
1747392484489 0.0615 320
1747392488259 0.0792 330
1747392488260 0.0792 330
1747392492045 0.1807 340
1747392492046 0.1807 340
1747392497471 0.0786 350
1747392497469 0.0786 350
1747392504612 0.0685 360
1747392504613 0.0685 360
1747392508393 0.0223 370
1747392508394 0.0223 370
1747392513780 0.0638 380
1747392513781 0.0638 380
1747392517553 0.0732 390
1747392517553 0.0732 390
1747392521333 0.0378 400
1747392521334 0.0378 400
1747392526702 0.0585 410
1747392526703 0.0585 410
1747392530470 0.056 420
1747392530470 0.056 420
1747392534242 0.0118 430
1747392534241 0.0118 430
1747392538030 0.0471 440
1747392538031 0.0471 440
