1746957046146 0.5555555555555556 10
1746957046147 0.5555555555555556 10
1746957058484 1.0 18
1746957058484 1.0 18
1746957061632 1.1111111111111112 20
1746957061632 1.1111111111111112 20
1746957071378 1.6666666666666665 30
1746957071379 1.6666666666666665 30
1746957082150 2.0 36
1746957082149 2.0 36
1746957092845 2.2222222222222223 40
1746957092851 2.2222222222222223 40
1746957104856 2.7777777777777777 50
1746957104860 2.7777777777777777 50
1746957112471 3.0 54
1746957112471 3.0 54
1746957122014 3.3333333333333335 60
1746957122017 3.3333333333333335 60
1746957131846 3.888888888888889 70
1746957131847 3.888888888888889 70
1746957139442 4.0 72
1746957139442 4.0 72
1746957154198 4.444444444444445 80
1746957154200 4.444444444444445 80
1746957162272 5.0 90
1746957162272 5.0 90
1746957166794 5.0 90
1746957166793 5.0 90
1746957168353 5.0 90
1746957168353 5.0 90
