1746957046146 8.50308895111084 10
1746957046147 8.50308895111084 10
1746957061632 7.295578479766846 20
1746957061632 7.295578479766846 20
1746957071378 1.884448528289795 30
1746957071379 1.884448528289795 30
1746957092845 1.6279577016830444 40
1746957092851 1.6279577016830444 40
1746957104856 2.1421170234680176 50
1746957104860 2.1421170234680176 50
1746957122014 2.071812868118286 60
1746957122017 2.071812868118286 60
1746957131846 2.204602003097534 70
1746957131847 2.204602003097534 70
1746957154198 2.2099602222442627 80
1746957154200 2.2099602222442627 80
1746957162272 1.8361154794692993 90
1746957162272 1.8361154794692993 90
