1746957046146 4.4444444444444447e-05 10
1746957046147 4.4444444444444447e-05 10
1746957061632 3.888888888888889e-05 20
1746957061632 3.888888888888889e-05 20
1746957071378 3.3333333333333335e-05 30
1746957071379 3.3333333333333335e-05 30
1746957092845 2.777777777777778e-05 40
1746957092851 2.777777777777778e-05 40
1746957104856 2.2222222222222223e-05 50
1746957104860 2.2222222222222223e-05 50
1746957122014 1.6666666666666667e-05 60
1746957122017 1.6666666666666667e-05 60
1746957131846 1.1111111111111112e-05 70
1746957131847 1.1111111111111112e-05 70
1746957154198 5.555555555555556e-06 80
1746957154200 5.555555555555556e-06 80
1746957162272 0.0 90
1746957162272 0.0 90
