1747383038393 0.0228310502283105 10
1747383038393 0.0228310502283105 10
1747383042098 0.045662100456621 20
1747383042098 0.045662100456621 20
1747383045806 0.0684931506849315 30
1747383045806 0.0684931506849315 30
1747383049534 0.091324200913242 40
1747383049534 0.091324200913242 40
1747383054898 0.1141552511415525 50
1747383054898 0.1141552511415525 50
1747383058633 0.136986301369863 60
1747383058633 0.136986301369863 60
1747383062378 0.1598173515981735 70
1747383062378 0.1598173515981735 70
1747383066143 0.182648401826484 80
1747383066143 0.182648401826484 80
1747383069901 0.2054794520547945 90
1747383069901 0.2054794520547945 90
1747383075305 0.228310502283105 100
1747383075305 0.228310502283105 100
1747383079088 0.2511415525114155 110
1747383079090 0.2511415525114155 110
1747383084491 0.273972602739726 120
1747383084491 0.273972602739726 120
1747383088257 0.2968036529680365 130
1747383088257 0.2968036529680365 130
1747383093645 0.319634703196347 140
1747383093645 0.319634703196347 140
1747383097406 0.3424657534246575 150
1747383097406 0.3424657534246575 150
1747383101203 0.365296803652968 160
1747383101203 0.365296803652968 160
1747383106598 0.3881278538812785 170
1747383106598 0.3881278538812785 170
1747383110387 0.410958904109589 180
1747383110387 0.410958904109589 180
1747383114171 0.4337899543378995 190
1747383114171 0.4337899543378995 190
1747383117966 0.45662100456621 200
1747383117966 0.45662100456621 200
1747383121763 0.4794520547945205 210
1747383121763 0.4794520547945205 210
1747383125571 0.502283105022831 220
1747383125571 0.502283105022831 220
1747383129388 0.5251141552511416 230
1747383129388 0.5251141552511416 230
1747383133199 0.547945205479452 240
1747383133199 0.547945205479452 240
1747383137025 0.5707762557077626 250
1747383137025 0.5707762557077626 250
1747383140845 0.593607305936073 260
1747383140845 0.593607305936073 260
1747383146293 0.6164383561643836 270
1747383146293 0.6164383561643836 270
1747383150107 0.639269406392694 280
1747383150107 0.639269406392694 280
1747383153926 0.6621004566210046 290
1747383153926 0.6621004566210046 290
1747383157763 0.684931506849315 300
1747383157763 0.684931506849315 300
1747383161584 0.7077625570776256 310
1747383161584 0.7077625570776256 310
1747383165411 0.730593607305936 320
1747383165411 0.730593607305936 320
1747383169252 0.7534246575342466 330
1747383169252 0.7534246575342466 330
1747383173083 0.776255707762557 340
1747383173099 0.776255707762557 340
1747383176941 0.7990867579908676 350
1747383176939 0.7990867579908676 350
1747383182408 0.821917808219178 360
1747383182408 0.821917808219178 360
1747383187873 0.8447488584474886 370
1747383187873 0.8447488584474886 370
1747383191695 0.867579908675799 380
1747383191695 0.867579908675799 380
1747383195549 0.8904109589041096 390
1747383195549 0.8904109589041096 390
1747383199372 0.91324200913242 400
1747383199372 0.91324200913242 400
1747383204830 0.9360730593607306 410
1747383204830 0.9360730593607306 410
1747383208658 0.958904109589041 420
1747383208658 0.958904109589041 420
1747383214130 0.9817351598173516 430
1747383214130 0.9817351598173516 430
1747383230650 1.0 438
1747383230651 1.0 438
1747383233299 1.004566210045662 440
1747383233299 1.004566210045662 440
1747383238866 1.0273972602739727 450
1747383238866 1.0273972602739727 450
1747383244355 1.0502283105022832 460
1747383244356 1.0502283105022832 460
1747383248234 1.0730593607305936 470
1747383248235 1.0730593607305936 470
1747383255453 1.095890410958904 480
1747383255454 1.095890410958904 480
1747383259326 1.1187214611872145 490
1747383259327 1.1187214611872145 490
1747383263166 1.1415525114155252 500
1747383263167 1.1415525114155252 500
1747383267054 1.1643835616438356 510
1747383267054 1.1643835616438356 510
1747383270944 1.187214611872146 520
1747383270944 1.187214611872146 520
1747383274831 1.2100456621004567 530
1747383274831 1.2100456621004567 530
1747383278758 1.2328767123287672 540
1747383278758 1.2328767123287672 540
1747383284267 1.2557077625570776 550
1747383284267 1.2557077625570776 550
1747383288157 1.278538812785388 560
1747383288157 1.278538812785388 560
1747383292036 1.3013698630136985 570
1747383292037 1.3013698630136985 570
1747383295950 1.3242009132420092 580
1747383295950 1.3242009132420092 580
1747383299956 1.3470319634703196 590
1747383299958 1.3470319634703196 590
1747383303864 1.36986301369863 600
1747383303864 1.36986301369863 600
1747383307802 1.3926940639269407 610
1747383307802 1.3926940639269407 610
1747383311727 1.4155251141552512 620
1747383311727 1.4155251141552512 620
1747383315621 1.4383561643835616 630
1747383315629 1.4383561643835616 630
1747383321269 1.461187214611872 640
1747383321269 1.461187214611872 640
1747383328495 1.4840182648401825 650
1747383328495 1.4840182648401825 650
1747383332334 1.5068493150684932 660
1747383332334 1.5068493150684932 660
1747383336160 1.5296803652968036 670
1747383336160 1.5296803652968036 670
1747383340004 1.5525114155251143 680
1747383340004 1.5525114155251143 680
1747383343835 1.5753424657534247 690
1747383343835 1.5753424657534247 690
1747383349337 1.5981735159817352 700
1747383349339 1.5981735159817352 700
1747383353172 1.6210045662100456 710
1747383353174 1.6210045662100456 710
1747383357010 1.643835616438356 720
1747383357010 1.643835616438356 720
1747383360872 1.6666666666666665 730
1747383360872 1.6666666666666665 730
1747383364767 1.6894977168949772 740
1747383364767 1.6894977168949772 740
1747383370378 1.7123287671232876 750
1747383370379 1.7123287671232876 750
1747383374839 1.7351598173515983 760
1747383374839 1.7351598173515983 760
1747383379928 1.7579908675799087 770
1747383379928 1.7579908675799087 770
1747383385509 1.7808219178082192 780
1747383385509 1.7808219178082192 780
1747383389445 1.8036529680365296 790
1747383389445 1.8036529680365296 790
1747383393493 1.82648401826484 800
1747383393493 1.82648401826484 800
1747383397727 1.8493150684931505 810
1747383397727 1.8493150684931505 810
1747383401678 1.8721461187214612 820
1747383401678 1.8721461187214612 820
1747383405608 1.8949771689497716 830
1747383405608 1.8949771689497716 830
1747383409555 1.9178082191780823 840
1747383409555 1.9178082191780823 840
1747383413530 1.9406392694063928 850
1747383413532 1.9406392694063928 850
1747383417465 1.9634703196347032 860
1747383417465 1.9634703196347032 860
1747383421408 1.9863013698630136 870
1747383421408 1.9863013698630136 870
1747383435260 2.0 876
1747383435262 2.0 876
1747383440093 2.009132420091324 880
1747383440093 2.009132420091324 880
1747383444036 2.0319634703196345 890
1747383444036 2.0319634703196345 890
1747383451082 2.0547945205479454 900
1747383451082 2.0547945205479454 900
1747383455201 2.077625570776256 910
1747383455201 2.077625570776256 910
1747383460725 2.1004566210045663 920
1747383460725 2.1004566210045663 920
1747383466252 2.1232876712328768 930
1747383466252 2.1232876712328768 930
1747383470140 2.146118721461187 940
1747383470140 2.146118721461187 940
1747383474027 2.1689497716894977 950
1747383474027 2.1689497716894977 950
1747383477896 2.191780821917808 960
1747383477896 2.191780821917808 960
1747383483444 2.2146118721461185 970
1747383483444 2.2146118721461185 970
1747383487304 2.237442922374429 980
1747383487304 2.237442922374429 980
1747383492773 2.26027397260274 990
1747383492773 2.26027397260274 990
1747383496613 2.2831050228310503 1000
1747383496613 2.2831050228310503 1000
1747383500463 2.3059360730593608 1010
1747383500463 2.3059360730593608 1010
1747383504314 2.328767123287671 1020
1747383504314 2.328767123287671 1020
1747383508209 2.3515981735159817 1030
1747383508209 2.3515981735159817 1030
1747383512116 2.374429223744292 1040
1747383512116 2.374429223744292 1040
1747383516014 2.3972602739726026 1050
1747383516014 2.3972602739726026 1050
1747383521565 2.4200913242009134 1060
1747383521563 2.4200913242009134 1060
1747383527112 2.442922374429224 1070
1747383527112 2.442922374429224 1070
1747383532645 2.4657534246575343 1080
1747383532645 2.4657534246575343 1080
1747383536517 2.4885844748858448 1090
1747383536517 2.4885844748858448 1090
1747383540379 2.5114155251141552 1100
1747383540379 2.5114155251141552 1100
1747383544234 2.5342465753424657 1110
1747383544234 2.5342465753424657 1110
1747383548092 2.557077625570776 1120
1747383548092 2.557077625570776 1120
1747383551951 2.5799086757990866 1130
1747383551951 2.5799086757990866 1130
1747383557451 2.602739726027397 1140
1747383557451 2.602739726027397 1140
1747383561335 2.625570776255708 1150
1747383561335 2.625570776255708 1150
1747383565248 2.6484018264840183 1160
1747383565262 2.6484018264840183 1160
1747383569164 2.671232876712329 1170
1747383569162 2.671232876712329 1170
1747383573075 2.6940639269406392 1180
1747383573075 2.6940639269406392 1180
1747383576955 2.7168949771689497 1190
1747383576955 2.7168949771689497 1190
1747383580928 2.73972602739726 1200
1747383580928 2.73972602739726 1200
1747383585015 2.762557077625571 1210
1747383585015 2.762557077625571 1210
1747383588945 2.7853881278538815 1220
1747383588945 2.7853881278538815 1220
1747383594590 2.808219178082192 1230
1747383594591 2.808219178082192 1230
1747383598490 2.8310502283105023 1240
1747383598490 2.8310502283105023 1240
1747383602385 2.853881278538813 1250
1747383602385 2.853881278538813 1250
1747383606290 2.8767123287671232 1260
1747383606290 2.8767123287671232 1260
1747383610235 2.8995433789954337 1270
1747383610234 2.8995433789954337 1270
1747383615806 2.922374429223744 1280
1747383615806 2.922374429223744 1280
1747383619773 2.9452054794520546 1290
1747383619773 2.9452054794520546 1290
1747383623854 2.968036529680365 1300
1747383623854 2.968036529680365 1300
1747383629428 2.990867579908676 1310
1747383629428 2.990867579908676 1310
1747383642655 3.0 1314
1747383642655 3.0 1314
1747383646671 3.0136986301369864 1320
1747383646671 3.0136986301369864 1320
1747383652506 3.036529680365297 1330
1747383652506 3.036529680365297 1330
1747383656698 3.0593607305936072 1340
1747383656698 3.0593607305936072 1340
1747383660701 3.0821917808219177 1350
1747383660701 3.0821917808219177 1350
1747383666459 3.105022831050228 1360
1747383666457 3.105022831050228 1360
1747383670417 3.127853881278539 1370
1747383670433 3.127853881278539 1370
1747383674414 3.1506849315068495 1380
1747383674412 3.1506849315068495 1380
1747383678357 3.17351598173516 1390
1747383678357 3.17351598173516 1390
1747383682291 3.1963470319634704 1400
1747383682291 3.1963470319634704 1400
1747383686210 3.219178082191781 1410
1747383686210 3.219178082191781 1410
1747383690140 3.2420091324200913 1420
1747383690140 3.2420091324200913 1420
1747383694135 3.2648401826484017 1430
1747383694135 3.2648401826484017 1430
1747383698216 3.287671232876712 1440
1747383698216 3.287671232876712 1440
1747383703629 3.3105022831050226 1450
1747383703629 3.3105022831050226 1450
1747383707551 3.3333333333333335 1460
1747383707551 3.3333333333333335 1460
1747383711572 3.356164383561644 1470
1747383711572 3.356164383561644 1470
1747383717145 3.3789954337899544 1480
1747383717145 3.3789954337899544 1480
1747383721100 3.401826484018265 1490
1747383721100 3.401826484018265 1490
1747383725051 3.4246575342465753 1500
1747383725052 3.4246575342465753 1500
1747383730604 3.4474885844748857 1510
1747383730605 3.4474885844748857 1510
1747383734497 3.470319634703196 1520
1747383734499 3.470319634703196 1520
1747383739993 3.493150684931507 1530
1747383739993 3.493150684931507 1530
1747383743865 3.5159817351598175 1540
1747383743865 3.5159817351598175 1540
1747383747762 3.538812785388128 1550
1747383747762 3.538812785388128 1550
1747383753396 3.5616438356164384 1560
1747383753397 3.5616438356164384 1560
1747383757335 3.584474885844749 1570
1747383757335 3.584474885844749 1570
1747383761282 3.6073059360730593 1580
1747383761282 3.6073059360730593 1580
1747383766819 3.6301369863013697 1590
1747383766819 3.6301369863013697 1590
1747383770743 3.65296803652968 1600
1747383770743 3.65296803652968 1600
1747383774622 3.6757990867579906 1610
1747383774622 3.6757990867579906 1610
1747383778501 3.6986301369863015 1620
1747383778501 3.6986301369863015 1620
1747383782404 3.721461187214612 1630
1747383782404 3.721461187214612 1630
1747383786285 3.7442922374429224 1640
1747383786285 3.7442922374429224 1640
1747383790183 3.767123287671233 1650
1747383790183 3.767123287671233 1650
1747383794076 3.7899543378995433 1660
1747383794078 3.7899543378995433 1660
1747383799590 3.8127853881278537 1670
1747383799592 3.8127853881278537 1670
1747383803492 3.8356164383561646 1680
1747383803492 3.8356164383561646 1680
1747383807508 3.858447488584475 1690
1747383807508 3.858447488584475 1690
1747383811438 3.8812785388127855 1700
1747383811438 3.8812785388127855 1700
1747383815365 3.904109589041096 1710
1747383815365 3.904109589041096 1710
1747383819287 3.9269406392694064 1720
1747383819286 3.9269406392694064 1720
1747383824892 3.949771689497717 1730
1747383824893 3.949771689497717 1730
1747383828815 3.9726027397260273 1740
1747383828815 3.9726027397260273 1740
1747383832703 3.9954337899543377 1750
1747383832703 3.9954337899543377 1750
1747383846764 4.0 1752
1747383846764 4.0 1752
1747383851661 4.018264840182648 1760
1747383851661 4.018264840182648 1760
1747383857206 4.041095890410959 1770
1747383857206 4.041095890410959 1770
1747383861081 4.063926940639269 1780
1747383861081 4.063926940639269 1780
1747383864962 4.0867579908675795 1790
1747383864964 4.0867579908675795 1790
1747383868840 4.109589041095891 1800
1747383868840 4.109589041095891 1800
1747383872721 4.132420091324201 1810
1747383872721 4.132420091324201 1810
1747383878242 4.155251141552512 1820
1747383878242 4.155251141552512 1820
1747383882133 4.178082191780822 1830
1747383882135 4.178082191780822 1830
1747383886007 4.200913242009133 1840
1747383886007 4.200913242009133 1840
1747383890667 4.223744292237443 1850
1747383890683 4.223744292237443 1850
1747383895503 4.2465753424657535 1860
1747383895503 4.2465753424657535 1860
1747383899373 4.269406392694064 1870
1747383899373 4.269406392694064 1870
1747383903273 4.292237442922374 1880
1747383903273 4.292237442922374 1880
1747383907176 4.315068493150685 1890
1747383907176 4.315068493150685 1890
1747383914478 4.337899543378995 1900
1747383914480 4.337899543378995 1900
1747383918427 4.360730593607306 1910
1747383918427 4.360730593607306 1910
1747383922354 4.383561643835616 1920
1747383922354 4.383561643835616 1920
1747383926339 4.406392694063927 1930
1747383926339 4.406392694063927 1930
1747383931884 4.429223744292237 1940
1747383931884 4.429223744292237 1940
1747383935815 4.4520547945205475 1950
1747383935815 4.4520547945205475 1950
1747383939772 4.474885844748858 1960
1747383939772 4.474885844748858 1960
1747383945357 4.497716894977169 1970
1747383945357 4.497716894977169 1970
1747383949252 4.52054794520548 1980
1747383949252 4.52054794520548 1980
1747383953127 4.54337899543379 1990
1747383953129 4.54337899543379 1990
1747383958661 4.566210045662101 2000
1747383958662 4.566210045662101 2000
1747383962558 4.589041095890411 2010
1747383962557 4.589041095890411 2010
1747383966441 4.6118721461187215 2020
1747383966441 4.6118721461187215 2020
1747383970337 4.634703196347032 2030
1747383970338 4.634703196347032 2030
1747383975869 4.657534246575342 2040
1747383975872 4.657534246575342 2040
1747383979774 4.680365296803653 2050
1747383979774 4.680365296803653 2050
1747383983894 4.703196347031963 2060
1747383983896 4.703196347031963 2060
1747383989580 4.726027397260274 2070
1747383989581 4.726027397260274 2070
1747383993708 4.748858447488584 2080
1747383993709 4.748858447488584 2080
1747383997770 4.771689497716895 2090
1747383997770 4.771689497716895 2090
1747384003380 4.794520547945205 2100
1747384003380 4.794520547945205 2100
1747384007454 4.817351598173516 2110
1747384007454 4.817351598173516 2110
1747384011387 4.840182648401827 2120
1747384011387 4.840182648401827 2120
1747384015512 4.863013698630137 2130
1747384015512 4.863013698630137 2130
1747384019631 4.885844748858448 2140
1747384019631 4.885844748858448 2140
1747384023740 4.908675799086758 2150
1747384023741 4.908675799086758 2150
1747384027895 4.931506849315069 2160
1747384027896 4.931506849315069 2160
1747384031971 4.954337899543379 2170
1747384031971 4.954337899543379 2170
1747384039307 4.9771689497716896 2180
1747384039307 4.9771689497716896 2180
1747384046551 5.0 2190
1747384046551 5.0 2190
1747384060178 5.0 2190
1747384060178 5.0 2190
1747384061825 5.0 2190
1747384061825 5.0 2190
