1747383038393 12.234515190124512 10
1747383038393 12.234515190124512 10
1747383042098 4.8024444580078125 20
1747383042098 4.8024444580078125 20
1747383045806 2.662047863006592 30
1747383045806 2.662047863006592 30
1747383049534 3.418515682220459 40
1747383049534 3.418515682220459 40
1747383054898 0.431711882352829 50
1747383054898 0.431711882352829 50
1747383058633 2.1229653358459473 60
1747383058633 2.1229653358459473 60
1747383062378 0.1714320182800293 70
1747383062378 0.1714320182800293 70
1747383066143 5.724484920501709 80
1747383066143 5.724484920501709 80
1747383069901 0.5788848996162415 90
1747383069901 0.5788848996162415 90
1747383075305 5.533587455749512 100
1747383075305 5.533587455749512 100
1747383079088 11.765910148620605 110
1747383079090 11.765910148620605 110
1747383084491 16.069847106933594 120
1747383084491 16.069847106933594 120
1747383088257 16.046825408935547 130
1747383088257 16.046825408935547 130
1747383093645 5.633294105529785 140
1747383093645 5.633294105529785 140
1747383097406 0.29887452721595764 150
1747383097406 0.29887452721595764 150
1747383101203 0.08311589062213898 160
1747383101203 0.08311589062213898 160
1747383106598 0.20136727392673492 170
1747383106598 0.20136727392673492 170
1747383110387 2.3749632835388184 180
1747383110387 2.3749632835388184 180
1747383114171 0.4598696231842041 190
1747383114171 0.4598696231842041 190
1747383117966 1.2719969749450684 200
1747383117966 1.2719969749450684 200
1747383121763 0.12088622897863388 210
1747383121763 0.12088622897863388 210
1747383125571 3.4656999111175537 220
1747383125571 3.4656999111175537 220
1747383129388 6.184878826141357 230
1747383129388 6.184878826141357 230
1747383133199 0.2898169159889221 240
1747383133199 0.2898169159889221 240
1747383137025 0.112490713596344 250
1747383137025 0.112490713596344 250
1747383140845 28.900814056396484 260
1747383140845 28.900814056396484 260
1747383146293 0.06307153403759003 270
1747383146293 0.06307153403759003 270
1747383150107 36.141456604003906 280
1747383150107 36.141456604003906 280
1747383153926 22.88458824157715 290
1747383153926 22.88458824157715 290
1747383157763 13.757813453674316 300
1747383157763 13.757813453674316 300
1747383161584 0.0529969297349453 310
1747383161584 0.0529969297349453 310
1747383165411 0.04448755457997322 320
1747383165411 0.04448755457997322 320
1747383169252 0.01848229579627514 330
1747383169252 0.01848229579627514 330
1747383173083 0.19545722007751465 340
1747383173099 0.19545722007751465 340
1747383176941 0.03678516671061516 350
1747383176939 0.03678516671061516 350
1747383182408 0.036185383796691895 360
1747383182408 0.036185383796691895 360
1747383187873 0.12370572239160538 370
1747383187873 0.12370572239160538 370
1747383191695 0.0344327874481678 380
1747383191695 0.0344327874481678 380
1747383195549 3.9974777698516846 390
1747383195549 3.9974777698516846 390
1747383199372 0.038385964930057526 400
1747383199372 0.038385964930057526 400
1747383204830 8.092150688171387 410
1747383204830 8.092150688171387 410
1747383208658 10.031062126159668 420
1747383208658 10.031062126159668 420
1747383214130 0.030177367851138115 430
1747383214130 0.030177367851138115 430
1747383233299 0.02490667626261711 440
1747383233299 0.02490667626261711 440
1747383238866 19.644140243530273 450
1747383238866 19.644140243530273 450
1747383244355 0.02403564751148224 460
1747383244356 0.02403564751148224 460
1747383248234 0.22869496047496796 470
1747383248235 0.22869496047496796 470
1747383255453 0.024520421400666237 480
1747383255454 0.024520421400666237 480
1747383259326 0.007520574145019054 490
1747383259327 0.007520574145019054 490
1747383263166 0.008363715372979641 500
1747383263167 0.008363715372979641 500
1747383267054 19.94463539123535 510
1747383267054 19.94463539123535 510
1747383270944 0.039324868470430374 520
1747383270944 0.039324868470430374 520
1747383274831 0.1645735204219818 530
1747383274831 0.1645735204219818 530
1747383278758 0.012430839240550995 540
1747383278758 0.012430839240550995 540
1747383284267 0.00918061938136816 550
1747383284267 0.00918061938136816 550
1747383288157 0.00770319951698184 560
1747383288157 0.00770319951698184 560
1747383292036 44.740543365478516 570
1747383292037 44.740543365478516 570
1747383295950 0.030299736186861992 580
1747383295950 0.030299736186861992 580
1747383299956 0.09372566640377045 590
1747383299958 0.09372566640377045 590
1747383303864 0.021778719499707222 600
1747383303864 0.021778719499707222 600
1747383307802 0.09456059336662292 610
1747383307802 0.09456059336662292 610
1747383311727 0.005183351691812277 620
1747383311727 0.005183351691812277 620
1747383315621 0.009958610869944096 630
1747383315629 0.009958610869944096 630
1747383321269 0.00612113019451499 640
1747383321269 0.00612113019451499 640
1747383328495 12.666687965393066 650
1747383328495 12.666687965393066 650
1747383332334 0.005806284956634045 660
1747383332334 0.005806284956634045 660
1747383336160 0.03710560128092766 670
1747383336160 0.03710560128092766 670
1747383340004 0.008972188457846642 680
1747383340004 0.008972188457846642 680
1747383343835 1.8174819946289062 690
1747383343835 1.8174819946289062 690
1747383349337 0.06716465950012207 700
1747383349339 0.06716465950012207 700
1747383353172 0.09786606580018997 710
1747383353174 0.09786606580018997 710
1747383357010 0.06154271215200424 720
1747383357010 0.06154271215200424 720
1747383360872 0.03675162419676781 730
1747383360872 0.03675162419676781 730
1747383364767 0.013801272958517075 740
1747383364767 0.013801272958517075 740
1747383370378 1.0733625888824463 750
1747383370379 1.0733625888824463 750
1747383374839 0.015105088241398335 760
1747383374839 0.015105088241398335 760
1747383379928 0.010960073210299015 770
1747383379928 0.010960073210299015 770
1747383385509 0.011666142381727695 780
1747383385509 0.011666142381727695 780
1747383389445 0.011485761031508446 790
1747383389445 0.011485761031508446 790
1747383393493 0.006193603854626417 800
1747383393493 0.006193603854626417 800
1747383397727 0.025617053732275963 810
1747383397727 0.025617053732275963 810
1747383401678 0.020452560856938362 820
1747383401678 0.020452560856938362 820
1747383405608 0.004603104200214148 830
1747383405608 0.004603104200214148 830
1747383409555 0.013985111378133297 840
1747383409555 0.013985111378133297 840
1747383413530 0.03946199268102646 850
1747383413532 0.03946199268102646 850
1747383417465 20.053512573242188 860
1747383417465 20.053512573242188 860
1747383421408 0.05839628726243973 870
1747383421408 0.05839628726243973 870
1747383440093 0.05300620198249817 880
1747383440093 0.05300620198249817 880
1747383444036 0.04612917825579643 890
1747383444036 0.04612917825579643 890
1747383451082 0.012710359878838062 900
1747383451082 0.012710359878838062 900
1747383455201 0.009559412486851215 910
1747383455201 0.009559412486851215 910
1747383460725 0.004514515865594149 920
1747383460725 0.004514515865594149 920
1747383466252 0.005221723113209009 930
1747383466252 0.005221723113209009 930
1747383470140 0.0036506904289126396 940
1747383470140 0.0036506904289126396 940
1747383474027 0.010149578563869 950
1747383474027 0.010149578563869 950
1747383477896 7.946337699890137 960
1747383477896 7.946337699890137 960
1747383483444 106.86666870117188 970
1747383483444 106.86666870117188 970
1747383487304 0.021747466176748276 980
1747383487304 0.021747466176748276 980
1747383492773 0.029747415333986282 990
1747383492773 0.029747415333986282 990
1747383496613 0.014387577772140503 1000
1747383496613 0.014387577772140503 1000
1747383500463 0.021349534392356873 1010
1747383500463 0.021349534392356873 1010
1747383504314 0.008631793782114983 1020
1747383504314 0.008631793782114983 1020
1747383508209 0.009097382426261902 1030
1747383508209 0.009097382426261902 1030
1747383512116 0.004222217947244644 1040
1747383512116 0.004222217947244644 1040
1747383516014 0.005658543668687344 1050
1747383516014 0.005658543668687344 1050
1747383521565 0.005448276177048683 1060
1747383521563 0.005448276177048683 1060
1747383527112 0.008468076586723328 1070
1747383527112 0.008468076586723328 1070
1747383532645 0.005517897661775351 1080
1747383532645 0.005517897661775351 1080
1747383536517 0.004423671402037144 1090
1747383536517 0.004423671402037144 1090
1747383540379 0.008746170438826084 1100
1747383540379 0.008746170438826084 1100
1747383544234 0.004095947369933128 1110
1747383544234 0.004095947369933128 1110
1747383548092 0.004136940930038691 1120
1747383548092 0.004136940930038691 1120
1747383551951 0.8947570323944092 1130
1747383551951 0.8947570323944092 1130
1747383557451 0.002844985341653228 1140
1747383557451 0.002844985341653228 1140
1747383561335 0.010724758729338646 1150
1747383561335 0.010724758729338646 1150
1747383565248 0.00265274359844625 1160
1747383565262 0.00265274359844625 1160
1747383569164 0.002657907782122493 1170
1747383569162 0.002657907782122493 1170
1747383573075 2.747480630874634 1180
1747383573075 2.747480630874634 1180
1747383576955 0.02784731425344944 1190
1747383576955 0.02784731425344944 1190
1747383580928 0.01690801791846752 1200
1747383580928 0.01690801791846752 1200
1747383585015 0.005222853738814592 1210
1747383585015 0.005222853738814592 1210
1747383588945 0.00408894382417202 1220
1747383588945 0.00408894382417202 1220
1747383594590 0.037326257675886154 1230
1747383594591 0.037326257675886154 1230
1747383598490 0.03930605575442314 1240
1747383598490 0.03930605575442314 1240
1747383602385 0.015118300914764404 1250
1747383602385 0.015118300914764404 1250
1747383606290 0.014004267752170563 1260
1747383606290 0.014004267752170563 1260
1747383610235 0.0077460152097046375 1270
1747383610234 0.0077460152097046375 1270
1747383615806 0.018564006313681602 1280
1747383615806 0.018564006313681602 1280
1747383619773 0.012354506179690361 1290
1747383619773 0.012354506179690361 1290
1747383623854 38.86744689941406 1300
1747383623854 38.86744689941406 1300
1747383629428 10.204289436340332 1310
1747383629428 10.204289436340332 1310
1747383646671 0.009612640365958214 1320
1747383646671 0.009612640365958214 1320
1747383652506 0.004653502721339464 1330
1747383652506 0.004653502721339464 1330
1747383656698 0.003279035445302725 1340
1747383656698 0.003279035445302725 1340
1747383660701 0.003049684688448906 1350
1747383660701 0.003049684688448906 1350
1747383666459 16.59409523010254 1360
1747383666457 16.59409523010254 1360
1747383670417 0.006595606449991465 1370
1747383670433 0.006595606449991465 1370
1747383674414 0.006606455892324448 1380
1747383674412 0.006606455892324448 1380
1747383678357 0.3643472492694855 1390
1747383678357 0.3643472492694855 1390
1747383682291 0.004556714557111263 1400
1747383682291 0.004556714557111263 1400
1747383686210 0.0061768051236867905 1410
1747383686210 0.0061768051236867905 1410
1747383690140 0.003227644832804799 1420
1747383690140 0.003227644832804799 1420
1747383694135 0.01217457465827465 1430
1747383694135 0.01217457465827465 1430
1747383698216 0.002808626741170883 1440
1747383698216 0.002808626741170883 1440
1747383703629 0.003936688881367445 1450
1747383703629 0.003936688881367445 1450
1747383707551 0.004790714476257563 1460
1747383707551 0.004790714476257563 1460
1747383711572 0.003571641631424427 1470
1747383711572 0.003571641631424427 1470
1747383717145 0.003635703818872571 1480
1747383717145 0.003635703818872571 1480
1747383721100 0.17517195641994476 1490
1747383721100 0.17517195641994476 1490
1747383725051 0.0029263775795698166 1500
1747383725052 0.0029263775795698166 1500
1747383730604 0.002361482474952936 1510
1747383730605 0.002361482474952936 1510
1747383734497 0.01664898730814457 1520
1747383734499 0.01664898730814457 1520
1747383739993 58.22732925415039 1530
1747383739993 58.22732925415039 1530
1747383743865 0.007004107348620892 1540
1747383743865 0.007004107348620892 1540
1747383747762 0.001681152731180191 1550
1747383747762 0.001681152731180191 1550
1747383753396 0.03088071011006832 1560
1747383753397 0.03088071011006832 1560
1747383757335 0.009853300638496876 1570
1747383757335 0.009853300638496876 1570
1747383761282 0.001719617866910994 1580
1747383761282 0.001719617866910994 1580
1747383766819 0.0015218702610582113 1590
1747383766819 0.0015218702610582113 1590
1747383770743 0.001219978672452271 1600
1747383770743 0.001219978672452271 1600
1747383774622 0.0014504514401778579 1610
1747383774622 0.0014504514401778579 1610
1747383778501 0.0012263281969353557 1620
1747383778501 0.0012263281969353557 1620
1747383782404 0.0011675708228722215 1630
1747383782404 0.0011675708228722215 1630
1747383786285 0.0013931995490565896 1640
1747383786285 0.0013931995490565896 1640
1747383790183 0.0016904815565794706 1650
1747383790183 0.0016904815565794706 1650
1747383794076 0.0019493952859193087 1660
1747383794078 0.0019493952859193087 1660
1747383799590 0.00246979552321136 1670
1747383799592 0.00246979552321136 1670
1747383803492 0.004470061976462603 1680
1747383803492 0.004470061976462603 1680
1747383807508 0.00539819523692131 1690
1747383807508 0.00539819523692131 1690
1747383811438 0.01245502196252346 1700
1747383811438 0.01245502196252346 1700
1747383815365 0.004161470104008913 1710
1747383815365 0.004161470104008913 1710
1747383819286 0.0032554527278989553 1720
1747383819287 0.0032554527278989553 1720
1747383824892 0.004168734885752201 1730
1747383824893 0.004168734885752201 1730
1747383828815 0.010131624527275562 1740
1747383828815 0.010131624527275562 1740
1747383832703 0.013150949031114578 1750
1747383832703 0.013150949031114578 1750
1747383851661 0.01014844048768282 1760
1747383851661 0.01014844048768282 1760
1747383857206 0.013867147266864777 1770
1747383857206 0.013867147266864777 1770
1747383861081 0.01112048327922821 1780
1747383861081 0.01112048327922821 1780
1747383864962 0.005135050974786282 1790
1747383864964 0.005135050974786282 1790
1747383868840 0.006590988952666521 1800
1747383868840 0.006590988952666521 1800
1747383872721 0.006568004377186298 1810
1747383872721 0.006568004377186298 1810
1747383878242 0.0029648402705788612 1820
1747383878242 0.0029648402705788612 1820
1747383882133 0.004640504717826843 1830
1747383882135 0.004640504717826843 1830
1747383886007 0.0038317868020385504 1840
1747383886007 0.0038317868020385504 1840
1747383890667 0.003257855772972107 1850
1747383890683 0.003257855772972107 1850
1747383895503 0.0037279033567756414 1860
1747383895503 0.0037279033567756414 1860
1747383899373 0.004165831487625837 1870
1747383899373 0.004165831487625837 1870
1747383903273 0.002186001045629382 1880
1747383903273 0.002186001045629382 1880
1747383907176 0.003335154615342617 1890
1747383907176 0.003335154615342617 1890
1747383914478 0.0036695143207907677 1900
1747383914480 0.0036695143207907677 1900
1747383918427 0.0026286232750862837 1910
1747383918427 0.0026286232750862837 1910
1747383922354 0.0027247173711657524 1920
1747383922354 0.0027247173711657524 1920
1747383926339 0.0032992663327604532 1930
1747383926339 0.0032992663327604532 1930
1747383931884 0.0017441313248127699 1940
1747383931884 0.0017441313248127699 1940
1747383935815 0.004404012113809586 1950
1747383935815 0.004404012113809586 1950
1747383939772 0.00226844334974885 1960
1747383939772 0.00226844334974885 1960
1747383945357 0.0024863730650395155 1970
1747383945357 0.0024863730650395155 1970
1747383949252 0.002487101359292865 1980
1747383949252 0.002487101359292865 1980
1747383953127 0.002714873757213354 1990
1747383953129 0.002714873757213354 1990
1747383958661 0.0017468591686338186 2000
1747383958662 0.0017468591686338186 2000
1747383962558 0.0011082207784056664 2010
1747383962557 0.0011082207784056664 2010
1747383966441 0.0023454707115888596 2020
1747383966441 0.0023454707115888596 2020
1747383970337 0.0010346388444304466 2030
1747383970338 0.0010346388444304466 2030
1747383975869 0.0015283041866496205 2040
1747383975872 0.0015283041866496205 2040
1747383979774 0.0018330797320231795 2050
1747383979774 0.0018330797320231795 2050
1747383983894 0.001614282140508294 2060
1747383983896 0.001614282140508294 2060
1747383989580 0.011246787384152412 2070
1747383989581 0.011246787384152412 2070
1747383993708 0.002201217459514737 2080
1747383993709 0.002201217459514737 2080
1747383997770 0.013019264675676823 2090
1747383997770 0.013019264675676823 2090
1747384003380 0.002612154697999358 2100
1747384003380 0.002612154697999358 2100
1747384007454 0.012526474893093109 2110
1747384007454 0.012526474893093109 2110
1747384011387 0.003395137842744589 2120
1747384011387 0.003395137842744589 2120
1747384015512 0.0030422413256019354 2130
1747384015512 0.0030422413256019354 2130
1747384019631 0.0028877805452793837 2140
1747384019631 0.0028877805452793837 2140
1747384023740 0.010532856918871403 2150
1747384023741 0.010532856918871403 2150
1747384027895 0.00417768070474267 2160
1747384027896 0.00417768070474267 2160
1747384031971 0.004121072590351105 2170
1747384031971 0.004121072590351105 2170
1747384039307 0.0029950463213026524 2180
1747384039307 0.0029950463213026524 2180
1747384046551 0.0016629445599392056 2190
1747384046551 0.0016629445599392056 2190
