1747383038393 4.988584474885845e-05 10
1747383038393 4.988584474885845e-05 10
1747383042098 4.977168949771689e-05 20
1747383042098 4.977168949771689e-05 20
1747383045806 4.9657534246575346e-05 30
1747383045806 4.9657534246575346e-05 30
1747383049534 4.9543378995433794e-05 40
1747383049534 4.9543378995433794e-05 40
1747383054898 4.942922374429224e-05 50
1747383054898 4.942922374429224e-05 50
1747383058633 4.9315068493150684e-05 60
1747383058633 4.9315068493150684e-05 60
1747383062378 4.920091324200913e-05 70
1747383062378 4.920091324200913e-05 70
1747383066143 4.908675799086758e-05 80
1747383066143 4.908675799086758e-05 80
1747383069901 4.8972602739726034e-05 90
1747383069901 4.8972602739726034e-05 90
1747383075305 4.8858447488584476e-05 100
1747383075305 4.8858447488584476e-05 100
1747383079088 4.8744292237442924e-05 110
1747383079090 4.8744292237442924e-05 110
1747383084491 4.863013698630137e-05 120
1747383084491 4.863013698630137e-05 120
1747383088257 4.851598173515982e-05 130
1747383088257 4.851598173515982e-05 130
1747383093645 4.840182648401827e-05 140
1747383093645 4.840182648401827e-05 140
1747383097406 4.8287671232876716e-05 150
1747383097406 4.8287671232876716e-05 150
1747383101203 4.8173515981735164e-05 160
1747383101203 4.8173515981735164e-05 160
1747383106598 4.805936073059361e-05 170
1747383106598 4.805936073059361e-05 170
1747383110387 4.794520547945205e-05 180
1747383110387 4.794520547945205e-05 180
1747383114171 4.78310502283105e-05 190
1747383114171 4.78310502283105e-05 190
1747383117966 4.7716894977168955e-05 200
1747383117966 4.7716894977168955e-05 200
1747383121763 4.7602739726027403e-05 210
1747383121763 4.7602739726027403e-05 210
1747383125571 4.7488584474885845e-05 220
1747383125571 4.7488584474885845e-05 220
1747383129388 4.737442922374429e-05 230
1747383129388 4.737442922374429e-05 230
1747383133199 4.726027397260274e-05 240
1747383133199 4.726027397260274e-05 240
1747383137025 4.714611872146119e-05 250
1747383137025 4.714611872146119e-05 250
1747383140845 4.703196347031964e-05 260
1747383140845 4.703196347031964e-05 260
1747383146293 4.6917808219178085e-05 270
1747383146293 4.6917808219178085e-05 270
1747383150107 4.680365296803653e-05 280
1747383150107 4.680365296803653e-05 280
1747383153926 4.668949771689498e-05 290
1747383153926 4.668949771689498e-05 290
1747383157763 4.657534246575342e-05 300
1747383157763 4.657534246575342e-05 300
1747383161584 4.646118721461187e-05 310
1747383161584 4.646118721461187e-05 310
1747383165411 4.6347031963470325e-05 320
1747383165411 4.6347031963470325e-05 320
1747383169252 4.623287671232877e-05 330
1747383169252 4.623287671232877e-05 330
1747383173083 4.6118721461187214e-05 340
1747383173099 4.6118721461187214e-05 340
1747383176941 4.600456621004566e-05 350
1747383176939 4.600456621004566e-05 350
1747383182408 4.589041095890411e-05 360
1747383182408 4.589041095890411e-05 360
1747383187873 4.577625570776256e-05 370
1747383187873 4.577625570776256e-05 370
1747383191695 4.5662100456621006e-05 380
1747383191695 4.5662100456621006e-05 380
1747383195549 4.5547945205479454e-05 390
1747383195549 4.5547945205479454e-05 390
1747383199372 4.54337899543379e-05 400
1747383199372 4.54337899543379e-05 400
1747383204830 4.531963470319635e-05 410
1747383204830 4.531963470319635e-05 410
1747383208658 4.520547945205479e-05 420
1747383208658 4.520547945205479e-05 420
1747383214130 4.5091324200913246e-05 430
1747383214130 4.5091324200913246e-05 430
1747383233299 4.4977168949771694e-05 440
1747383233299 4.4977168949771694e-05 440
1747383238866 4.486301369863014e-05 450
1747383238866 4.486301369863014e-05 450
1747383244355 4.474885844748858e-05 460
1747383244356 4.474885844748858e-05 460
1747383248234 4.463470319634703e-05 470
1747383248235 4.463470319634703e-05 470
1747383255453 4.452054794520548e-05 480
1747383255454 4.452054794520548e-05 480
1747383259326 4.4406392694063934e-05 490
1747383259327 4.4406392694063934e-05 490
1747383263166 4.4292237442922375e-05 500
1747383263167 4.4292237442922375e-05 500
1747383267054 4.417808219178082e-05 510
1747383267054 4.417808219178082e-05 510
1747383270944 4.406392694063927e-05 520
1747383270944 4.406392694063927e-05 520
1747383274831 4.394977168949772e-05 530
1747383274831 4.394977168949772e-05 530
1747383278758 4.383561643835617e-05 540
1747383278758 4.383561643835617e-05 540
1747383284267 4.3721461187214615e-05 550
1747383284267 4.3721461187214615e-05 550
1747383288157 4.360730593607306e-05 560
1747383288157 4.360730593607306e-05 560
1747383292036 4.349315068493151e-05 570
1747383292037 4.349315068493151e-05 570
1747383295950 4.337899543378995e-05 580
1747383295950 4.337899543378995e-05 580
1747383299956 4.32648401826484e-05 590
1747383299958 4.32648401826484e-05 590
1747383303864 4.3150684931506855e-05 600
1747383303864 4.3150684931506855e-05 600
1747383307802 4.30365296803653e-05 610
1747383307802 4.30365296803653e-05 610
1747383311727 4.2922374429223744e-05 620
1747383311727 4.2922374429223744e-05 620
1747383315621 4.280821917808219e-05 630
1747383315629 4.280821917808219e-05 630
1747383321269 4.269406392694064e-05 640
1747383321269 4.269406392694064e-05 640
1747383328495 4.257990867579909e-05 650
1747383328495 4.257990867579909e-05 650
1747383332334 4.2465753424657536e-05 660
1747383332334 4.2465753424657536e-05 660
1747383336160 4.2351598173515984e-05 670
1747383336160 4.2351598173515984e-05 670
1747383340004 4.223744292237443e-05 680
1747383340004 4.223744292237443e-05 680
1747383343835 4.212328767123288e-05 690
1747383343835 4.212328767123288e-05 690
1747383349337 4.200913242009132e-05 700
1747383349339 4.200913242009132e-05 700
1747383353172 4.1894977168949776e-05 710
1747383353174 4.1894977168949776e-05 710
1747383357010 4.1780821917808224e-05 720
1747383357010 4.1780821917808224e-05 720
1747383360872 4.166666666666667e-05 730
1747383360872 4.166666666666667e-05 730
1747383364767 4.155251141552511e-05 740
1747383364767 4.155251141552511e-05 740
1747383370378 4.143835616438356e-05 750
1747383370379 4.143835616438356e-05 750
1747383374839 4.132420091324201e-05 760
1747383374839 4.132420091324201e-05 760
1747383379928 4.121004566210046e-05 770
1747383379928 4.121004566210046e-05 770
1747383385509 4.1095890410958905e-05 780
1747383385509 4.1095890410958905e-05 780
1747383389445 4.098173515981735e-05 790
1747383389445 4.098173515981735e-05 790
1747383393493 4.08675799086758e-05 800
1747383393493 4.08675799086758e-05 800
1747383397727 4.075342465753425e-05 810
1747383397727 4.075342465753425e-05 810
1747383401678 4.063926940639269e-05 820
1747383401678 4.063926940639269e-05 820
1747383405608 4.0525114155251145e-05 830
1747383405608 4.0525114155251145e-05 830
1747383409555 4.041095890410959e-05 840
1747383409555 4.041095890410959e-05 840
1747383413530 4.029680365296804e-05 850
1747383413532 4.029680365296804e-05 850
1747383417465 4.018264840182648e-05 860
1747383417465 4.018264840182648e-05 860
1747383421408 4.006849315068493e-05 870
1747383421408 4.006849315068493e-05 870
1747383440093 3.995433789954338e-05 880
1747383440093 3.995433789954338e-05 880
1747383444036 3.984018264840183e-05 890
1747383444036 3.984018264840183e-05 890
1747383451082 3.9726027397260274e-05 900
1747383451082 3.9726027397260274e-05 900
1747383455201 3.961187214611872e-05 910
1747383455201 3.961187214611872e-05 910
1747383460725 3.949771689497717e-05 920
1747383460725 3.949771689497717e-05 920
1747383466252 3.938356164383562e-05 930
1747383466252 3.938356164383562e-05 930
1747383470140 3.9269406392694066e-05 940
1747383470140 3.9269406392694066e-05 940
1747383474027 3.9155251141552514e-05 950
1747383474027 3.9155251141552514e-05 950
1747383477896 3.904109589041096e-05 960
1747383477896 3.904109589041096e-05 960
1747383483444 3.892694063926941e-05 970
1747383483444 3.892694063926941e-05 970
1747383487304 3.881278538812785e-05 980
1747383487304 3.881278538812785e-05 980
1747383492773 3.86986301369863e-05 990
1747383492773 3.86986301369863e-05 990
1747383496613 3.8584474885844754e-05 1000
1747383496613 3.8584474885844754e-05 1000
1747383500463 3.84703196347032e-05 1010
1747383500463 3.84703196347032e-05 1010
1747383504314 3.8356164383561644e-05 1020
1747383504314 3.8356164383561644e-05 1020
1747383508209 3.824200913242009e-05 1030
1747383508209 3.824200913242009e-05 1030
1747383512116 3.812785388127854e-05 1040
1747383512116 3.812785388127854e-05 1040
1747383516014 3.801369863013699e-05 1050
1747383516014 3.801369863013699e-05 1050
1747383521565 3.7899543378995436e-05 1060
1747383521563 3.7899543378995436e-05 1060
1747383527112 3.7785388127853884e-05 1070
1747383527112 3.7785388127853884e-05 1070
1747383532645 3.767123287671233e-05 1080
1747383532645 3.767123287671233e-05 1080
1747383536517 3.755707762557078e-05 1090
1747383536517 3.755707762557078e-05 1090
1747383540379 3.744292237442922e-05 1100
1747383540379 3.744292237442922e-05 1100
1747383544234 3.7328767123287675e-05 1110
1747383544234 3.7328767123287675e-05 1110
1747383548092 3.7214611872146123e-05 1120
1747383548092 3.7214611872146123e-05 1120
1747383551951 3.710045662100457e-05 1130
1747383551951 3.710045662100457e-05 1130
1747383557451 3.698630136986301e-05 1140
1747383557451 3.698630136986301e-05 1140
1747383561335 3.687214611872146e-05 1150
1747383561335 3.687214611872146e-05 1150
1747383565248 3.675799086757991e-05 1160
1747383565262 3.675799086757991e-05 1160
1747383569164 3.664383561643836e-05 1170
1747383569162 3.664383561643836e-05 1170
1747383573075 3.6529680365296805e-05 1180
1747383573075 3.6529680365296805e-05 1180
1747383576955 3.641552511415525e-05 1190
1747383576955 3.641552511415525e-05 1190
1747383580928 3.63013698630137e-05 1200
1747383580928 3.63013698630137e-05 1200
1747383585015 3.618721461187215e-05 1210
1747383585015 3.618721461187215e-05 1210
1747383588945 3.60730593607306e-05 1220
1747383588945 3.60730593607306e-05 1220
1747383594590 3.5958904109589045e-05 1230
1747383594591 3.5958904109589045e-05 1230
1747383598490 3.584474885844749e-05 1240
1747383598490 3.584474885844749e-05 1240
1747383602385 3.573059360730594e-05 1250
1747383602385 3.573059360730594e-05 1250
1747383606290 3.561643835616438e-05 1260
1747383606290 3.561643835616438e-05 1260
1747383610235 3.550228310502283e-05 1270
1747383610234 3.550228310502283e-05 1270
1747383615806 3.538812785388128e-05 1280
1747383615806 3.538812785388128e-05 1280
1747383619773 3.527397260273973e-05 1290
1747383619773 3.527397260273973e-05 1290
1747383623854 3.5159817351598174e-05 1300
1747383623854 3.5159817351598174e-05 1300
1747383629428 3.504566210045662e-05 1310
1747383629428 3.504566210045662e-05 1310
1747383646671 3.493150684931507e-05 1320
1747383646671 3.493150684931507e-05 1320
1747383652506 3.481735159817352e-05 1330
1747383652506 3.481735159817352e-05 1330
1747383656698 3.4703196347031966e-05 1340
1747383656698 3.4703196347031966e-05 1340
1747383660701 3.4589041095890414e-05 1350
1747383660701 3.4589041095890414e-05 1350
1747383666459 3.447488584474886e-05 1360
1747383666457 3.447488584474886e-05 1360
1747383670417 3.436073059360731e-05 1370
1747383670433 3.436073059360731e-05 1370
1747383674414 3.424657534246575e-05 1380
1747383674412 3.424657534246575e-05 1380
1747383678357 3.41324200913242e-05 1390
1747383678357 3.41324200913242e-05 1390
1747383682291 3.4018264840182654e-05 1400
1747383682291 3.4018264840182654e-05 1400
1747383686210 3.39041095890411e-05 1410
1747383686210 3.39041095890411e-05 1410
1747383690140 3.378995433789954e-05 1420
1747383690140 3.378995433789954e-05 1420
1747383694135 3.367579908675799e-05 1430
1747383694135 3.367579908675799e-05 1430
1747383698216 3.356164383561644e-05 1440
1747383698216 3.356164383561644e-05 1440
1747383703629 3.344748858447489e-05 1450
1747383703629 3.344748858447489e-05 1450
1747383707551 3.3333333333333335e-05 1460
1747383707551 3.3333333333333335e-05 1460
1747383711572 3.321917808219178e-05 1470
1747383711572 3.321917808219178e-05 1470
1747383717145 3.310502283105023e-05 1480
1747383717145 3.310502283105023e-05 1480
1747383721100 3.299086757990868e-05 1490
1747383721100 3.299086757990868e-05 1490
1747383725051 3.287671232876712e-05 1500
1747383725052 3.287671232876712e-05 1500
1747383730604 3.2762557077625575e-05 1510
1747383730605 3.2762557077625575e-05 1510
1747383734497 3.264840182648402e-05 1520
1747383734499 3.264840182648402e-05 1520
1747383739993 3.253424657534247e-05 1530
1747383739993 3.253424657534247e-05 1530
1747383743865 3.242009132420091e-05 1540
1747383743865 3.242009132420091e-05 1540
1747383747762 3.230593607305936e-05 1550
1747383747762 3.230593607305936e-05 1550
1747383753396 3.219178082191781e-05 1560
1747383753397 3.219178082191781e-05 1560
1747383757335 3.207762557077626e-05 1570
1747383757335 3.207762557077626e-05 1570
1747383761282 3.1963470319634704e-05 1580
1747383761282 3.1963470319634704e-05 1580
1747383766819 3.184931506849315e-05 1590
1747383766819 3.184931506849315e-05 1590
1747383770743 3.17351598173516e-05 1600
1747383770743 3.17351598173516e-05 1600
1747383774622 3.162100456621005e-05 1610
1747383774622 3.162100456621005e-05 1610
1747383778501 3.1506849315068496e-05 1620
1747383778501 3.1506849315068496e-05 1620
1747383782404 3.1392694063926944e-05 1630
1747383782404 3.1392694063926944e-05 1630
1747383786285 3.127853881278539e-05 1640
1747383786285 3.127853881278539e-05 1640
1747383790183 3.116438356164384e-05 1650
1747383790183 3.116438356164384e-05 1650
1747383794076 3.105022831050228e-05 1660
1747383794078 3.105022831050228e-05 1660
1747383799590 3.093607305936073e-05 1670
1747383799592 3.093607305936073e-05 1670
1747383803492 3.082191780821918e-05 1680
1747383803492 3.082191780821918e-05 1680
1747383807508 3.070776255707763e-05 1690
1747383807508 3.070776255707763e-05 1690
1747383811438 3.059360730593607e-05 1700
1747383811438 3.059360730593607e-05 1700
1747383815365 3.047945205479452e-05 1710
1747383815365 3.047945205479452e-05 1710
1747383819286 3.036529680365297e-05 1720
1747383819287 3.036529680365297e-05 1720
1747383824892 3.025114155251142e-05 1730
1747383824893 3.025114155251142e-05 1730
1747383828815 3.0136986301369862e-05 1740
1747383828815 3.0136986301369862e-05 1740
1747383832703 3.0022831050228313e-05 1750
1747383832703 3.0022831050228313e-05 1750
1747383851661 2.990867579908676e-05 1760
1747383851661 2.990867579908676e-05 1760
1747383857206 2.979452054794521e-05 1770
1747383857206 2.979452054794521e-05 1770
1747383861081 2.9680365296803654e-05 1780
1747383861081 2.9680365296803654e-05 1780
1747383864962 2.9566210045662102e-05 1790
1747383864964 2.9566210045662102e-05 1790
1747383868840 2.945205479452055e-05 1800
1747383868840 2.945205479452055e-05 1800
1747383872721 2.9337899543378998e-05 1810
1747383872721 2.9337899543378998e-05 1810
1747383878242 2.9223744292237442e-05 1820
1747383878242 2.9223744292237442e-05 1820
1747383882133 2.910958904109589e-05 1830
1747383882135 2.910958904109589e-05 1830
1747383886007 2.8995433789954342e-05 1840
1747383886007 2.8995433789954342e-05 1840
1747383890667 2.888127853881279e-05 1850
1747383890683 2.888127853881279e-05 1850
1747383895503 2.8767123287671234e-05 1860
1747383895503 2.8767123287671234e-05 1860
1747383899373 2.8652968036529682e-05 1870
1747383899373 2.8652968036529682e-05 1870
1747383903273 2.853881278538813e-05 1880
1747383903273 2.853881278538813e-05 1880
1747383907176 2.842465753424658e-05 1890
1747383907176 2.842465753424658e-05 1890
1747383914478 2.8310502283105023e-05 1900
1747383914480 2.8310502283105023e-05 1900
1747383918427 2.819634703196347e-05 1910
1747383918427 2.819634703196347e-05 1910
1747383922354 2.808219178082192e-05 1920
1747383922354 2.808219178082192e-05 1920
1747383926339 2.796803652968037e-05 1930
1747383926339 2.796803652968037e-05 1930
1747383931884 2.785388127853881e-05 1940
1747383931884 2.785388127853881e-05 1940
1747383935815 2.7739726027397263e-05 1950
1747383935815 2.7739726027397263e-05 1950
1747383939772 2.762557077625571e-05 1960
1747383939772 2.762557077625571e-05 1960
1747383945357 2.751141552511416e-05 1970
1747383945357 2.751141552511416e-05 1970
1747383949252 2.7397260273972603e-05 1980
1747383949252 2.7397260273972603e-05 1980
1747383953127 2.728310502283105e-05 1990
1747383953129 2.728310502283105e-05 1990
1747383958661 2.71689497716895e-05 2000
1747383958662 2.71689497716895e-05 2000
1747383962558 2.7054794520547947e-05 2010
1747383962557 2.7054794520547947e-05 2010
1747383966441 2.6940639269406392e-05 2020
1747383966441 2.6940639269406392e-05 2020
1747383970337 2.682648401826484e-05 2030
1747383970338 2.682648401826484e-05 2030
1747383975869 2.671232876712329e-05 2040
1747383975872 2.671232876712329e-05 2040
1747383979774 2.659817351598174e-05 2050
1747383979774 2.659817351598174e-05 2050
1747383983894 2.6484018264840184e-05 2060
1747383983896 2.6484018264840184e-05 2060
1747383989580 2.6369863013698632e-05 2070
1747383989581 2.6369863013698632e-05 2070
1747383993708 2.625570776255708e-05 2080
1747383993709 2.625570776255708e-05 2080
1747383997770 2.6141552511415528e-05 2090
1747383997770 2.6141552511415528e-05 2090
1747384003380 2.6027397260273973e-05 2100
1747384003380 2.6027397260273973e-05 2100
1747384007454 2.591324200913242e-05 2110
1747384007454 2.591324200913242e-05 2110
1747384011387 2.579908675799087e-05 2120
1747384011387 2.579908675799087e-05 2120
1747384015512 2.568493150684932e-05 2130
1747384015512 2.568493150684932e-05 2130
1747384019631 2.557077625570776e-05 2140
1747384019631 2.557077625570776e-05 2140
1747384023740 2.5456621004566213e-05 2150
1747384023741 2.5456621004566213e-05 2150
1747384027895 2.534246575342466e-05 2160
1747384027896 2.534246575342466e-05 2160
1747384031971 2.522831050228311e-05 2170
1747384031971 2.522831050228311e-05 2170
1747384039307 2.5114155251141553e-05 2180
1747384039307 2.5114155251141553e-05 2180
1747384046551 2.5e-05 2190
1747384046551 2.5e-05 2190
