1747383038393 0.5132 10
1747383038393 0.5132 10
1747383042098 0.3415 20
1747383042098 0.3415 20
1747383045806 0.2189 30
1747383045806 0.2189 30
1747383049534 0.0879 40
1747383049534 0.0879 40
1747383054898 0.2146 50
1747383054898 0.2146 50
1747383058633 0.1202 60
1747383058633 0.1202 60
1747383062378 0.0069 70
1747383062378 0.0069 70
1747383066143 0.28 80
1747383066143 0.28 80
1747383069901 0.1906 90
1747383069901 0.1906 90
1747383075305 0.3184 100
1747383075305 0.3184 100
1747383079088 0.0297 110
1747383079090 0.0297 110
1747383084491 0.1997 120
1747383084491 0.1997 120
1747383088257 0.0756 130
1747383088257 0.0756 130
1747383093645 0.1641 140
1747383093645 0.1641 140
1747383097406 0.1078 150
1747383097406 0.1078 150
1747383101203 0.0636 160
1747383101203 0.0636 160
1747383106598 0.0673 170
1747383106598 0.0673 170
1747383110387 0.0721 180
1747383110387 0.0721 180
1747383114171 0.0566 190
1747383114171 0.0566 190
1747383117966 0.1227 200
1747383117966 0.1227 200
1747383121763 0.2649 210
1747383121763 0.2649 210
1747383125571 0.1259 220
1747383125571 0.1259 220
1747383129388 0.0924 230
1747383129388 0.0924 230
1747383133199 0.0818 240
1747383133199 0.0818 240
1747383137025 0.0419 250
1747383137025 0.0419 250
1747383140845 0.1509 260
1747383140845 0.1509 260
1747383146293 0.0406 270
1747383146293 0.0406 270
1747383150107 0.1308 280
1747383150107 0.1308 280
1747383153926 0.0382 290
1747383153926 0.0382 290
1747383157763 0.1459 300
1747383157763 0.1459 300
1747383161584 0.0452 310
1747383161584 0.0452 310
1747383165411 0.0345 320
1747383165411 0.0345 320
1747383169252 0.0084 330
1747383169252 0.0084 330
1747383173083 0.1207 340
1747383173099 0.1207 340
1747383176941 0.1121 350
1747383176939 0.1121 350
1747383182408 0.1128 360
1747383182408 0.1128 360
1747383187873 0.0548 370
1747383187873 0.0548 370
1747383191695 0.0401 380
1747383191695 0.0401 380
1747383195549 0.0459 390
1747383195549 0.0459 390
1747383199372 0.0818 400
1747383199372 0.0818 400
1747383204830 0.1205 410
1747383204830 0.1205 410
1747383208658 0.0407 420
1747383208658 0.0407 420
1747383214130 0.0744 430
1747383214130 0.0744 430
1747383233299 0.0119 440
1747383233299 0.0119 440
1747383238866 0.0498 450
1747383238866 0.0498 450
1747383244355 0.1793 460
1747383244356 0.1793 460
1747383248234 0.0055 470
1747383248235 0.0055 470
1747383255453 0.0007 480
1747383255454 0.0007 480
1747383259326 0.0004 490
1747383259327 0.0004 490
1747383263166 0.0564 500
1747383263167 0.0564 500
1747383267054 0.0463 510
1747383267054 0.0463 510
1747383270944 0.0008 520
1747383270944 0.0008 520
1747383274831 0.0009 530
1747383274831 0.0009 530
1747383278758 0.0143 540
1747383278758 0.0143 540
1747383284267 0.0005 550
1747383284267 0.0005 550
1747383288157 0.0003 560
1747383288157 0.0003 560
1747383292036 0.0789 570
1747383292037 0.0789 570
1747383295950 0.0431 580
1747383295950 0.0431 580
1747383299956 0.0389 590
1747383299958 0.0389 590
1747383303864 0.0382 600
1747383303864 0.0382 600
1747383307802 0.001 610
1747383307802 0.001 610
1747383311727 0.0006 620
1747383311727 0.0006 620
1747383315621 0.0004 630
1747383315629 0.0004 630
1747383321269 0.029 640
1747383321269 0.029 640
1747383328495 0.0243 650
1747383328495 0.0243 650
1747383332334 0.0159 660
1747383332334 0.0159 660
1747383336160 0.0628 670
1747383336160 0.0628 670
1747383340004 0.0134 680
1747383340004 0.0134 680
1747383343835 0.088 690
1747383343835 0.088 690
1747383349337 0.0824 700
1747383349339 0.0824 700
1747383353172 0.0023 710
1747383353174 0.0023 710
1747383357010 0.0154 720
1747383357010 0.0154 720
1747383360872 0.0449 730
1747383360872 0.0449 730
1747383364767 0.0007 740
1747383364767 0.0007 740
1747383370378 0.0541 750
1747383370379 0.0541 750
1747383374839 0.0309 760
1747383374839 0.0309 760
1747383379928 0.0142 770
1747383379928 0.0142 770
1747383385509 0.0006 780
1747383385509 0.0006 780
1747383389445 0.0005 790
1747383389445 0.0005 790
1747383393493 0.0003 800
1747383393493 0.0003 800
1747383397727 0.0003 810
1747383397727 0.0003 810
1747383401678 0.0003 820
1747383401678 0.0003 820
1747383405608 0.0002 830
1747383405608 0.0002 830
1747383409555 0.0002 840
1747383409555 0.0002 840
1747383413530 0.0066 850
1747383413532 0.0066 850
1747383417465 0.1633 860
1747383417465 0.1633 860
1747383421408 0.049 870
1747383421408 0.049 870
1747383440093 0.0067 880
1747383440093 0.0067 880
1747383444036 0.0193 890
1747383444036 0.0193 890
1747383451082 0.0005 900
1747383451082 0.0005 900
1747383455201 0.0004 910
1747383455201 0.0004 910
1747383460725 0.0003 920
1747383460725 0.0003 920
1747383466252 0.0003 930
1747383466252 0.0003 930
1747383470140 0.0002 940
1747383470140 0.0002 940
1747383474027 0.0336 950
1747383474027 0.0336 950
1747383477896 0.0395 960
1747383477896 0.0395 960
1747383483444 0.0938 970
1747383483444 0.0938 970
1747383487304 0.0095 980
1747383487304 0.0095 980
1747383492773 0.0016 990
1747383492773 0.0016 990
1747383496613 0.0008 1000
1747383496613 0.0008 1000
1747383500463 0.0007 1010
1747383500463 0.0007 1010
1747383504314 0.0005 1020
1747383504314 0.0005 1020
1747383508209 0.0211 1030
1747383508209 0.0211 1030
1747383512116 0.0072 1040
1747383512116 0.0072 1040
1747383516014 0.0002 1050
1747383516014 0.0002 1050
1747383521563 0.0154 1060
1747383521565 0.0154 1060
1747383527112 0.0002 1070
1747383527112 0.0002 1070
1747383532645 0.0005 1080
1747383532645 0.0005 1080
1747383536517 0.0002 1090
1747383536517 0.0002 1090
1747383540379 0.0336 1100
1747383540379 0.0336 1100
1747383544234 0.0001 1110
1747383544234 0.0001 1110
1747383548092 0.0356 1120
1747383548092 0.0356 1120
1747383551951 0.0004 1130
1747383551951 0.0004 1130
1747383557451 0.0001 1140
1747383557451 0.0001 1140
1747383561335 0.0079 1150
1747383561335 0.0079 1150
1747383565248 0.0002 1160
1747383565262 0.0002 1160
1747383569164 0.0026 1170
1747383569162 0.0026 1170
1747383573075 0.0869 1180
1747383573075 0.0869 1180
1747383576955 0.0003 1190
1747383576955 0.0003 1190
1747383580928 0.0107 1200
1747383580928 0.0107 1200
1747383585015 0.0002 1210
1747383585015 0.0002 1210
1747383588945 0.0378 1220
1747383588945 0.0378 1220
1747383594590 0.0837 1230
1747383594591 0.0837 1230
1747383598490 0.0021 1240
1747383598490 0.0021 1240
1747383602385 0.0285 1250
1747383602385 0.0285 1250
1747383606290 0.0005 1260
1747383606290 0.0005 1260
1747383610235 0.0004 1270
1747383610234 0.0004 1270
1747383615806 0.0003 1280
1747383615806 0.0003 1280
1747383619773 0.0003 1290
1747383619773 0.0003 1290
1747383623854 0.0032 1300
1747383623854 0.0032 1300
1747383629428 0.0269 1310
1747383629428 0.0269 1310
1747383646671 0.0002 1320
1747383646671 0.0002 1320
1747383652506 0.0002 1330
1747383652506 0.0002 1330
1747383656698 0.0001 1340
1747383656698 0.0001 1340
1747383660701 0.0213 1350
1747383660701 0.0213 1350
1747383666459 0.0791 1360
1747383666457 0.0791 1360
1747383670417 0.0501 1370
1747383670433 0.0501 1370
1747383674414 0.0002 1380
1747383674412 0.0002 1380
1747383678357 0.0004 1390
1747383678357 0.0004 1390
1747383682291 0.0002 1400
1747383682291 0.0002 1400
1747383686210 0.0002 1410
1747383686210 0.0002 1410
1747383690140 0.0002 1420
1747383690140 0.0002 1420
1747383694135 0.0001 1430
1747383694135 0.0001 1430
1747383698216 0.0012 1440
1747383698216 0.0012 1440
1747383703629 0.0424 1450
1747383703629 0.0424 1450
1747383707551 0.0002 1460
1747383707551 0.0002 1460
1747383711572 0.0314 1470
1747383711572 0.0314 1470
1747383717145 0.0002 1480
1747383717145 0.0002 1480
1747383721100 0.0003 1490
1747383721100 0.0003 1490
1747383725051 0.0001 1500
1747383725052 0.0001 1500
1747383730604 0.017 1510
1747383730605 0.017 1510
1747383734497 0.0002 1520
1747383734499 0.0002 1520
1747383739993 0.0026 1530
1747383739993 0.0026 1530
1747383743865 0.0002 1540
1747383743865 0.0002 1540
1747383747762 0.0001 1550
1747383747762 0.0001 1550
1747383753396 0.0007 1560
1747383753397 0.0007 1560
1747383757335 0.0002 1570
1747383761282 0.0001 1580
1747383761282 0.0001 1580
1747383766819 0.0001 1590
1747383766819 0.0001 1590
1747383770743 0.0001 1600
1747383770743 0.0001 1600
1747383774622 0.0001 1610
1747383774622 0.0001 1610
1747383778501 0.0001 1620
1747383778501 0.0001 1620
1747383782404 0.0001 1630
1747383782404 0.0001 1630
1747383786285 0.0 1640
1747383786285 0.0 1640
1747383790183 0.0 1650
1747383790183 0.0 1650
1747383794076 0.0632 1660
1747383794078 0.0632 1660
1747383799590 0.0001 1670
1747383799592 0.0001 1670
1747383803492 0.0002 1680
1747383807508 0.0002 1690
1747383807508 0.0002 1690
1747383811438 0.0001 1700
1747383811438 0.0001 1700
1747383815365 0.0002 1710
1747383815365 0.0002 1710
1747383819286 0.0001 1720
1747383819287 0.0001 1720
1747383824892 0.0001 1730
1747383824893 0.0001 1730
1747383828815 0.054 1740
1747383828815 0.054 1740
1747383832703 0.0004 1750
1747383832703 0.0004 1750
1747383851661 0.0004 1760
1747383851661 0.0004 1760
1747383857206 0.0004 1770
1747383857206 0.0004 1770
1747383861081 0.0004 1780
1747383861081 0.0004 1780
1747383864962 0.0003 1790
1747383864964 0.0003 1790
1747383868840 0.0003 1800
1747383868840 0.0003 1800
1747383872721 0.0002 1810
1747383872721 0.0002 1810
1747383878242 0.0002 1820
1747383878242 0.0002 1820
1747383882133 0.0002 1830
1747383882135 0.0002 1830
1747383886007 0.0001 1840
1747383886007 0.0001 1840
1747383890667 0.0001 1850
1747383890683 0.0001 1850
1747383895503 0.0001 1860
1747383895503 0.0001 1860
1747383899373 0.0001 1870
1747383899373 0.0001 1870
1747383903273 0.0001 1880
1747383903273 0.0001 1880
1747383907176 0.0001 1890
1747383907176 0.0001 1890
1747383914478 0.0001 1900
1747383914480 0.0001 1900
1747383918427 0.0001 1910
1747383918427 0.0001 1910
1747383922354 0.0001 1920
1747383922354 0.0001 1920
1747383926339 0.0001 1930
1747383926339 0.0001 1930
1747383931884 0.0001 1940
1747383931884 0.0001 1940
1747383935815 0.0001 1950
1747383935815 0.0001 1950
1747383939772 0.0001 1960
1747383939772 0.0001 1960
1747383945357 0.0001 1970
1747383945357 0.0001 1970
1747383949252 0.0001 1980
1747383949252 0.0001 1980
1747383953127 0.0001 1990
1747383953129 0.0001 1990
1747383958661 0.0001 2000
1747383958662 0.0001 2000
1747383962558 0.0001 2010
1747383962557 0.0001 2010
1747383966441 0.0001 2020
1747383966441 0.0001 2020
1747383970337 0.0001 2030
1747383970338 0.0001 2030
1747383975869 0.0001 2040
1747383975872 0.0001 2040
1747383979774 0.0001 2050
1747383979774 0.0001 2050
1747383983894 0.0428 2060
1747383983896 0.0428 2060
1747383989580 0.0001 2070
1747383989581 0.0001 2070
1747383993708 0.0885 2080
1747383993709 0.0885 2080
1747383997770 0.0001 2090
1747383997770 0.0001 2090
1747384003380 0.0333 2100
1747384003380 0.0333 2100
1747384007454 0.0046 2110
1747384007454 0.0046 2110
1747384011387 0.0603 2120
1747384011387 0.0603 2120
1747384015512 0.0001 2130
1747384015512 0.0001 2130
1747384019631 0.0002 2140
1747384019631 0.0002 2140
1747384023740 0.029 2150
1747384023741 0.029 2150
1747384027895 0.0001 2160
1747384027896 0.0001 2160
1747384031971 0.0001 2170
1747384031971 0.0001 2170
1747384039307 0.0001 2180
1747384039307 0.0001 2180
1747384046551 0.0001 2190
1747384046551 0.0001 2190
