1747065799246 0.5555555555555556 10
1747065799246 0.5555555555555556 10
1747065840892 1.0 18
1747065840892 1.0 18
1747065852274 1.1111111111111112 20
1747065852275 1.1111111111111112 20
1747065903803 1.6666666666666665 30
1747065903803 1.6666666666666665 30
1747065940281 2.0 36
1747065940280 2.0 36
1747065965834 2.2222222222222223 40
1747065965841 2.2222222222222223 40
1747066017119 2.7777777777777777 50
1747066017119 2.7777777777777777 50
1747066037184 3.0 54
1747066037185 3.0 54
1747066039382 3.0 54
1747066039383 3.0 54
