1747407006495 0.10638297872340426 10
1747407006494 0.10638297872340426 10
1747407010391 0.2127659574468085 20
1747407010392 0.2127659574468085 20
1747407014291 0.3191489361702128 30
1747407014292 0.3191489361702128 30
1747407018217 0.425531914893617 40
1747407018217 0.425531914893617 40
1747407023739 0.5319148936170213 50
1747407023740 0.5319148936170213 50
1747407027672 0.6382978723404256 60
1747407027671 0.6382978723404256 60
1747407031600 0.7446808510638298 70
1747407031598 0.7446808510638298 70
1747407035632 0.851063829787234 80
1747407035633 0.851063829787234 80
1747407039623 0.9574468085106383 90
1747407039624 0.9574468085106383 90
1747407043664 1.0 94
1747407043663 1.0 94
1747407050039 1.0638297872340425 100
1747407050039 1.0638297872340425 100
1747407054093 1.1702127659574468 110
1747407054094 1.1702127659574468 110
1747407058135 1.2765957446808511 120
1747407058137 1.2765957446808511 120
1747407062147 1.3829787234042552 130
1747407062148 1.3829787234042552 130
1747407066231 1.4893617021276595 140
1747407066229 1.4893617021276595 140
1747407070113 1.5957446808510638 150
1747407070113 1.5957446808510638 150
1747407074005 1.702127659574468 160
1747407074006 1.702127659574468 160
1747407078057 1.8085106382978724 170
1747407078058 1.8085106382978724 170
1747407082000 1.9148936170212765 180
1747407082001 1.9148936170212765 180
1747407087550 2.0 188
1747407087551 2.0 188
1747407090691 2.021276595744681 190
1747407090692 2.021276595744681 190
1747407094649 2.127659574468085 200
1747407094650 2.127659574468085 200
1747407100207 2.2340425531914896 210
1747407100211 2.2340425531914896 210
1747407104308 2.3404255319148937 220
1747407104308 2.3404255319148937 220
1747407108277 2.4468085106382977 230
1747407108276 2.4468085106382977 230
1747407112248 2.5531914893617023 240
1747407112249 2.5531914893617023 240
1747407117848 2.6595744680851063 250
1747407117849 2.6595744680851063 250
1747407123427 2.7659574468085104 260
1747407123429 2.7659574468085104 260
1747407130714 2.872340425531915 270
1747407130716 2.872340425531915 270
1747407134666 2.978723404255319 280
1747407134667 2.978723404255319 280
1747407139576 3.0 282
1747407139577 3.0 282
1747407144585 3.0851063829787235 290
1747407144586 3.0851063829787235 290
1747407150177 3.1914893617021276 300
1747407150178 3.1914893617021276 300
1747407155720 3.297872340425532 310
1747407155721 3.297872340425532 310
1747407159686 3.404255319148936 320
1747407159686 3.404255319148936 320
1747407163677 3.5106382978723403 330
1747407163678 3.5106382978723403 330
1747407169310 3.617021276595745 340
1747407169310 3.617021276595745 340
1747407173302 3.723404255319149 350
1747407173303 3.723404255319149 350
1747407177299 3.829787234042553 360
1747407177299 3.829787234042553 360
1747407181292 3.9361702127659575 370
1747407181290 3.9361702127659575 370
1747407187800 4.0 376
1747407187803 4.0 376
1747407189807 4.0 376
1747407189807 4.0 376
