1747407006495 8.012516021728516 10
1747407010391 85.08747100830078 20
1747407010392 85.08747100830078 20
1747407014291 2.10599422454834 30
1747407014292 2.10599422454834 30
1747407018217 0.13920722901821136 40
1747407018217 0.13920722901821136 40
1747407023739 191.30616760253906 50
1747407023740 191.30616760253906 50
1747407027672 0.7251362800598145 60
1747407027671 0.7251362800598145 60
1747407031600 0.21840493381023407 70
1747407031598 0.21840493381023407 70
1747407035632 0.03951222449541092 80
1747407035633 0.03951222449541092 80
1747407039623 0.028754640370607376 90
1747407039624 0.028754640370607376 90
1747407050039 0.020123733207583427 100
1747407050039 0.020123733207583427 100
1747407054093 0.012403987348079681 110
1747407054094 0.012403987348079681 110
1747407058135 24.32587432861328 120
1747407058137 24.32587432861328 120
1747407062147 1.0644134283065796 130
1747407062148 1.0644134283065796 130
1747407066231 0.011232508346438408 140
1747407066229 0.011232508346438408 140
1747407070113 0.38455164432525635 150
1747407070113 0.38455164432525635 150
1747407074005 62.51537322998047 160
1747407074006 62.51537322998047 160
1747407078057 0.248578280210495 170
1747407078058 0.248578280210495 170
1747407082000 0.006424277555197477 180
1747407082001 0.006424277555197477 180
1747407090691 0.011250427924096584 190
1747407090692 0.011250427924096584 190
1747407094649 0.005473352037370205 200
1747407094650 0.005473352037370205 200
1747407100207 0.004147910978645086 210
1747407100211 0.004147910978645086 210
1747407104308 0.0033122191671282053 220
1747407104308 0.0033122191671282053 220
1747407108276 0.0031960918568074703 230
1747407108277 0.0031960918568074703 230
1747407112248 0.002793810795992613 240
1747407112249 0.002793810795992613 240
1747407117848 0.003691254649311304 250
1747407117849 0.003691254649311304 250
1747407123427 0.16780894994735718 260
1747407123429 0.16780894994735718 260
1747407130714 0.002352373208850622 270
1747407130716 0.002352373208850622 270
1747407134666 0.002501986688002944 280
1747407134667 0.002501986688002944 280
1747407144585 0.004937491379678249 290
1747407144586 0.004937491379678249 290
1747407150177 0.0051838611252605915 300
1747407150178 0.0051838611252605915 300
1747407155720 0.003869478590786457 310
1747407155721 0.003869478590786457 310
1747407159686 0.0024162449408322573 320
1747407159686 0.0024162449408322573 320
1747407163677 0.2012367993593216 330
1747407163678 0.2012367993593216 330
1747407169310 0.002161503303796053 340
1747407169310 0.002161503303796053 340
1747407173302 0.0021142016630619764 350
1747407173303 0.0021142016630619764 350
1747407177299 0.0022025301586836576 360
1747407177299 0.0022025301586836576 360
1747407181290 0.0035628925543278456 370
1747407181292 0.0035628925543278456 370
