1747407006495 4.946808510638298e-05 10
1747407006494 4.946808510638298e-05 10
1747407010391 4.893617021276596e-05 20
1747407010392 4.893617021276596e-05 20
1747407014291 4.840425531914894e-05 30
1747407014292 4.840425531914894e-05 30
1747407018217 4.787234042553192e-05 40
1747407018217 4.787234042553192e-05 40
1747407023739 4.734042553191489e-05 50
1747407023740 4.734042553191489e-05 50
1747407027672 4.680851063829788e-05 60
1747407027671 4.680851063829788e-05 60
1747407031600 4.627659574468085e-05 70
1747407031598 4.627659574468085e-05 70
1747407035632 4.574468085106383e-05 80
1747407035633 4.574468085106383e-05 80
1747407039623 4.5212765957446815e-05 90
1747407039624 4.5212765957446815e-05 90
1747407050039 4.468085106382979e-05 100
1747407050039 4.468085106382979e-05 100
1747407054093 4.414893617021277e-05 110
1747407054094 4.414893617021277e-05 110
1747407058135 4.3617021276595746e-05 120
1747407058137 4.3617021276595746e-05 120
1747407062147 4.3085106382978725e-05 130
1747407062148 4.3085106382978725e-05 130
1747407066231 4.2553191489361704e-05 140
1747407066229 4.2553191489361704e-05 140
1747407070113 4.2021276595744684e-05 150
1747407070113 4.2021276595744684e-05 150
1747407074006 4.148936170212766e-05 160
1747407074005 4.148936170212766e-05 160
1747407078057 4.095744680851064e-05 170
1747407078058 4.095744680851064e-05 170
1747407082000 4.0425531914893614e-05 180
1747407082001 4.0425531914893614e-05 180
1747407090691 3.9893617021276594e-05 190
1747407090692 3.9893617021276594e-05 190
1747407094649 3.936170212765958e-05 200
1747407094650 3.936170212765958e-05 200
1747407100207 3.882978723404255e-05 210
1747407100211 3.882978723404255e-05 210
1747407104308 3.829787234042553e-05 220
1747407104308 3.829787234042553e-05 220
1747407108276 3.776595744680852e-05 230
1747407108277 3.776595744680852e-05 230
1747407112248 3.723404255319149e-05 240
1747407112249 3.723404255319149e-05 240
1747407117848 3.670212765957447e-05 250
1747407117849 3.670212765957447e-05 250
1747407123427 3.617021276595745e-05 260
1747407123429 3.617021276595745e-05 260
1747407130714 3.563829787234043e-05 270
1747407130716 3.563829787234043e-05 270
1747407134666 3.5106382978723407e-05 280
1747407134667 3.5106382978723407e-05 280
1747407144585 3.4574468085106386e-05 290
1747407144586 3.4574468085106386e-05 290
1747407150177 3.4042553191489365e-05 300
1747407150178 3.4042553191489365e-05 300
1747407155720 3.3510638297872344e-05 310
1747407155721 3.3510638297872344e-05 310
1747407159686 3.2978723404255317e-05 320
1747407159686 3.2978723404255317e-05 320
1747407163677 3.2446808510638296e-05 330
1747407163678 3.2446808510638296e-05 330
1747407169310 3.191489361702128e-05 340
1747407169310 3.191489361702128e-05 340
1747407173302 3.1382978723404254e-05 350
1747407173303 3.1382978723404254e-05 350
1747407177299 3.085106382978723e-05 360
1747407177299 3.085106382978723e-05 360
1747407181292 3.0319148936170216e-05 370
1747407181290 3.0319148936170216e-05 370
