1747407006494 0.5861 10
1747407006495 0.5861 10
1747407010391 0.2922 20
1747407010392 0.2922 20
1747407014291 0.3003 30
1747407014292 0.3003 30
1747407018217 0.2033 40
1747407018217 0.2033 40
1747407023739 0.1282 50
1747407023740 0.1282 50
1747407027671 0.189 60
1747407027672 0.189 60
1747407031600 0.1267 70
1747407031598 0.1267 70
1747407035632 0.1426 80
1747407035633 0.1426 80
1747407039623 0.0502 90
1747407039624 0.0502 90
1747407050039 0.0776 100
1747407050039 0.0776 100
1747407054093 0.034 110
1747407054094 0.034 110
1747407058135 0.0379 120
1747407058137 0.0379 120
1747407062147 0.0319 130
1747407062148 0.0319 130
1747407066231 0.089 140
1747407066229 0.089 140
1747407070113 0.0003 150
1747407070113 0.0003 150
1747407074005 0.1226 160
1747407074006 0.1226 160
1747407078057 0.0904 170
1747407078058 0.0904 170
1747407082000 0.1018 180
1747407082001 0.1018 180
1747407090691 0.0382 190
1747407090692 0.0382 190
1747407094649 0.01 200
1747407094650 0.01 200
1747407100207 0.0002 210
1747407100211 0.0002 210
1747407104308 0.009 220
1747407104308 0.009 220
1747407108276 0.0056 230
1747407108277 0.0056 230
1747407112248 0.0451 240
1747407112249 0.0451 240
1747407117848 0.0211 250
1747407117849 0.0211 250
1747407123427 0.0072 260
1747407123429 0.0072 260
1747407130714 0.0362 270
1747407130716 0.0362 270
1747407134666 0.0514 280
1747407134667 0.0514 280
1747407144585 0.0046 290
1747407144586 0.0046 290
1747407150177 0.0291 300
1747407150178 0.0291 300
1747407155720 0.0063 310
1747407155721 0.0063 310
1747407159686 0.0002 320
1747407159686 0.0002 320
1747407163677 0.0504 330
1747407163678 0.0504 330
1747407169310 0.0001 340
1747407169310 0.0001 340
1747407173302 0.0001 350
1747407173303 0.0001 350
1747407177299 0.0001 360
1747407177299 0.0001 360
1747407181290 0.0786 370
1747407181292 0.0786 370
