1747392812691 0.10638297872340426 10
1747392812692 0.10638297872340426 10
1747392814629 0.2127659574468085 20
1747392814628 0.2127659574468085 20
1747392816589 0.3191489361702128 30
1747392816589 0.3191489361702128 30
1747392818568 0.425531914893617 40
1747392818569 0.425531914893617 40
1747392820539 0.5319148936170213 50
1747392820540 0.5319148936170213 50
1747392822519 0.6382978723404256 60
1747392822520 0.6382978723404256 60
1747392824492 0.7446808510638298 70
1747392824493 0.7446808510638298 70
1747392826479 0.851063829787234 80
1747392826478 0.851063829787234 80
1747392828450 0.9574468085106383 90
1747392828450 0.9574468085106383 90
1747392830491 1.0 94
1747392830490 1.0 94
1747392833112 1.0638297872340425 100
1747392833114 1.0638297872340425 100
1747392835138 1.1702127659574468 110
1747392835139 1.1702127659574468 110
1747392838817 1.2765957446808511 120
1747392838818 1.2765957446808511 120
1747392842471 1.3829787234042552 130
1747392842472 1.3829787234042552 130
1747392844498 1.4893617021276595 140
1747392844499 1.4893617021276595 140
1747392846496 1.5957446808510638 150
1747392846497 1.5957446808510638 150
1747392848515 1.702127659574468 160
1747392848514 1.702127659574468 160
1747392850510 1.8085106382978724 170
1747392850512 1.8085106382978724 170
1747392852537 1.9148936170212765 180
1747392852538 1.9148936170212765 180
1747392855384 2.0 188
1747392855385 2.0 188
1747392857307 2.021276595744681 190
1747392857308 2.021276595744681 190
1747392859395 2.127659574468085 200
1747392859393 2.127659574468085 200
1747392861425 2.2340425531914896 210
1747392861426 2.2340425531914896 210
1747392863438 2.3404255319148937 220
1747392863439 2.3404255319148937 220
1747392865443 2.4468085106382977 230
1747392865444 2.4468085106382977 230
1747392867442 2.5531914893617023 240
1747392869443 2.6595744680851063 250
1747392869442 2.6595744680851063 250
1747392871496 2.7659574468085104 260
1747392871495 2.7659574468085104 260
1747392873536 2.872340425531915 270
1747392873537 2.872340425531915 270
1747392875605 2.978723404255319 280
1747392875607 2.978723404255319 280
1747392877272 3.0 282
1747392877273 3.0 282
1747392880319 3.0851063829787235 290
1747392880320 3.0851063829787235 290
1747392882381 3.1914893617021276 300
1747392882382 3.1914893617021276 300
1747392884431 3.297872340425532 310
1747392884432 3.297872340425532 310
1747392886439 3.404255319148936 320
1747392886440 3.404255319148936 320
1747392888455 3.5106382978723403 330
1747392888456 3.5106382978723403 330
1747392890473 3.617021276595745 340
1747392890474 3.617021276595745 340
1747392892474 3.723404255319149 350
1747392892475 3.723404255319149 350
1747392894493 3.829787234042553 360
1747392894494 3.829787234042553 360
1747392896504 3.9361702127659575 370
1747392896504 3.9361702127659575 370
1747392899027 4.0 376
1747392899028 4.0 376
1747392901396 4.042553191489362 380
1747392901397 4.042553191489362 380
1747392903413 4.148936170212766 390
1747392903414 4.148936170212766 390
1747392905444 4.25531914893617 400
1747392905445 4.25531914893617 400
1747392907480 4.361702127659575 410
1747392907481 4.361702127659575 410
1747392909485 4.468085106382979 420
1747392909486 4.468085106382979 420
1747392911503 4.574468085106383 430
1747392911504 4.574468085106383 430
1747392913517 4.680851063829787 440
1747392913518 4.680851063829787 440
1747392915519 4.787234042553192 450
1747392915517 4.787234042553192 450
1747392917547 4.8936170212765955 460
1747392917548 4.8936170212765955 460
1747392919574 5.0 470
1747392919575 5.0 470
1747392920955 5.0 470
1747392920956 5.0 470
1747392922422 5.0 470
1747392922423 5.0 470
