1747392812691 3.2230215072631836 10
1747392812692 3.2230215072631836 10
1747392814628 7.467034816741943 20
1747392814629 7.467034816741943 20
1747392816589 11.847657203674316 30
1747392816589 11.847657203674316 30
1747392818568 0.22398872673511505 40
1747392818569 0.22398872673511505 40
1747392820539 0.3444216549396515 50
1747392820540 0.3444216549396515 50
1747392822519 0.10095477104187012 60
1747392822520 0.10095477104187012 60
1747392824492 0.055475279688835144 70
1747392824493 0.055475279688835144 70
1747392826478 0.03565889224410057 80
1747392826479 0.03565889224410057 80
1747392828450 0.03912314772605896 90
1747392828450 0.03912314772605896 90
1747392833112 26.035621643066406 100
1747392833114 26.035621643066406 100
1747392835138 0.017059357836842537 110
1747392835139 0.017059357836842537 110
1747392838817 0.015923045575618744 120
1747392838818 0.015923045575618744 120
1747392842471 0.016650434583425522 130
1747392842472 0.016650434583425522 130
1747392844498 0.013051689602434635 140
1747392844499 0.013051689602434635 140
1747392846496 0.01519879698753357 150
1747392846497 0.01519879698753357 150
1747392848515 0.0154485572129488 160
1747392848514 0.0154485572129488 160
1747392850510 0.009159141220152378 170
1747392850512 0.009159141220152378 170
1747392852537 27.153858184814453 180
1747392852538 27.153858184814453 180
1747392857307 0.007041983772069216 190
1747392857308 0.007041983772069216 190
1747392859395 0.010186622850596905 200
1747392859393 0.010186622850596905 200
1747392861425 0.006986044812947512 210
1747392861426 0.006986044812947512 210
1747392863438 0.005670150741934776 220
1747392863439 0.005670150741934776 220
1747392865443 0.00531479436904192 230
1747392865444 0.00531479436904192 230
1747392867443 0.005238848272711039 240
1747392867442 0.005238848272711039 240
1747392869443 0.004646875895559788 250
1747392869442 0.004646875895559788 250
1747392871496 0.0051897927187383175 260
1747392871495 0.0051897927187383175 260
1747392873536 0.00487005477771163 270
1747392873537 0.00487005477771163 270
1747392875605 0.0038794116117060184 280
1747392875607 0.0038794116117060184 280
1747392880319 0.016225628554821014 290
1747392880320 0.016225628554821014 290
1747392882381 0.0033009296748787165 300
1747392882382 0.0033009296748787165 300
1747392884431 0.003523340215906501 310
1747392884432 0.003523340215906501 310
1747392886439 0.003208411391824484 320
1747392886440 0.003208411391824484 320
1747392888455 0.0025892150588333607 330
1747392888456 0.0025892150588333607 330
1747392890473 0.003194528166204691 340
1747392890474 0.003194528166204691 340
1747392892474 0.0023708599619567394 350
1747392892475 0.0023708599619567394 350
1747392894493 0.0025834080297499895 360
1747392894494 0.0025834080297499895 360
1747392896504 0.002051442628726363 370
1747392896504 0.002051442628726363 370
1747392901396 0.0025747567415237427 380
1747392901397 0.0025747567415237427 380
1747392903413 0.0024019007105380297 390
1747392903414 0.0024019007105380297 390
1747392905444 0.002083420753479004 400
1747392905445 0.002083420753479004 400
1747392907480 27.835796356201172 410
1747392907481 27.835796356201172 410
1747392909485 0.002198822796344757 420
1747392909486 0.002198822796344757 420
1747392911503 0.002322249813005328 430
1747392911504 0.002322249813005328 430
1747392913517 0.002751922467723489 440
1747392913518 0.002751922467723489 440
1747392915517 0.0023287306539714336 450
1747392915519 0.0023287306539714336 450
1747392917547 0.002011318225413561 460
1747392917548 0.002011318225413561 460
1747392919574 0.0022472075652331114 470
1747392919575 0.0022472075652331114 470
