1747392812691 4.946808510638298e-05 10
1747392812692 4.946808510638298e-05 10
1747392814629 4.893617021276596e-05 20
1747392814628 4.893617021276596e-05 20
1747392816589 4.840425531914894e-05 30
1747392816589 4.840425531914894e-05 30
1747392818568 4.787234042553192e-05 40
1747392818569 4.787234042553192e-05 40
1747392820539 4.734042553191489e-05 50
1747392820540 4.734042553191489e-05 50
1747392822519 4.680851063829788e-05 60
1747392822520 4.680851063829788e-05 60
1747392824492 4.627659574468085e-05 70
1747392824493 4.627659574468085e-05 70
1747392826479 4.574468085106383e-05 80
1747392826478 4.574468085106383e-05 80
1747392828450 4.5212765957446815e-05 90
1747392828450 4.5212765957446815e-05 90
1747392833112 4.468085106382979e-05 100
1747392833114 4.468085106382979e-05 100
1747392835138 4.414893617021277e-05 110
1747392835139 4.414893617021277e-05 110
1747392838817 4.3617021276595746e-05 120
1747392838818 4.3617021276595746e-05 120
1747392842471 4.3085106382978725e-05 130
1747392842472 4.3085106382978725e-05 130
1747392844498 4.2553191489361704e-05 140
1747392844499 4.2553191489361704e-05 140
1747392846496 4.2021276595744684e-05 150
1747392846497 4.2021276595744684e-05 150
1747392848515 4.148936170212766e-05 160
1747392848514 4.148936170212766e-05 160
1747392850510 4.095744680851064e-05 170
1747392850512 4.095744680851064e-05 170
1747392852537 4.0425531914893614e-05 180
1747392852538 4.0425531914893614e-05 180
1747392857307 3.9893617021276594e-05 190
1747392857308 3.9893617021276594e-05 190
1747392859395 3.936170212765958e-05 200
1747392859393 3.936170212765958e-05 200
1747392861425 3.882978723404255e-05 210
1747392861426 3.882978723404255e-05 210
1747392863438 3.829787234042553e-05 220
1747392863439 3.829787234042553e-05 220
1747392865443 3.776595744680852e-05 230
1747392865444 3.776595744680852e-05 230
1747392867443 3.723404255319149e-05 240
1747392867442 3.723404255319149e-05 240
1747392869443 3.670212765957447e-05 250
1747392869442 3.670212765957447e-05 250
1747392871496 3.617021276595745e-05 260
1747392871495 3.617021276595745e-05 260
1747392873536 3.563829787234043e-05 270
1747392873537 3.563829787234043e-05 270
1747392875605 3.5106382978723407e-05 280
1747392875607 3.5106382978723407e-05 280
1747392880319 3.4574468085106386e-05 290
1747392880320 3.4574468085106386e-05 290
1747392882381 3.4042553191489365e-05 300
1747392882382 3.4042553191489365e-05 300
1747392884431 3.3510638297872344e-05 310
1747392884432 3.3510638297872344e-05 310
1747392886439 3.2978723404255317e-05 320
1747392886440 3.2978723404255317e-05 320
1747392888455 3.2446808510638296e-05 330
1747392888456 3.2446808510638296e-05 330
1747392890473 3.191489361702128e-05 340
1747392890474 3.191489361702128e-05 340
1747392892474 3.1382978723404254e-05 350
1747392892475 3.1382978723404254e-05 350
1747392894493 3.085106382978723e-05 360
1747392894494 3.085106382978723e-05 360
1747392896504 3.0319148936170216e-05 370
1747392896504 3.0319148936170216e-05 370
1747392901396 2.9787234042553192e-05 380
1747392901397 2.9787234042553192e-05 380
1747392903413 2.925531914893617e-05 390
1747392903414 2.925531914893617e-05 390
1747392905444 2.8723404255319154e-05 400
1747392905445 2.8723404255319154e-05 400
1747392907480 2.819148936170213e-05 410
1747392907481 2.819148936170213e-05 410
1747392909485 2.765957446808511e-05 420
1747392909486 2.765957446808511e-05 420
1747392911503 2.7127659574468084e-05 430
1747392911504 2.7127659574468084e-05 430
1747392913517 2.6595744680851064e-05 440
1747392913518 2.6595744680851064e-05 440
1747392915517 2.6063829787234046e-05 450
1747392915519 2.6063829787234046e-05 450
1747392917547 2.5531914893617022e-05 460
1747392917548 2.5531914893617022e-05 460
1747392919574 2.5e-05 470
1747392919575 2.5e-05 470
