1747392812691 0.5725 10
1747392812692 0.5725 10
1747392814628 0.1858 20
1747392814629 0.1858 20
1747392816589 0.3432 30
1747392816589 0.3432 30
1747392818568 0.0747 40
1747392818569 0.0747 40
1747392820539 0.1942 50
1747392820540 0.1942 50
1747392822519 0.0298 60
1747392822520 0.0298 60
1747392824492 0.0342 70
1747392824493 0.0342 70
1747392826478 0.0662 80
1747392826479 0.0662 80
1747392828450 0.0023 90
1747392828450 0.0023 90
1747392833112 0.0199 100
1747392833114 0.0199 100
1747392835138 0.0018 110
1747392835139 0.0018 110
1747392838817 0.0383 120
1747392838818 0.0383 120
1747392842471 0.001 130
1747392842472 0.001 130
1747392844498 0.0013 140
1747392844499 0.0013 140
1747392846496 0.0626 150
1747392846497 0.0626 150
1747392848514 0.0006 160
1747392848515 0.0006 160
1747392850510 0.0224 170
1747392850512 0.0224 170
1747392852537 0.019 180
1747392852538 0.019 180
1747392857307 0.0004 190
1747392857308 0.0004 190
1747392859395 0.0004 200
1747392859393 0.0004 200
1747392861425 0.0004 210
1747392861426 0.0004 210
1747392863438 0.0003 220
1747392863439 0.0003 220
1747392865443 0.0007 230
1747392865444 0.0007 230
1747392867443 0.0003 240
1747392867442 0.0003 240
1747392869442 0.0003 250
1747392869443 0.0003 250
1747392871495 0.0002 260
1747392871496 0.0002 260
1747392873536 0.0232 270
1747392873537 0.0232 270
1747392875605 0.0002 280
1747392875607 0.0002 280
1747392880319 0.0002 290
1747392880320 0.0002 290
1747392882381 0.0046 300
1747392882382 0.0046 300
1747392884431 0.0002 310
1747392884432 0.0002 310
1747392886439 0.0002 320
1747392886440 0.0002 320
1747392888455 0.0002 330
1747392888456 0.0002 330
1747392890473 0.0001 340
1747392890474 0.0001 340
1747392892474 0.0001 350
1747392892475 0.0001 350
1747392894493 0.0001 360
1747392894494 0.0001 360
1747392896504 0.0001 370
1747392896504 0.0001 370
1747392901396 0.0001 380
1747392901397 0.0001 380
1747392903413 0.0001 390
1747392903414 0.0001 390
1747392905444 0.0001 400
1747392905445 0.0001 400
1747392907480 0.0438 410
1747392907481 0.0438 410
1747392909485 0.0001 420
1747392909486 0.0001 420
1747392911503 0.0002 430
1747392911504 0.0002 430
1747392913517 0.0001 440
1747392913518 0.0001 440
1747392915517 0.0001 450
1747392915519 0.0001 450
1747392917547 0.0001 460
1747392917548 0.0001 460
1747392919574 0.0001 470
1747392919575 0.0001 470
