1747371537714 0.11235955056179775 10
1747371537715 0.11235955056179775 10
1747371541633 0.2247191011235955 20
1747371541634 0.2247191011235955 20
1747371545475 0.33707865168539325 30
1747371545475 0.33707865168539325 30
1747371549347 0.449438202247191 40
1747371549348 0.449438202247191 40
1747371553326 0.5617977528089888 50
1747371553327 0.5617977528089888 50
1747371557432 0.6741573033707865 60
1747371557432 0.6741573033707865 60
1747371561443 0.7865168539325843 70
1747371561443 0.7865168539325843 70
1747371565461 0.898876404494382 80
1747371565461 0.898876404494382 80
1747371571397 1.0 89
1747371571398 1.0 89
1747371573307 1.0112359550561798 90
1747371573308 1.0112359550561798 90
1747371577314 1.1235955056179776 100
1747371577314 1.1235955056179776 100
1747371581310 1.2359550561797752 110
1747371581311 1.2359550561797752 110
1747371585306 1.348314606741573 120
1747371585306 1.348314606741573 120
1747371589314 1.4606741573033708 130
1747371589315 1.4606741573033708 130
1747371593422 1.5730337078651684 140
1747371593423 1.5730337078651684 140
1747371597504 1.6853932584269664 150
1747371597505 1.6853932584269664 150
1747371601590 1.797752808988764 160
1747371601591 1.797752808988764 160
1747371607381 1.9101123595505618 170
1747371607382 1.9101123595505618 170
1747371614650 2.0 178
1747371614651 2.0 178
1747371616842 2.0224719101123596 180
1747371616843 2.0224719101123596 180
1747371620861 2.134831460674157 190
1747371620861 2.134831460674157 190
1747371624965 2.247191011235955 200
1747371624966 2.247191011235955 200
1747371628968 2.359550561797753 210
1747371628969 2.359550561797753 210
1747371632972 2.4719101123595504 220
1747371632972 2.4719101123595504 220
1747371636994 2.5842696629213484 230
1747371636995 2.5842696629213484 230
1747371640996 2.696629213483146 240
1747371640997 2.696629213483146 240
1747371645003 2.808988764044944 250
1747371645004 2.808988764044944 250
1747371649011 2.9213483146067416 260
1747371649012 2.9213483146067416 260
1747371654251 3.0 267
1747371654251 3.0 267
1747371657226 3.033707865168539 270
1747371657226 3.033707865168539 270
1747371661320 3.146067415730337 280
1747371661321 3.146067415730337 280
1747371666980 3.258426966292135 290
1747371666981 3.258426966292135 290
1747371670915 3.370786516853933 300
1747371670916 3.370786516853933 300
1747371674871 3.4831460674157304 310
1747371674872 3.4831460674157304 310
1747371678879 3.595505617977528 320
1747371678880 3.595505617977528 320
1747371682918 3.7078651685393256 330
1747371682918 3.7078651685393256 330
1747371686874 3.8202247191011236 340
1747371686873 3.8202247191011236 340
1747371690863 3.932584269662921 350
1747371690864 3.932584269662921 350
1747371695556 4.0 356
1747371695557 4.0 356
1747371698789 4.044943820224719 360
1747371698790 4.044943820224719 360
1747371702801 4.157303370786517 370
1747371702802 4.157303370786517 370
1747371706813 4.269662921348314 380
1747371706814 4.269662921348314 380
1747371710835 4.382022471910112 390
1747371710836 4.382022471910112 390
1747371714857 4.49438202247191 400
1747371714857 4.49438202247191 400
1747371718879 4.606741573033708 410
1747371718879 4.606741573033708 410
1747371722901 4.719101123595506 420
1747371722902 4.719101123595506 420
1747371726932 4.831460674157303 430
1747371726933 4.831460674157303 430
1747371731059 4.943820224719101 440
1747371731060 4.943820224719101 440
1747371735624 5.0 445
1747371735625 5.0 445
1747371739263 5.056179775280899 450
1747371739262 5.056179775280899 450
1747371744955 5.168539325842697 460
1747371744956 5.168539325842697 460
1747371748948 5.280898876404494 470
1747371748949 5.280898876404494 470
1747371752948 5.393258426966292 480
1747371752949 5.393258426966292 480
1747371758643 5.50561797752809 490
1747371758642 5.50561797752809 490
1747371764278 5.617977528089888 500
1747371764281 5.617977528089888 500
1747371768336 5.730337078651686 510
1747371768337 5.730337078651686 510
1747371772359 5.842696629213483 520
1747371772360 5.842696629213483 520
1747371776398 5.955056179775281 530
1747371776399 5.955056179775281 530
1747371780440 6.0 534
1747371780441 6.0 534
1747371785959 6.067415730337078 540
1747371785961 6.067415730337078 540
1747371789918 6.179775280898877 550
1747371789919 6.179775280898877 550
1747371795505 6.292134831460674 560
1747371799444 6.404494382022472 570
1747371799445 6.404494382022472 570
1747371805039 6.51685393258427 580
1747371805041 6.51685393258427 580
1747371809055 6.629213483146067 590
1747371809054 6.629213483146067 590
1747371814758 6.741573033707866 600
1747371814759 6.741573033707866 600
1747371818749 6.853932584269663 610
1747371818750 6.853932584269663 610
1747371822774 6.966292134831461 620
1747371822774 6.966292134831461 620
1747371826396 7.0 623
1747371826397 7.0 623
1747371828010 7.0 623
1747371828010 7.0 623
