1747371537714 2.7245922088623047 10
1747371537715 2.7245922088623047 10
1747371541633 6.943942546844482 20
1747371541634 6.943942546844482 20
1747371545475 2.978572368621826 30
1747371545475 2.978572368621826 30
1747371549347 6.5515456199646 40
1747371549348 6.5515456199646 40
1747371553326 5.3000311851501465 50
1747371553327 5.3000311851501465 50
1747371557432 5.782516956329346 60
1747371557432 5.782516956329346 60
1747371561443 4.805432319641113 70
1747371561443 4.805432319641113 70
1747371565461 4.5981974601745605 80
1747371565461 4.5981974601745605 80
1747371573307 5.520386695861816 90
1747371573308 5.520386695861816 90
1747371577314 11.448691368103027 100
1747371577314 11.448691368103027 100
1747371581310 4.124759197235107 110
1747371581311 4.124759197235107 110
1747371585306 5.321937084197998 120
1747371585306 5.321937084197998 120
1747371589314 20.893348693847656 130
1747371589315 20.893348693847656 130
1747371593422 5.388394832611084 140
1747371593423 5.388394832611084 140
1747371597504 11.552331924438477 150
1747371597505 11.552331924438477 150
1747371601590 26.95452308654785 160
1747371601591 26.95452308654785 160
1747371607381 4.554962158203125 170
1747371607382 4.554962158203125 170
1747371616842 3.815840721130371 180
1747371616843 3.815840721130371 180
1747371620861 7.714303493499756 190
1747371620861 7.714303493499756 190
1747371624965 8.719161033630371 200
1747371624966 8.719161033630371 200
1747371628968 9.095112800598145 210
1747371628969 9.095112800598145 210
1747371632972 7.8710246086120605 220
1747371632972 7.8710246086120605 220
1747371636994 3.2848565578460693 230
1747371636995 3.2848565578460693 230
1747371640996 4.927741527557373 240
1747371640997 4.927741527557373 240
1747371645003 15.91567611694336 250
1747371645004 15.91567611694336 250
1747371649011 14.475909233093262 260
1747371649012 14.475909233093262 260
1747371657226 14.802382469177246 270
1747371657226 14.802382469177246 270
1747371661320 6.863322734832764 280
1747371661321 6.863322734832764 280
1747371666980 6.541421890258789 290
1747371666981 6.541421890258789 290
1747371670915 4.561391830444336 300
1747371670916 4.561391830444336 300
1747371674871 3.563795804977417 310
1747371674872 3.563795804977417 310
1747371678879 11.501032829284668 320
1747371678880 11.501032829284668 320
1747371682918 3.7460155487060547 330
1747371682918 3.7460155487060547 330
1747371686874 5.8524346351623535 340
1747371686873 5.8524346351623535 340
1747371690863 21.868993759155273 350
1747371690864 21.868993759155273 350
1747371698789 3.5901646614074707 360
1747371698790 3.5901646614074707 360
1747371702801 2.8167381286621094 370
1747371702802 2.8167381286621094 370
1747371706813 0.9100769758224487 380
1747371706814 0.9100769758224487 380
1747371710835 2.1587882041931152 390
1747371710836 2.1587882041931152 390
1747371714857 1.5636886358261108 400
1747371714857 1.5636886358261108 400
1747371718879 2.2893285751342773 410
1747371718879 2.2893285751342773 410
1747371722901 17.625389099121094 420
1747371722902 17.625389099121094 420
1747371726932 11.459738731384277 430
1747371726933 11.459738731384277 430
1747371731059 0.5588321685791016 440
1747371731060 0.5588321685791016 440
1747371739263 14.215375900268555 450
1747371739262 14.215375900268555 450
1747371744955 5.982205867767334 460
1747371744956 5.982205867767334 460
1747371748948 2.9732415676116943 470
1747371748949 2.9732415676116943 470
1747371752948 3.217198610305786 480
1747371752949 3.217198610305786 480
1747371758643 20.54851531982422 490
1747371758642 20.54851531982422 490
1747371764278 2.113166093826294 500
1747371764281 2.113166093826294 500
1747371768336 1.129638671875 510
1747371768337 1.129638671875 510
1747371772359 5.299816608428955 520
1747371772360 5.299816608428955 520
1747371776398 9.553767204284668 530
1747371776399 9.553767204284668 530
1747371785959 0.45667532086372375 540
1747371785961 0.45667532086372375 540
1747371789918 0.29765477776527405 550
1747371789919 0.29765477776527405 550
1747371795504 0.269477903842926 560
1747371795505 0.269477903842926 560
1747371799444 0.7235821485519409 570
1747371799445 0.7235821485519409 570
1747371805039 5.463640213012695 580
1747371805041 5.463640213012695 580
1747371809055 0.6290656328201294 590
1747371809054 0.6290656328201294 590
1747371814758 0.26228538155555725 600
1747371814759 0.26228538155555725 600
1747371818749 0.47498664259910583 610
1747371818750 0.47498664259910583 610
1747371822774 4.866990566253662 620
1747371822774 4.866990566253662 620
