1747371537714 9.887640449438202e-06 10
1747371537715 9.887640449438202e-06 10
1747371541633 9.775280898876405e-06 20
1747371541634 9.775280898876405e-06 20
1747371545475 9.662921348314608e-06 30
1747371545475 9.662921348314608e-06 30
1747371549347 9.55056179775281e-06 40
1747371549348 9.55056179775281e-06 40
1747371553326 9.438202247191012e-06 50
1747371553327 9.438202247191012e-06 50
1747371557432 9.325842696629213e-06 60
1747371557432 9.325842696629213e-06 60
1747371561443 9.213483146067417e-06 70
1747371561443 9.213483146067417e-06 70
1747371565461 9.101123595505619e-06 80
1747371565461 9.101123595505619e-06 80
1747371573307 8.988764044943822e-06 90
1747371573308 8.988764044943822e-06 90
1747371577314 8.876404494382023e-06 100
1747371577314 8.876404494382023e-06 100
1747371581310 8.764044943820226e-06 110
1747371581311 8.764044943820226e-06 110
1747371585306 8.651685393258428e-06 120
1747371585306 8.651685393258428e-06 120
1747371589314 8.53932584269663e-06 130
1747371589315 8.53932584269663e-06 130
1747371593422 8.426966292134832e-06 140
1747371593423 8.426966292134832e-06 140
1747371597504 8.314606741573035e-06 150
1747371597505 8.314606741573035e-06 150
1747371601590 8.202247191011237e-06 160
1747371601591 8.202247191011237e-06 160
1747371607381 8.08988764044944e-06 170
1747371607382 8.08988764044944e-06 170
1747371616842 7.97752808988764e-06 180
1747371616843 7.97752808988764e-06 180
1747371620861 7.865168539325843e-06 190
1747371620861 7.865168539325843e-06 190
1747371624965 7.752808988764046e-06 200
1747371624966 7.752808988764046e-06 200
1747371628968 7.640449438202247e-06 210
1747371628969 7.640449438202247e-06 210
1747371632972 7.5280898876404495e-06 220
1747371632972 7.5280898876404495e-06 220
1747371636994 7.415730337078652e-06 230
1747371636995 7.415730337078652e-06 230
1747371640996 7.303370786516854e-06 240
1747371640997 7.303370786516854e-06 240
1747371645003 7.191011235955056e-06 250
1747371645004 7.191011235955056e-06 250
1747371649011 7.078651685393258e-06 260
1747371649012 7.078651685393258e-06 260
1747371657226 6.966292134831461e-06 270
1747371657226 6.966292134831461e-06 270
1747371661320 6.853932584269663e-06 280
1747371661321 6.853932584269663e-06 280
1747371666980 6.741573033707865e-06 290
1747371666981 6.741573033707865e-06 290
1747371670915 6.629213483146067e-06 300
1747371670916 6.629213483146067e-06 300
1747371674871 6.51685393258427e-06 310
1747371674872 6.51685393258427e-06 310
1747371678879 6.404494382022472e-06 320
1747371678880 6.404494382022472e-06 320
1747371682918 6.292134831460674e-06 330
1747371682918 6.292134831460674e-06 330
1747371686874 6.179775280898876e-06 340
1747371686873 6.179775280898876e-06 340
1747371690863 6.06741573033708e-06 350
1747371690864 6.06741573033708e-06 350
1747371698789 5.955056179775281e-06 360
1747371698790 5.955056179775281e-06 360
1747371702801 5.842696629213483e-06 370
1747371702802 5.842696629213483e-06 370
1747371706813 5.730337078651685e-06 380
1747371706814 5.730337078651685e-06 380
1747371710835 5.617977528089889e-06 390
1747371710836 5.617977528089889e-06 390
1747371714857 5.50561797752809e-06 400
1747371714857 5.50561797752809e-06 400
1747371718879 5.393258426966292e-06 410
1747371718879 5.393258426966292e-06 410
1747371722901 5.280898876404494e-06 420
1747371722902 5.280898876404494e-06 420
1747371726932 5.168539325842698e-06 430
1747371726933 5.168539325842698e-06 430
1747371731059 5.0561797752809e-06 440
1747371731060 5.0561797752809e-06 440
1747371739263 4.943820224719101e-06 450
1747371739262 4.943820224719101e-06 450
1747371744955 4.831460674157304e-06 460
1747371744956 4.831460674157304e-06 460
1747371748948 4.719101123595506e-06 470
1747371748949 4.719101123595506e-06 470
1747371752948 4.606741573033709e-06 480
1747371752949 4.606741573033709e-06 480
1747371758643 4.494382022471911e-06 490
1747371758642 4.494382022471911e-06 490
1747371764278 4.382022471910113e-06 500
1747371764281 4.382022471910113e-06 500
1747371768336 4.269662921348315e-06 510
1747371768337 4.269662921348315e-06 510
1747371772359 4.157303370786518e-06 520
1747371772360 4.157303370786518e-06 520
1747371776398 4.04494382022472e-06 530
1747371776399 4.04494382022472e-06 530
1747371785959 3.932584269662922e-06 540
1747371785961 3.932584269662922e-06 540
1747371789918 3.820224719101124e-06 550
1747371789919 3.820224719101124e-06 550
1747371795504 3.707865168539326e-06 560
1747371795505 3.707865168539326e-06 560
1747371799444 3.595505617977528e-06 570
1747371799445 3.595505617977528e-06 570
1747371805039 3.4831460674157306e-06 580
1747371805041 3.4831460674157306e-06 580
1747371809055 3.3707865168539327e-06 590
1747371809054 3.3707865168539327e-06 590
1747371814758 3.258426966292135e-06 600
1747371814759 3.258426966292135e-06 600
1747371818749 3.146067415730337e-06 610
1747371818750 3.146067415730337e-06 610
1747371822774 3.03370786516854e-06 620
1747371822774 3.03370786516854e-06 620
