1747371537714 0.6739 10
1747371537715 0.6739 10
1747371541633 0.6163 20
1747371541634 0.6163 20
1747371545475 0.5803 30
1747371545475 0.5803 30
1747371549347 0.5769 40
1747371549348 0.5769 40
1747371553326 0.5659 50
1747371553327 0.5659 50
1747371557432 0.5898 60
1747371557432 0.5898 60
1747371561443 0.5453 70
1747371561443 0.5453 70
1747371565461 0.5264 80
1747371565461 0.5264 80
1747371573307 0.469 90
1747371573308 0.469 90
1747371577314 0.4378 100
1747371577314 0.4378 100
1747371581310 0.4282 110
1747371581311 0.4282 110
1747371585306 0.4608 120
1747371585306 0.4608 120
1747371589314 0.4027 130
1747371589315 0.4027 130
1747371593422 0.4776 140
1747371593423 0.4776 140
1747371597504 0.3384 150
1747371597505 0.3384 150
1747371601590 0.372 160
1747371601591 0.372 160
1747371607381 0.3832 170
1747371607382 0.3832 170
1747371616842 0.3751 180
1747371616843 0.3751 180
1747371620861 0.3041 190
1747371620861 0.3041 190
1747371624965 0.3309 200
1747371624966 0.3309 200
1747371628968 0.2985 210
1747371628969 0.2985 210
1747371632972 0.249 220
1747371632972 0.249 220
1747371636994 0.3826 230
1747371636995 0.3826 230
1747371640996 0.2705 240
1747371640997 0.2705 240
1747371645003 0.3242 250
1747371645004 0.3242 250
1747371649011 0.3135 260
1747371649012 0.3135 260
1747371657226 0.2886 270
1747371657226 0.2886 270
1747371661320 0.2087 280
1747371661321 0.2087 280
1747371666980 0.2334 290
1747371666981 0.2334 290
1747371670915 0.2355 300
1747371670916 0.2355 300
1747371674871 0.1632 310
1747371674872 0.1632 310
1747371678879 0.2027 320
1747371678880 0.2027 320
1747371682918 0.1862 330
1747371682918 0.1862 330
1747371686874 0.212 340
1747371686873 0.212 340
1747371690863 0.2417 350
1747371690864 0.2417 350
1747371698789 0.1404 360
1747371698790 0.1404 360
1747371702801 0.2587 370
1747371702802 0.2587 370
1747371706813 0.0966 380
1747371706814 0.0966 380
1747371710835 0.0975 390
1747371710836 0.0975 390
1747371714857 0.1572 400
1747371714857 0.1572 400
1747371718879 0.1134 410
1747371718879 0.1134 410
1747371722901 0.1118 420
1747371722902 0.1118 420
1747371726932 0.0753 430
1747371726933 0.0753 430
1747371731059 0.0994 440
1747371731060 0.0994 440
1747371739263 0.12 450
1747371739262 0.12 450
1747371744955 0.06 460
1747371744956 0.06 460
1747371748948 0.0257 470
1747371748949 0.0257 470
1747371752948 0.1621 480
1747371752949 0.1621 480
1747371758642 0.1525 490
1747371758643 0.1525 490
1747371764278 0.1355 500
1747371764281 0.1355 500
1747371768336 0.0521 510
1747371768337 0.0521 510
1747371772359 0.1133 520
1747371772360 0.1133 520
1747371776398 0.0895 530
1747371776399 0.0895 530
1747371785959 0.0903 540
1747371785961 0.0903 540
1747371789918 0.057 550
1747371789919 0.057 550
1747371795504 0.0632 560
1747371795505 0.0632 560
1747371799444 0.0614 570
1747371799445 0.0614 570
1747371805039 0.1261 580
1747371805041 0.1261 580
1747371809055 0.0938 590
1747371809054 0.0938 590
1747371814758 0.0343 600
1747371814759 0.0343 600
1747371818749 0.0529 610
1747371818750 0.0529 610
1747371822774 0.0752 620
1747371822774 0.0752 620
