1747394369837 0.10638297872340426 10
1747394369835 0.10638297872340426 10
1747394373487 0.2127659574468085 20
1747394373489 0.2127659574468085 20
1747394377141 0.3191489361702128 30
1747394377142 0.3191489361702128 30
1747394380796 0.425531914893617 40
1747394380797 0.425531914893617 40
1747394384443 0.5319148936170213 50
1747394384444 0.5319148936170213 50
1747394388117 0.6382978723404256 60
1747394388118 0.6382978723404256 60
1747394391815 0.7446808510638298 70
1747394391808 0.7446808510638298 70
1747394395494 0.851063829787234 80
1747394395495 0.851063829787234 80
1747394399181 0.9574468085106383 90
1747394399182 0.9574468085106383 90
1747394402979 1.0 94
1747394402980 1.0 94
1747394406495 1.0638297872340425 100
1747394406496 1.0638297872340425 100
1747394410202 1.1702127659574468 110
1747394410203 1.1702127659574468 110
1747394413914 1.2765957446808511 120
1747394413915 1.2765957446808511 120
1747394417632 1.3829787234042552 130
1747394417633 1.3829787234042552 130
1747394421350 1.4893617021276595 140
1747394421352 1.4893617021276595 140
1747394425088 1.5957446808510638 150
1747394425089 1.5957446808510638 150
1747394428811 1.702127659574468 160
1747394428812 1.702127659574468 160
1747394432534 1.8085106382978724 170
1747394432535 1.8085106382978724 170
1747394436262 1.9148936170212765 180
1747394436264 1.9148936170212765 180
1747394441581 2.0 188
1747394441582 2.0 188
1747394443679 2.021276595744681 190
1747394443681 2.021276595744681 190
1747394447426 2.127659574468085 200
1747394447428 2.127659574468085 200
1747394451166 2.2340425531914896 210
1747394451167 2.2340425531914896 210
1747394454898 2.3404255319148937 220
1747394454899 2.3404255319148937 220
1747394458653 2.4468085106382977 230
1747394458655 2.4468085106382977 230
1747394462393 2.5531914893617023 240
1747394462394 2.5531914893617023 240
1747394466122 2.6595744680851063 250
1747394466124 2.6595744680851063 250
1747394469857 2.7659574468085104 260
1747394469858 2.7659574468085104 260
1747394473602 2.872340425531915 270
1747394473603 2.872340425531915 270
1747394477335 2.978723404255319 280
1747394477336 2.978723404255319 280
1747394480427 3.0 282
1747394480428 3.0 282
1747394484872 3.0851063829787235 290
1747394484873 3.0851063829787235 290
1747394488628 3.1914893617021276 300
1747394488626 3.1914893617021276 300
1747394492384 3.297872340425532 310
1747394492385 3.297872340425532 310
1747394496126 3.404255319148936 320
1747394496127 3.404255319148936 320
1747394499886 3.5106382978723403 330
1747394499887 3.5106382978723403 330
1747394503638 3.617021276595745 340
1747394503640 3.617021276595745 340
1747394507411 3.723404255319149 350
1747394507412 3.723404255319149 350
1747394511158 3.829787234042553 360
1747394511157 3.829787234042553 360
1747394514912 3.9361702127659575 370
1747394514914 3.9361702127659575 370
1747394519531 4.0 376
1747394519532 4.0 376
1747394522467 4.042553191489362 380
1747394522468 4.042553191489362 380
1747394526222 4.148936170212766 390
1747394526223 4.148936170212766 390
1747394529984 4.25531914893617 400
1747394529985 4.25531914893617 400
1747394533742 4.361702127659575 410
1747394533744 4.361702127659575 410
1747394537519 4.468085106382979 420
1747394537520 4.468085106382979 420
1747394541283 4.574468085106383 430
1747394541285 4.574468085106383 430
1747394545079 4.680851063829787 440
1747394545080 4.680851063829787 440
1747394548850 4.787234042553192 450
1747394548851 4.787234042553192 450
1747394552619 4.8936170212765955 460
1747394552621 4.8936170212765955 460
1747394556242 5.0 470
1747394556243 5.0 470
1747394558771 5.0 470
1747394558772 5.0 470
1747394563954 5.1063829787234045 480
1747394563956 5.1063829787234045 480
1747394567728 5.212765957446808 490
1747394567730 5.212765957446808 490
1747394571498 5.319148936170213 500
1747394571499 5.319148936170213 500
1747394575261 5.425531914893617 510
1747394575262 5.425531914893617 510
1747394579031 5.531914893617021 520
1747394579032 5.531914893617021 520
1747394582800 5.638297872340425 530
1747394582799 5.638297872340425 530
1747394586568 5.74468085106383 540
1747394586569 5.74468085106383 540
1747394590326 5.851063829787234 550
1747394590327 5.851063829787234 550
1747394594088 5.957446808510638 560
1747394594087 5.957446808510638 560
1747394597943 6.0 564
1747394597944 6.0 564
1747394601803 6.0638297872340425 570
1747394601804 6.0638297872340425 570
1747394605570 6.170212765957447 580
1747394605572 6.170212765957447 580
1747394609346 6.276595744680851 590
1747394609347 6.276595744680851 590
1747394613113 6.382978723404255 600
1747394613114 6.382978723404255 600
1747394616895 6.48936170212766 610
1747394616896 6.48936170212766 610
1747394620667 6.595744680851064 620
1747394620663 6.595744680851064 620
1747394624450 6.702127659574468 630
1747394624451 6.702127659574468 630
1747394628213 6.808510638297872 640
1747394628214 6.808510638297872 640
1747394631994 6.914893617021277 650
1747394631992 6.914893617021277 650
1747394637369 7.0 658
1747394637370 7.0 658
1747394638749 7.0 658
1747394638750 7.0 658
