1747394369835 3.191805839538574 10
1747394369837 3.191805839538574 10
1747394373487 16.63055419921875 20
1747394373489 16.63055419921875 20
1747394377141 0.4535936117172241 30
1747394377142 0.4535936117172241 30
1747394380796 4.282901287078857 40
1747394380797 4.282901287078857 40
1747394384443 6.372300624847412 50
1747394384444 6.372300624847412 50
1747394388117 2.9172675609588623 60
1747394388118 2.9172675609588623 60
1747394391815 3.6299407482147217 70
1747394391808 3.6299407482147217 70
1747394395494 8.352656364440918 80
1747394395495 8.352656364440918 80
1747394399181 0.048329249024391174 90
1747394399182 0.048329249024391174 90
1747394406495 0.047947656363248825 100
1747394406496 0.047947656363248825 100
1747394410202 0.03234376013278961 110
1747394410203 0.03234376013278961 110
1747394413914 0.02280772663652897 120
1747394413915 0.02280772663652897 120
1747394417632 0.02120182104408741 130
1747394417633 0.02120182104408741 130
1747394421350 0.025387076660990715 140
1747394421352 0.025387076660990715 140
1747394425088 0.038122449070215225 150
1747394425089 0.038122449070215225 150
1747394428811 0.7760680317878723 160
1747394428812 0.7760680317878723 160
1747394432534 0.017870469018816948 170
1747394432535 0.017870469018816948 170
1747394436262 0.020863329991698265 180
1747394436264 0.020863329991698265 180
1747394443679 1.873921275138855 190
1747394443681 1.873921275138855 190
1747394447426 0.06983178108930588 200
1747394447428 0.06983178108930588 200
1747394451166 0.042238108813762665 210
1747394451167 0.042238108813762665 210
1747394454898 0.02721448242664337 220
1747394454899 0.02721448242664337 220
1747394458653 45.21365737915039 230
1747394458655 45.21365737915039 230
1747394462393 0.022243784740567207 240
1747394462394 0.022243784740567207 240
1747394466122 0.015132732689380646 250
1747394466124 0.015132732689380646 250
1747394469857 0.011621308512985706 260
1747394469858 0.011621308512985706 260
1747394473602 0.013371869921684265 270
1747394473603 0.013371869921684265 270
1747394477335 0.011477462016046047 280
1747394477336 0.011477462016046047 280
1747394484872 0.01069223415106535 290
1747394484873 0.01069223415106535 290
1747394488628 0.008169804699718952 300
1747394488626 0.008169804699718952 300
1747394492384 0.008555978536605835 310
1747394492385 0.008555978536605835 310
1747394496126 0.00644727423787117 320
1747394496127 0.00644727423787117 320
1747394499886 10.91080379486084 330
1747394499887 10.91080379486084 330
1747394503638 0.005941754672676325 340
1747394503640 0.005941754672676325 340
1747394507411 0.012164379470050335 350
1747394507412 0.012164379470050335 350
1747394511158 0.0069252499379217625 360
1747394511157 0.0069252499379217625 360
1747394514912 0.006168822757899761 370
1747394514914 0.006168822757899761 370
1747394522467 0.005445870570838451 380
1747394522468 0.005445870570838451 380
1747394526222 0.005551590584218502 390
1747394526223 0.005551590584218502 390
1747394529984 0.005075664725154638 400
1747394529985 0.005075664725154638 400
1747394533742 0.004771745763719082 410
1747394533744 0.004771745763719082 410
1747394537519 0.00412950711324811 420
1747394537520 0.00412950711324811 420
1747394541283 0.003932802472263575 430
1747394541285 0.003932802472263575 430
1747394545079 0.004392061848193407 440
1747394545080 0.004392061848193407 440
1747394548850 0.0045989579521119595 450
1747394548851 0.0045989579521119595 450
1747394552619 0.003961682785302401 460
1747394552621 0.003961682785302401 460
1747394556242 0.0032735748682171106 470
1747394556243 0.0032735748682171106 470
1747394563954 0.0028943163342773914 480
1747394563956 0.0028943163342773914 480
1747394567728 0.005783667787909508 490
1747394567730 0.005783667787909508 490
1747394571498 0.003455606522038579 500
1747394571499 0.003455606522038579 500
1747394575261 0.0028496403247117996 510
1747394575262 0.0028496403247117996 510
1747394579031 0.0036319238133728504 520
1747394579032 0.0036319238133728504 520
1747394582799 0.0031615798361599445 530
1747394582800 0.0031615798361599445 530
1747394586568 0.003164746565744281 540
1747394586569 0.003164746565744281 540
1747394590326 0.003315290668979287 550
1747394590327 0.003315290668979287 550
1747394594088 0.00354517949745059 560
1747394594087 0.00354517949745059 560
1747394601803 0.0023089973255991936 570
1747394601804 0.0023089973255991936 570
1747394605570 0.0035176898818463087 580
1747394605572 0.0035176898818463087 580
1747394609346 0.0026667234487831593 590
1747394609347 0.0026667234487831593 590
1747394613113 0.002586865331977606 600
1747394613114 0.002586865331977606 600
1747394616895 0.0027279225178062916 610
1747394616896 0.0027279225178062916 610
1747394620667 0.00212859851308167 620
1747394620663 0.00212859851308167 620
1747394624450 0.0023909374140203 630
1747394624451 0.0023909374140203 630
1747394628213 0.002356091747060418 640
1747394628214 0.002356091747060418 640
1747394631994 0.0023146176245063543 650
1747394631992 0.0023146176245063543 650
