1747394369835 4.946808510638298e-05 10
1747394369837 4.946808510638298e-05 10
1747394373487 4.893617021276596e-05 20
1747394373489 4.893617021276596e-05 20
1747394377141 4.840425531914894e-05 30
1747394377142 4.840425531914894e-05 30
1747394380796 4.787234042553192e-05 40
1747394380797 4.787234042553192e-05 40
1747394384443 4.734042553191489e-05 50
1747394384444 4.734042553191489e-05 50
1747394388117 4.680851063829788e-05 60
1747394388118 4.680851063829788e-05 60
1747394391815 4.627659574468085e-05 70
1747394391808 4.627659574468085e-05 70
1747394395494 4.574468085106383e-05 80
1747394395495 4.574468085106383e-05 80
1747394399181 4.5212765957446815e-05 90
1747394399182 4.5212765957446815e-05 90
1747394406495 4.468085106382979e-05 100
1747394406496 4.468085106382979e-05 100
1747394410202 4.414893617021277e-05 110
1747394410203 4.414893617021277e-05 110
1747394413914 4.3617021276595746e-05 120
1747394413915 4.3617021276595746e-05 120
1747394417632 4.3085106382978725e-05 130
1747394417633 4.3085106382978725e-05 130
1747394421350 4.2553191489361704e-05 140
1747394421352 4.2553191489361704e-05 140
1747394425088 4.2021276595744684e-05 150
1747394425089 4.2021276595744684e-05 150
1747394428811 4.148936170212766e-05 160
1747394428812 4.148936170212766e-05 160
1747394432534 4.095744680851064e-05 170
1747394432535 4.095744680851064e-05 170
1747394436262 4.0425531914893614e-05 180
1747394436264 4.0425531914893614e-05 180
1747394443679 3.9893617021276594e-05 190
1747394443681 3.9893617021276594e-05 190
1747394447426 3.936170212765958e-05 200
1747394447428 3.936170212765958e-05 200
1747394451166 3.882978723404255e-05 210
1747394451167 3.882978723404255e-05 210
1747394454898 3.829787234042553e-05 220
1747394454899 3.829787234042553e-05 220
1747394458653 3.776595744680852e-05 230
1747394458655 3.776595744680852e-05 230
1747394462393 3.723404255319149e-05 240
1747394462394 3.723404255319149e-05 240
1747394466122 3.670212765957447e-05 250
1747394466124 3.670212765957447e-05 250
1747394469857 3.617021276595745e-05 260
1747394469858 3.617021276595745e-05 260
1747394473602 3.563829787234043e-05 270
1747394473603 3.563829787234043e-05 270
1747394477335 3.5106382978723407e-05 280
1747394477336 3.5106382978723407e-05 280
1747394484872 3.4574468085106386e-05 290
1747394484873 3.4574468085106386e-05 290
1747394488628 3.4042553191489365e-05 300
1747394488626 3.4042553191489365e-05 300
1747394492384 3.3510638297872344e-05 310
1747394492385 3.3510638297872344e-05 310
1747394496126 3.2978723404255317e-05 320
1747394496127 3.2978723404255317e-05 320
1747394499886 3.2446808510638296e-05 330
1747394499887 3.2446808510638296e-05 330
1747394503638 3.191489361702128e-05 340
1747394503640 3.191489361702128e-05 340
1747394507411 3.1382978723404254e-05 350
1747394507412 3.1382978723404254e-05 350
1747394511158 3.085106382978723e-05 360
1747394511157 3.085106382978723e-05 360
1747394514912 3.0319148936170216e-05 370
1747394514914 3.0319148936170216e-05 370
1747394522467 2.9787234042553192e-05 380
1747394522468 2.9787234042553192e-05 380
1747394526222 2.925531914893617e-05 390
1747394526223 2.925531914893617e-05 390
1747394529984 2.8723404255319154e-05 400
1747394529985 2.8723404255319154e-05 400
1747394533742 2.819148936170213e-05 410
1747394533744 2.819148936170213e-05 410
1747394537519 2.765957446808511e-05 420
1747394537520 2.765957446808511e-05 420
1747394541283 2.7127659574468084e-05 430
1747394541285 2.7127659574468084e-05 430
1747394545079 2.6595744680851064e-05 440
1747394545080 2.6595744680851064e-05 440
1747394548850 2.6063829787234046e-05 450
1747394548851 2.6063829787234046e-05 450
1747394552619 2.5531914893617022e-05 460
1747394552621 2.5531914893617022e-05 460
1747394556242 2.5e-05 470
1747394556243 2.5e-05 470
1747394563954 2.446808510638298e-05 480
1747394563956 2.446808510638298e-05 480
1747394567728 2.393617021276596e-05 490
1747394567730 2.393617021276596e-05 490
1747394571498 2.340425531914894e-05 500
1747394571499 2.340425531914894e-05 500
1747394575261 2.2872340425531915e-05 510
1747394575262 2.2872340425531915e-05 510
1747394579031 2.2340425531914894e-05 520
1747394579032 2.2340425531914894e-05 520
1747394582799 2.1808510638297873e-05 530
1747394582800 2.1808510638297873e-05 530
1747394586568 2.1276595744680852e-05 540
1747394586569 2.1276595744680852e-05 540
1747394590326 2.074468085106383e-05 550
1747394590327 2.074468085106383e-05 550
1747394594088 2.0212765957446807e-05 560
1747394594087 2.0212765957446807e-05 560
1747394601803 1.968085106382979e-05 570
1747394601804 1.968085106382979e-05 570
1747394605570 1.9148936170212766e-05 580
1747394605572 1.9148936170212766e-05 580
1747394609346 1.8617021276595745e-05 590
1747394609347 1.8617021276595745e-05 590
1747394613113 1.8085106382978724e-05 600
1747394613114 1.8085106382978724e-05 600
1747394616895 1.7553191489361703e-05 610
1747394616896 1.7553191489361703e-05 610
1747394620667 1.7021276595744682e-05 620
1747394620663 1.7021276595744682e-05 620
1747394624450 1.6489361702127658e-05 630
1747394624451 1.6489361702127658e-05 630
1747394628213 1.595744680851064e-05 640
1747394628214 1.595744680851064e-05 640
1747394631994 1.5425531914893617e-05 650
1747394631992 1.5425531914893617e-05 650
