1747394369835 0.5265 10
1747394369837 0.5265 10
1747394373487 0.1534 20
1747394373489 0.1534 20
1747394377141 0.1621 30
1747394377142 0.1621 30
1747394380796 0.1209 40
1747394380797 0.1209 40
1747394384443 0.0663 50
1747394384444 0.0663 50
1747394388117 0.1266 60
1747394388118 0.1266 60
1747394391815 0.03 70
1747394391808 0.03 70
1747394395494 0.0534 80
1747394395495 0.0534 80
1747394399181 0.0485 90
1747394399182 0.0485 90
1747394406495 0.0035 100
1747394406496 0.0035 100
1747394410202 0.0219 110
1747394410203 0.0219 110
1747394413914 0.0368 120
1747394413915 0.0368 120
1747394417632 0.0017 130
1747394417633 0.0017 130
1747394421350 0.0874 140
1747394421352 0.0874 140
1747394425088 0.033 150
1747394425089 0.033 150
1747394428811 0.0456 160
1747394428812 0.0456 160
1747394432534 0.0467 170
1747394432535 0.0467 170
1747394436262 0.1283 180
1747394436264 0.1283 180
1747394443679 0.1737 190
1747394443681 0.1737 190
1747394447426 0.0029 200
1747394447428 0.0029 200
1747394451166 0.0033 210
1747394451167 0.0033 210
1747394454898 0.0022 220
1747394454899 0.0022 220
1747394458653 0.0152 230
1747394458655 0.0152 230
1747394462393 0.0016 240
1747394462394 0.0016 240
1747394466122 0.0195 250
1747394466124 0.0195 250
1747394469857 0.0009 260
1747394469858 0.0009 260
1747394473602 0.0007 270
1747394473603 0.0007 270
1747394477335 0.0006 280
1747394477336 0.0006 280
1747394484872 0.0005 290
1747394484873 0.0005 290
1747394488628 0.0006 300
1747394488626 0.0006 300
1747394492384 0.0004 310
1747394492385 0.0004 310
1747394496126 0.0004 320
1747394496127 0.0004 320
1747394499886 0.0152 330
1747394499887 0.0152 330
1747394503638 0.0266 340
1747394503640 0.0266 340
1747394507411 0.0311 350
1747394507412 0.0311 350
1747394511158 0.0003 360
1747394511157 0.0003 360
1747394514912 0.0003 370
1747394514914 0.0003 370
1747394522467 0.0003 380
1747394522468 0.0003 380
1747394526222 0.0004 390
1747394526223 0.0004 390
1747394529984 0.0003 400
1747394529985 0.0003 400
1747394533742 0.0002 410
1747394533744 0.0002 410
1747394537519 0.0002 420
1747394537520 0.0002 420
1747394541283 0.0002 430
1747394541285 0.0002 430
1747394545079 0.0002 440
1747394545080 0.0002 440
1747394548850 0.0002 450
1747394548851 0.0002 450
1747394552619 0.0002 460
1747394552621 0.0002 460
1747394556242 0.0002 470
1747394556243 0.0002 470
1747394563954 0.0002 480
1747394563956 0.0002 480
1747394567728 0.0002 490
1747394567730 0.0002 490
1747394571498 0.0002 500
1747394571499 0.0002 500
1747394575261 0.0002 510
1747394575262 0.0002 510
1747394579031 0.0002 520
1747394579032 0.0002 520
1747394582799 0.0001 530
1747394582800 0.0001 530
1747394586568 0.0002 540
1747394586569 0.0002 540
1747394590326 0.0001 550
1747394590327 0.0001 550
1747394594088 0.0001 560
1747394594087 0.0001 560
1747394601803 0.0001 570
1747394601804 0.0001 570
1747394605570 0.0001 580
1747394605572 0.0001 580
1747394609346 0.0001 590
1747394609347 0.0001 590
1747394613113 0.0001 600
1747394613114 0.0001 600
1747394616895 0.0001 610
1747394616896 0.0001 610
1747394620667 0.0001 620
1747394620663 0.0001 620
1747394624450 0.0001 630
1747394624451 0.0001 630
1747394628213 0.0001 640
1747394628214 0.0001 640
1747394631994 0.0001 650
1747394631992 0.0001 650
