1744273919923 4.749154090881348 10
1744273919923 4.749154090881348 10
1744273923754 6.089241981506348 20
1744273923754 6.089241981506348 20
1744273927680 9.61542797088623 30
1744273927681 9.61542797088623 30
1744273931562 3.770007610321045 40
1744273931563 3.770007610321045 40
1744273935421 10.553985595703125 50
1744273935422 10.553985595703125 50
1744273939286 9.711024284362793 60
1744273939286 9.711024284362793 60
1744273943675 8.948211669921875 70
1744273943678 8.948211669921875 70
1744273948675 5.813894271850586 80
1744273948675 5.813894271850586 80
1744273952551 13.793303489685059 90
1744273952551 13.793303489685059 90
1744273956440 30.946950912475586 100
1744273956441 30.946950912475586 100
1744273961681 14.469524383544922 110
1744273961682 14.469524383544922 110
1744273965629 10.035091400146484 120
1744273965629 10.035091400146484 120
1744273969603 9.776498794555664 130
1744273969604 9.776498794555664 130
1744273973622 4.389834403991699 140
1744273973623 4.389834403991699 140
1744273979211 1.2540820837020874 150
1744273979212 1.2540820837020874 150
1744273984719 28.623422622680664 160
1744273984720 28.623422622680664 160
1744273991851 51.46809005737305 170
1744273991849 51.46809005737305 170
1744274000334 35.09442138671875 180
1744274000335 35.09442138671875 180
1744274004341 1.5677862167358398 190
1744274004342 1.5677862167358398 190
1744274008292 27.43815803527832 200
1744274008292 27.43815803527832 200
1744274015148 39.74929428100586 210
1744274015149 39.74929428100586 210
1744274019162 2.4514389038085938 220
1744274019162 2.4514389038085938 220
1744274024794 8.531686782836914 230
1744274024794 8.531686782836914 230
1744274030384 55.75817108154297 240
1744274030384 55.75817108154297 240
1744274036311 31.231027603149414 250
1744274036315 31.231027603149414 250
1744274043243 17.732173919677734 260
1744274043245 17.732173919677734 260
1744274047215 107.37387084960938 270
1744274047216 107.37387084960938 270
1744274051302 8.055947303771973 280
1744274051300 8.055947303771973 280
1744274055409 2.703819751739502 290
1744274055412 2.703819751739502 290
1744274059538 46.841896057128906 300
1744274059540 46.841896057128906 300
1744274066938 0.1727157086133957 310
1744274066937 0.1727157086133957 310
1744274071119 0.925841212272644 320
1744274071121 0.925841212272644 320
1744274075420 18.743595123291016 330
1744274075421 18.743595123291016 330
1744274079554 4.783725261688232 340
1744274079555 4.783725261688232 340
1744274083656 0.21796591579914093 350
1744274083655 0.21796591579914093 350
1744274092431 0.7907108664512634 360
1744274092432 0.7907108664512634 360
1744274096497 0.11031465977430344 370
1744274096498 0.11031465977430344 370
1744274100549 98.13077545166016 380
1744274100550 98.13077545166016 380
1744274104612 0.11320237070322037 390
1744274104613 0.11320237070322037 390
1744274108719 9.387730598449707 400
1744274108720 9.387730598449707 400
1744274114538 12.461214065551758 410
1744274114539 12.461214065551758 410
1744274120246 26.88991355895996 420
1744274120247 26.88991355895996 420
1744274124516 26.9902286529541 430
1744274124519 26.9902286529541 430
1744274130106 0.21339701116085052 440
1744274130106 0.21339701116085052 440
1744274134321 1.239720106124878 450
1744274134322 1.239720106124878 450
1744274140084 0.1813736855983734 460
1744274140085 0.1813736855983734 460
1744274144214 64.75083923339844 470
1744274144215 64.75083923339844 470
1744274148413 0.21945467591285706 480
1744274148414 0.21945467591285706 480
1744274152620 0.1427021026611328 490
1744274152617 0.1427021026611328 490
1744274156823 0.08222164213657379 500
1744274156825 0.08222164213657379 500
1744274162553 0.054542988538742065 510
1744274162554 0.054542988538742065 510
1744274166736 0.0657179057598114 520
1744274166737 0.0657179057598114 520
1744274170954 0.06601693481206894 530
1744274170955 0.06601693481206894 530
