1744273919923 0.6646 10
1744273919923 0.6646 10
1744273923754 0.6288 20
1744273923754 0.6288 20
1744273927680 0.5584 30
1744273927681 0.5584 30
1744273931562 0.5713 40
1744273931563 0.5713 40
1744273935421 0.4022 50
1744273935422 0.4022 50
1744273939286 0.5435 60
1744273939286 0.5435 60
1744273943675 0.6033 70
1744273943678 0.6033 70
1744273948675 0.6614 80
1744273948675 0.6614 80
1744273952551 0.4852 90
1744273952551 0.4852 90
1744273956440 0.5159 100
1744273956441 0.5159 100
1744273961681 0.4203 110
1744273961682 0.4203 110
1744273965629 0.4926 120
1744273965629 0.4926 120
1744273969603 0.4824 130
1744273969604 0.4824 130
1744273973622 0.3039 140
1744273973623 0.3039 140
1744273979211 0.3861 150
1744273979212 0.3861 150
1744273984719 0.3286 160
1744273984720 0.3286 160
1744273991849 0.4339 170
1744273991851 0.4339 170
1744274000334 0.3577 180
1744274000335 0.3577 180
1744274004341 0.3324 190
1744274004342 0.3324 190
1744274008292 0.2388 200
1744274008292 0.2388 200
1744274015148 0.3535 210
1744274015149 0.3535 210
1744274019162 0.2132 220
1744274019162 0.2132 220
1744274024794 0.3748 230
1744274024794 0.3748 230
1744274030384 0.2742 240
1744274030384 0.2742 240
1744274036311 0.237 250
1744274036315 0.237 250
1744274043243 0.4436 260
1744274043245 0.4436 260
1744274047215 0.1077 270
1744274047216 0.1077 270
1744274051302 0.3292 280
1744274051300 0.3292 280
1744274055409 0.3823 290
1744274055412 0.3823 290
1744274059538 0.1984 300
1744274059540 0.1984 300
1744274066938 0.2205 310
1744274066937 0.2205 310
1744274071119 0.3454 320
1744274071121 0.3454 320
1744274075420 0.2712 330
1744274075421 0.2712 330
1744274079554 0.2734 340
1744274079555 0.2734 340
1744274083655 0.1245 350
1744274083656 0.1245 350
1744274092431 0.1742 360
1744274092432 0.1742 360
1744274096498 0.1559 370
1744274096497 0.1559 370
1744274100549 0.1365 380
1744274100550 0.1365 380
1744274104612 0.0053 390
1744274104613 0.0053 390
1744274108719 0.1416 400
1744274108720 0.1416 400
1744274114539 0.1249 410
1744274114538 0.1249 410
1744274120246 0.1689 420
1744274120247 0.1689 420
1744274124516 0.2109 430
1744274124519 0.2109 430
1744274130106 0.08 440
1744274130106 0.08 440
1744274134321 0.21 450
1744274134322 0.21 450
1744274140084 0.0403 460
1744274140085 0.0403 460
1744274144214 0.1057 470
1744274144215 0.1057 470
1744274148414 0.0035 480
1744274152620 0.2612 490
1744274152617 0.2612 490
1744274156823 0.134 500
1744274156825 0.134 500
1744274162553 0.1019 510
1744274162554 0.1019 510
1744274166736 0.0821 520
1744274166737 0.0821 520
1744274170954 0.0667 530
1744274170955 0.0667 530
