1747393236799 0.10638297872340426 10
1747393236801 0.10638297872340426 10
1747393238866 0.2127659574468085 20
1747393238867 0.2127659574468085 20
1747393240879 0.3191489361702128 30
1747393240880 0.3191489361702128 30
1747393243008 0.425531914893617 40
1747393243010 0.425531914893617 40
1747393245024 0.5319148936170213 50
1747393245026 0.5319148936170213 50
1747393247049 0.6382978723404256 60
1747393247050 0.6382978723404256 60
1747393249068 0.7446808510638298 70
1747393249069 0.7446808510638298 70
1747393251096 0.851063829787234 80
1747393251097 0.851063829787234 80
1747393253099 0.9574468085106383 90
1747393253100 0.9574468085106383 90
1747393255158 1.0 94
1747393255159 1.0 94
1747393258458 1.0638297872340425 100
1747393258459 1.0638297872340425 100
1747393260519 1.1702127659574468 110
1747393260520 1.1702127659574468 110
1747393262616 1.2765957446808511 120
1747393262617 1.2765957446808511 120
1747393264715 1.3829787234042552 130
1747393264716 1.3829787234042552 130
1747393266763 1.4893617021276595 140
1747393266765 1.4893617021276595 140
1747393268816 1.5957446808510638 150
1747393268817 1.5957446808510638 150
1747393270899 1.702127659574468 160
1747393270901 1.702127659574468 160
1747393272943 1.8085106382978724 170
1747393272944 1.8085106382978724 170
1747393275033 1.9148936170212765 180
1747393275035 1.9148936170212765 180
1747393277857 2.0 188
1747393277858 2.0 188
1747393280478 2.021276595744681 190
1747393280479 2.021276595744681 190
1747393282472 2.127659574468085 200
1747393282473 2.127659574468085 200
1747393284469 2.2340425531914896 210
1747393284471 2.2340425531914896 210
1747393288150 2.3404255319148937 220
1747393288151 2.3404255319148937 220
1747393290138 2.4468085106382977 230
1747393290140 2.4468085106382977 230
1747393292135 2.5531914893617023 240
1747393292137 2.5531914893617023 240
1747393295873 2.6595744680851063 250
1747393295872 2.6595744680851063 250
1747393297864 2.7659574468085104 260
1747393297865 2.7659574468085104 260
1747393299901 2.872340425531915 270
1747393299902 2.872340425531915 270
1747393301943 2.978723404255319 280
1747393301944 2.978723404255319 280
1747393303555 3.0 282
1747393303556 3.0 282
1747393306928 3.0851063829787235 290
1747393306931 3.0851063829787235 290
1747393308964 3.1914893617021276 300
1747393308966 3.1914893617021276 300
1747393311015 3.297872340425532 310
1747393311016 3.297872340425532 310
1747393313075 3.404255319148936 320
1747393313076 3.404255319148936 320
1747393315188 3.5106382978723403 330
1747393315191 3.5106382978723403 330
1747393317314 3.617021276595745 340
1747393317316 3.617021276595745 340
1747393319355 3.723404255319149 350
1747393319357 3.723404255319149 350
1747393321432 3.829787234042553 360
1747393321431 3.829787234042553 360
1747393323510 3.9361702127659575 370
1747393323511 3.9361702127659575 370
1747393326052 4.0 376
1747393326053 4.0 376
1747393328343 4.042553191489362 380
1747393328345 4.042553191489362 380
1747393330395 4.148936170212766 390
1747393330397 4.148936170212766 390
1747393332404 4.25531914893617 400
1747393332405 4.25531914893617 400
1747393334408 4.361702127659575 410
1747393334409 4.361702127659575 410
1747393336404 4.468085106382979 420
1747393336405 4.468085106382979 420
1747393338422 4.574468085106383 430
1747393338424 4.574468085106383 430
1747393340430 4.680851063829787 440
1747393340432 4.680851063829787 440
1747393344172 4.787234042553192 450
1747393344173 4.787234042553192 450
1747393346193 4.8936170212765955 460
1747393346194 4.8936170212765955 460
1747393348125 5.0 470
1747393348127 5.0 470
1747393349468 5.0 470
1747393349469 5.0 470
1747393353319 5.1063829787234045 480
1747393353321 5.1063829787234045 480
1747393355380 5.212765957446808 490
1747393355382 5.212765957446808 490
1747393357450 5.319148936170213 500
1747393357452 5.319148936170213 500
1747393359490 5.425531914893617 510
1747393359491 5.425531914893617 510
1747393361558 5.531914893617021 520
1747393361559 5.531914893617021 520
1747393363610 5.638297872340425 530
1747393363611 5.638297872340425 530
1747393365681 5.74468085106383 540
1747393365682 5.74468085106383 540
1747393367765 5.851063829787234 550
1747393367767 5.851063829787234 550
1747393369825 5.957446808510638 560
1747393369827 5.957446808510638 560
1747393371910 6.0 564
1747393371911 6.0 564
1747393374586 6.0638297872340425 570
1747393374587 6.0638297872340425 570
1747393376625 6.170212765957447 580
1747393376626 6.170212765957447 580
1747393378756 6.276595744680851 590
1747393378757 6.276595744680851 590
1747393380824 6.382978723404255 600
1747393380825 6.382978723404255 600
1747393382866 6.48936170212766 610
1747393382864 6.48936170212766 610
1747393384954 6.595744680851064 620
1747393384955 6.595744680851064 620
1747393388621 6.702127659574468 630
1747393388624 6.702127659574468 630
1747393390714 6.808510638297872 640
1747393390715 6.808510638297872 640
1747393392807 6.914893617021277 650
1747393392808 6.914893617021277 650
1747393395769 7.0 658
1747393395770 7.0 658
1747393397584 7.0 658
1747393397585 7.0 658
