1747393236799 2.7524149417877197 10
1747393236801 2.7524149417877197 10
1747393238866 4.053569793701172 20
1747393238867 4.053569793701172 20
1747393240879 18.56630516052246 30
1747393240880 18.56630516052246 30
1747393243008 0.1429460644721985 40
1747393243010 0.1429460644721985 40
1747393245024 19.05277442932129 50
1747393245026 19.05277442932129 50
1747393247049 0.9054632186889648 60
1747393247050 0.9054632186889648 60
1747393249068 5.037053108215332 70
1747393249069 5.037053108215332 70
1747393251096 15.048664093017578 80
1747393251097 15.048664093017578 80
1747393253099 0.14030572772026062 90
1747393253100 0.14030572772026062 90
1747393258458 0.062003105878829956 100
1747393258459 0.062003105878829956 100
1747393260519 2.601632595062256 110
1747393260520 2.601632595062256 110
1747393262616 0.031666599214076996 120
1747393262617 0.031666599214076996 120
1747393264715 8.222850799560547 130
1747393264716 8.222850799560547 130
1747393266763 0.02317032590508461 140
1747393266765 0.02317032590508461 140
1747393268816 0.023345602676272392 150
1747393268817 0.023345602676272392 150
1747393270899 0.015131695196032524 160
1747393270901 0.015131695196032524 160
1747393272943 0.014667561277747154 170
1747393272944 0.014667561277747154 170
1747393275033 0.016263537108898163 180
1747393275035 0.016263537108898163 180
1747393280478 9.23250675201416 190
1747393280479 9.23250675201416 190
1747393282472 38.76889419555664 200
1747393282473 38.76889419555664 200
1747393284469 0.030690481886267662 210
1747393284471 0.030690481886267662 210
1747393288150 0.01544969342648983 220
1747393288151 0.01544969342648983 220
1747393290138 0.03444334492087364 230
1747393290140 0.03444334492087364 230
1747393292135 0.02390994317829609 240
1747393292137 0.02390994317829609 240
1747393295872 0.16803078353405 250
1747393295873 0.16803078353405 250
1747393297864 0.01497839204967022 260
1747393297865 0.01497839204967022 260
1747393299901 8.73437786102295 270
1747393299902 8.73437786102295 270
1747393301943 0.00867236778140068 280
1747393301944 0.00867236778140068 280
1747393306928 0.008544902317225933 290
1747393306931 0.008544902317225933 290
1747393308964 0.008691808208823204 300
1747393308966 0.008691808208823204 300
1747393311015 0.008624407462775707 310
1747393311016 0.008624407462775707 310
1747393313075 0.006588212214410305 320
1747393313076 0.006588212214410305 320
1747393315188 0.005626988597214222 330
1747393315191 0.005626988597214222 330
1747393317314 0.007751366589218378 340
1747393317316 0.007751366589218378 340
1747393319355 0.005202900152653456 350
1747393319357 0.005202900152653456 350
1747393321432 0.007712353486567736 360
1747393321431 0.007712353486567736 360
1747393323510 0.005456297192722559 370
1747393323511 0.005456297192722559 370
1747393328343 0.004458315670490265 380
1747393328345 0.004458315670490265 380
1747393330395 0.014824626967310905 390
1747393330397 0.014824626967310905 390
1747393332404 0.0038182148709893227 400
1747393332405 0.0038182148709893227 400
1747393334408 0.004149845335632563 410
1747393334409 0.004149845335632563 410
1747393336404 0.0036158214788883924 420
1747393336405 0.0036158214788883924 420
1747393338422 0.04187239333987236 430
1747393338424 0.04187239333987236 430
1747393340430 0.004000501241534948 440
1747393340432 0.004000501241534948 440
1747393344172 0.004490986000746489 450
1747393344173 0.004490986000746489 450
1747393346193 0.004048449918627739 460
1747393346194 0.004048449918627739 460
1747393348125 4.236619472503662 470
1747393348127 4.236619472503662 470
1747393353319 0.009895038791000843 480
1747393353321 0.009895038791000843 480
1747393355380 0.004083903972059488 490
1747393355382 0.004083903972059488 490
1747393357450 0.004132771398872137 500
1747393357452 0.004132771398872137 500
1747393359490 0.0029864211101084948 510
1747393359491 0.0029864211101084948 510
1747393361558 0.002926875837147236 520
1747393361559 0.002926875837147236 520
1747393363610 0.0022315015085041523 530
1747393363611 0.0022315015085041523 530
1747393365681 2.741929292678833 540
1747393365682 2.741929292678833 540
1747393367765 0.0025011880788952112 550
1747393367767 0.0025011880788952112 550
1747393369825 0.0023929348681122065 560
1747393369827 0.0023929348681122065 560
1747393374586 0.0023396641481667757 570
1747393374587 0.0023396641481667757 570
1747393376625 0.002389774890616536 580
1747393376626 0.002389774890616536 580
1747393378756 0.002256500069051981 590
1747393378757 0.002256500069051981 590
1747393380824 0.0025940965861082077 600
1747393380825 0.0025940965861082077 600
1747393382866 0.0021061792504042387 610
1747393382864 0.0021061792504042387 610
1747393384954 0.002197983907535672 620
1747393384955 0.002197983907535672 620
1747393388621 0.0022559764329344034 630
1747393388624 0.0022559764329344034 630
1747393390714 0.0021722265519201756 640
1747393390715 0.0021722265519201756 640
1747393392807 0.0027428283356130123 650
1747393392808 0.0027428283356130123 650
