1747393236799 4.946808510638298e-05 10
1747393236801 4.946808510638298e-05 10
1747393238866 4.893617021276596e-05 20
1747393238867 4.893617021276596e-05 20
1747393240879 4.840425531914894e-05 30
1747393240880 4.840425531914894e-05 30
1747393243008 4.787234042553192e-05 40
1747393243010 4.787234042553192e-05 40
1747393245024 4.734042553191489e-05 50
1747393245026 4.734042553191489e-05 50
1747393247049 4.680851063829788e-05 60
1747393247050 4.680851063829788e-05 60
1747393249068 4.627659574468085e-05 70
1747393249069 4.627659574468085e-05 70
1747393251096 4.574468085106383e-05 80
1747393251097 4.574468085106383e-05 80
1747393253099 4.5212765957446815e-05 90
1747393253100 4.5212765957446815e-05 90
1747393258458 4.468085106382979e-05 100
1747393258459 4.468085106382979e-05 100
1747393260519 4.414893617021277e-05 110
1747393260520 4.414893617021277e-05 110
1747393262616 4.3617021276595746e-05 120
1747393262617 4.3617021276595746e-05 120
1747393264715 4.3085106382978725e-05 130
1747393264716 4.3085106382978725e-05 130
1747393266763 4.2553191489361704e-05 140
1747393266765 4.2553191489361704e-05 140
1747393268816 4.2021276595744684e-05 150
1747393268817 4.2021276595744684e-05 150
1747393270899 4.148936170212766e-05 160
1747393270901 4.148936170212766e-05 160
1747393272943 4.095744680851064e-05 170
1747393272944 4.095744680851064e-05 170
1747393275033 4.0425531914893614e-05 180
1747393275035 4.0425531914893614e-05 180
1747393280478 3.9893617021276594e-05 190
1747393280479 3.9893617021276594e-05 190
1747393282472 3.936170212765958e-05 200
1747393282473 3.936170212765958e-05 200
1747393284469 3.882978723404255e-05 210
1747393284471 3.882978723404255e-05 210
1747393288150 3.829787234042553e-05 220
1747393288151 3.829787234042553e-05 220
1747393290138 3.776595744680852e-05 230
1747393290140 3.776595744680852e-05 230
1747393292135 3.723404255319149e-05 240
1747393292137 3.723404255319149e-05 240
1747393295873 3.670212765957447e-05 250
1747393295872 3.670212765957447e-05 250
1747393297864 3.617021276595745e-05 260
1747393297865 3.617021276595745e-05 260
1747393299901 3.563829787234043e-05 270
1747393299902 3.563829787234043e-05 270
1747393301943 3.5106382978723407e-05 280
1747393301944 3.5106382978723407e-05 280
1747393306928 3.4574468085106386e-05 290
1747393306931 3.4574468085106386e-05 290
1747393308964 3.4042553191489365e-05 300
1747393308966 3.4042553191489365e-05 300
1747393311015 3.3510638297872344e-05 310
1747393311016 3.3510638297872344e-05 310
1747393313075 3.2978723404255317e-05 320
1747393313076 3.2978723404255317e-05 320
1747393315188 3.2446808510638296e-05 330
1747393315191 3.2446808510638296e-05 330
1747393317314 3.191489361702128e-05 340
1747393317316 3.191489361702128e-05 340
1747393319355 3.1382978723404254e-05 350
1747393319357 3.1382978723404254e-05 350
1747393321432 3.085106382978723e-05 360
1747393321431 3.085106382978723e-05 360
1747393323510 3.0319148936170216e-05 370
1747393323511 3.0319148936170216e-05 370
1747393328343 2.9787234042553192e-05 380
1747393328345 2.9787234042553192e-05 380
1747393330395 2.925531914893617e-05 390
1747393330397 2.925531914893617e-05 390
1747393332404 2.8723404255319154e-05 400
1747393332405 2.8723404255319154e-05 400
1747393334408 2.819148936170213e-05 410
1747393334409 2.819148936170213e-05 410
1747393336404 2.765957446808511e-05 420
1747393336405 2.765957446808511e-05 420
1747393338422 2.7127659574468084e-05 430
1747393338424 2.7127659574468084e-05 430
1747393340430 2.6595744680851064e-05 440
1747393340432 2.6595744680851064e-05 440
1747393344172 2.6063829787234046e-05 450
1747393344173 2.6063829787234046e-05 450
1747393346193 2.5531914893617022e-05 460
1747393346194 2.5531914893617022e-05 460
1747393348125 2.5e-05 470
1747393348127 2.5e-05 470
1747393353319 2.446808510638298e-05 480
1747393353321 2.446808510638298e-05 480
1747393355380 2.393617021276596e-05 490
1747393355382 2.393617021276596e-05 490
1747393357450 2.340425531914894e-05 500
1747393357452 2.340425531914894e-05 500
1747393359490 2.2872340425531915e-05 510
1747393359491 2.2872340425531915e-05 510
1747393361558 2.2340425531914894e-05 520
1747393361559 2.2340425531914894e-05 520
1747393363610 2.1808510638297873e-05 530
1747393363611 2.1808510638297873e-05 530
1747393365681 2.1276595744680852e-05 540
1747393365682 2.1276595744680852e-05 540
1747393367765 2.074468085106383e-05 550
1747393367767 2.074468085106383e-05 550
1747393369825 2.0212765957446807e-05 560
1747393369827 2.0212765957446807e-05 560
1747393374586 1.968085106382979e-05 570
1747393374587 1.968085106382979e-05 570
1747393376625 1.9148936170212766e-05 580
1747393376626 1.9148936170212766e-05 580
1747393378756 1.8617021276595745e-05 590
1747393378757 1.8617021276595745e-05 590
1747393380824 1.8085106382978724e-05 600
1747393380825 1.8085106382978724e-05 600
1747393382866 1.7553191489361703e-05 610
1747393382864 1.7553191489361703e-05 610
1747393384954 1.7021276595744682e-05 620
1747393384955 1.7021276595744682e-05 620
1747393388621 1.6489361702127658e-05 630
1747393388624 1.6489361702127658e-05 630
1747393390714 1.595744680851064e-05 640
1747393390715 1.595744680851064e-05 640
1747393392807 1.5425531914893617e-05 650
1747393392808 1.5425531914893617e-05 650
