1747393236799 0.6241 10
1747393236801 0.6241 10
1747393238866 0.2433 20
1747393238867 0.2433 20
1747393240879 0.1004 30
1747393240880 0.1004 30
1747393243008 0.0476 40
1747393243010 0.0476 40
1747393245024 0.0832 50
1747393245026 0.0832 50
1747393247049 0.1314 60
1747393247050 0.1314 60
1747393249068 0.1639 70
1747393249069 0.1639 70
1747393251096 0.0838 80
1747393251097 0.0838 80
1747393253099 0.0778 90
1747393253100 0.0778 90
1747393258458 0.0469 100
1747393258459 0.0469 100
1747393260519 0.0639 110
1747393260520 0.0639 110
1747393262616 0.0142 120
1747393262617 0.0142 120
1747393264715 0.0377 130
1747393264716 0.0377 130
1747393266763 0.0188 140
1747393266765 0.0188 140
1747393268816 0.0015 150
1747393268817 0.0015 150
1747393270899 0.0012 160
1747393270901 0.0012 160
1747393272943 0.041 170
1747393272944 0.041 170
1747393275033 0.0634 180
1747393275035 0.0634 180
1747393280478 0.1143 190
1747393280479 0.1143 190
1747393282472 0.087 200
1747393282473 0.087 200
1747393284469 0.0097 210
1747393284471 0.0097 210
1747393288150 0.0991 220
1747393288151 0.0991 220
1747393290138 0.0576 230
1747393290140 0.0576 230
1747393292135 0.0012 240
1747393292137 0.0012 240
1747393295872 0.001 250
1747393295873 0.001 250
1747393297864 0.0008 260
1747393297865 0.0008 260
1747393299901 0.0021 270
1747393299902 0.0021 270
1747393301943 0.001 280
1747393301944 0.001 280
1747393306928 0.0338 290
1747393306931 0.0338 290
1747393308964 0.0178 300
1747393308966 0.0178 300
1747393311015 0.0201 310
1747393311016 0.0201 310
1747393313075 0.0003 320
1747393313076 0.0003 320
1747393315188 0.0367 330
1747393315191 0.0367 330
1747393317314 0.0004 340
1747393317316 0.0004 340
1747393319355 0.0358 350
1747393319357 0.0358 350
1747393321432 0.003 360
1747393321431 0.003 360
1747393323510 0.0003 370
1747393323511 0.0003 370
1747393328343 0.0007 380
1747393328345 0.0007 380
1747393330395 0.0003 390
1747393330397 0.0003 390
1747393332404 0.0004 400
1747393332405 0.0004 400
1747393334408 0.0002 410
1747393334409 0.0002 410
1747393336404 0.0002 420
1747393336405 0.0002 420
1747393338422 0.0002 430
1747393338424 0.0002 430
1747393340430 0.0002 440
1747393340432 0.0002 440
1747393344172 0.0002 450
1747393344173 0.0002 450
1747393346193 0.0002 460
1747393346194 0.0002 460
1747393348125 0.0006 470
1747393348127 0.0006 470
1747393353319 0.0002 480
1747393353321 0.0002 480
1747393355380 0.0002 490
1747393355382 0.0002 490
1747393357450 0.0141 500
1747393357452 0.0141 500
1747393359490 0.0001 510
1747393359491 0.0001 510
1747393361558 0.0001 520
1747393361559 0.0001 520
1747393363610 0.0001 530
1747393363611 0.0001 530
1747393365681 0.0005 540
1747393365682 0.0005 540
1747393367765 0.0001 550
1747393367767 0.0001 550
1747393369825 0.0001 560
1747393369827 0.0001 560
1747393374586 0.0486 570
1747393374587 0.0486 570
1747393376625 0.0001 580
1747393376626 0.0001 580
1747393378756 0.0001 590
1747393378757 0.0001 590
1747393380824 0.0002 600
1747393380825 0.0002 600
1747393382866 0.0001 610
1747393382864 0.0001 610
1747393384954 0.0001 620
1747393384955 0.0001 620
1747393388621 0.0001 630
1747393388624 0.0001 630
1747393390714 0.0009 640
1747393390715 0.0009 640
1747393392807 0.0001 650
1747393392808 0.0001 650
