1747387273836 0.22727272727272727 10
1747387273836 0.22727272727272727 10
1747387277659 0.45454545454545453 20
1747387277659 0.45454545454545453 20
1747387281607 0.6818181818181818 30
1747387281609 0.6818181818181818 30
1747387285512 0.9090909090909091 40
1747387285512 0.9090909090909091 40
1747387288058 1.0 44
1747387288058 1.0 44
1747387293399 1.1363636363636362 50
1747387293401 1.1363636363636362 50
1747387298880 1.3636363636363638 60
1747387298880 1.3636363636363638 60
1747387304429 1.5909090909090908 70
1747387304429 1.5909090909090908 70
1747387308344 1.8181818181818183 80
1747387308344 1.8181818181818183 80
1747387313171 2.0 88
1747387313187 2.0 88
1747387316976 2.0454545454545454 90
1747387316978 2.0454545454545454 90
1747387320886 2.2727272727272725 100
1747387320886 2.2727272727272725 100
1747387325167 2.5 110
1747387325167 2.5 110
1747387330204 2.7272727272727275 120
1747387330204 2.7272727272727275 120
1747387334024 2.9545454545454546 130
1747387334026 2.9545454545454546 130
1747387335760 3.0 132
1747387335760 3.0 132
1747387342034 3.1818181818181817 140
1747387342030 3.1818181818181817 140
1747387347284 3.409090909090909 150
1747387347286 3.409090909090909 150
1747387351116 3.6363636363636362 160
1747387351116 3.6363636363636362 160
1747387354960 3.8636363636363638 170
1747387354960 3.8636363636363638 170
1747387358270 4.0 176
1747387358270 4.0 176
1747387361333 4.090909090909091 180
1747387361333 4.090909090909091 180
1747387365296 4.318181818181818 190
1747387365296 4.318181818181818 190
1747387369160 4.545454545454545 200
1747387369176 4.545454545454545 200
1747387373062 4.7727272727272725 210
1747387373062 4.7727272727272725 210
1747387378476 5.0 220
1747387378476 5.0 220
1747387379661 5.0 220
1747387379663 5.0 220
1747387386675 5.2272727272727275 230
1747387386675 5.2272727272727275 230
1747387392247 5.454545454545454 240
1747387392247 5.454545454545454 240
1747387396294 5.681818181818182 250
1747387396294 5.681818181818182 250
1747387400178 5.909090909090909 260
1747387400178 5.909090909090909 260
1747387402726 6.0 264
1747387402726 6.0 264
1747387406690 6.136363636363637 270
1747387406690 6.136363636363637 270
1747387410572 6.363636363636363 280
1747387410572 6.363636363636363 280
1747387416098 6.590909090909091 290
1747387416098 6.590909090909091 290
1747387423203 6.818181818181818 300
1747387423203 6.818181818181818 300
1747387428909 7.0 308
1747387428911 7.0 308
1747387431200 7.045454545454546 310
1747387431200 7.045454545454546 310
1747387435010 7.2727272727272725 320
1747387435010 7.2727272727272725 320
1747387440524 7.5 330
1747387440537 7.5 330
1747387444546 7.7272727272727275 340
1747387444546 7.7272727272727275 340
1747387448509 7.954545454545455 350
1747387448509 7.954545454545455 350
1747387450339 8.0 352
1747387450339 8.0 352
1747387456799 8.181818181818182 360
1747387456799 8.181818181818182 360
1747387460705 8.409090909090908 370
1747387460705 8.409090909090908 370
1747387464640 8.636363636363637 380
1747387464640 8.636363636363637 380
1747387470209 8.863636363636363 390
1747387470209 8.863636363636363 390
1747387473619 9.0 396
1747387473619 9.0 396
1747387476591 9.090909090909092 400
1747387476593 9.090909090909092 400
1747387480543 9.318181818181818 410
1747387480543 9.318181818181818 410
1747387484553 9.545454545454545 420
1747387484553 9.545454545454545 420
1747387488541 9.772727272727273 430
1747387488541 9.772727272727273 430
1747387492422 10.0 440
1747387492424 10.0 440
1747387493669 10.0 440
1747387493671 10.0 440
1747387495344 10.0 440
1747387495344 10.0 440
