1747387273836 2.1332623958587646 10
1747387273836 2.1332623958587646 10
1747387277659 3.107342481613159 20
1747387277659 3.107342481613159 20
1747387281607 2.1888132095336914 30
1747387281609 2.1888132095336914 30
1747387285512 30.314592361450195 40
1747387285512 30.314592361450195 40
1747387293399 34.204097747802734 50
1747387293401 34.204097747802734 50
1747387298880 17.958017349243164 60
1747387298880 17.958017349243164 60
1747387304429 9.825594902038574 70
1747387304429 9.825594902038574 70
1747387308344 3.1369287967681885 80
1747387308344 3.1369287967681885 80
1747387316976 27.625890731811523 90
1747387316978 27.625890731811523 90
1747387320886 4.455647945404053 100
1747387320886 4.455647945404053 100
1747387325167 6.944699287414551 110
1747387325167 6.944699287414551 110
1747387330204 12.664024353027344 120
1747387330204 12.664024353027344 120
1747387334024 9.944825172424316 130
1747387334026 9.944825172424316 130
1747387342034 12.059134483337402 140
1747387342030 12.059134483337402 140
1747387347284 19.956661224365234 150
1747387347286 19.956661224365234 150
1747387351116 4.157252311706543 160
1747387351116 4.157252311706543 160
1747387354960 2.8603646755218506 170
1747387354960 2.8603646755218506 170
1747387361333 21.809616088867188 180
1747387361333 21.809616088867188 180
1747387365296 2.945784091949463 190
1747387365296 2.945784091949463 190
1747387369160 3.9170126914978027 200
1747387369176 3.9170126914978027 200
1747387373062 5.4390130043029785 210
1747387373062 5.4390130043029785 210
1747387378476 109.49028015136719 220
1747387378476 109.49028015136719 220
1747387386675 0.7803314924240112 230
1747387386675 0.7803314924240112 230
1747387392247 0.2198512703180313 240
1747387392247 0.2198512703180313 240
1747387396294 0.29785528779029846 250
1747387396294 0.29785528779029846 250
1747387400178 65.05644226074219 260
1747387400178 65.05644226074219 260
1747387406690 0.29614612460136414 270
1747387406690 0.29614612460136414 270
1747387410572 0.08085271716117859 280
1747387410572 0.08085271716117859 280
1747387416098 0.05990324541926384 290
1747387416098 0.05990324541926384 290
1747387423203 0.07495218515396118 300
1747387423203 0.07495218515396118 300
1747387431200 0.10750173032283783 310
1747387431200 0.10750173032283783 310
1747387435010 3.249934196472168 320
1747387435010 3.249934196472168 320
1747387440524 0.3808841109275818 330
1747387440537 0.3808841109275818 330
1747387444546 0.23052676022052765 340
1747387444546 0.23052676022052765 340
1747387448509 3.021454095840454 350
1747387448509 3.021454095840454 350
1747387456799 0.13786794245243073 360
1747387456799 0.13786794245243073 360
1747387460705 0.14634501934051514 370
1747387460705 0.14634501934051514 370
1747387464640 0.718145489692688 380
1747387464640 0.718145489692688 380
1747387470209 0.12101975828409195 390
1747387470209 0.12101975828409195 390
1747387476591 0.05601213127374649 400
1747387476593 0.05601213127374649 400
1747387480543 0.08717343211174011 410
1747387480543 0.08717343211174011 410
1747387484553 0.09951221197843552 420
1747387484553 0.09951221197843552 420
1747387488541 0.05524709075689316 430
1747387488541 0.05524709075689316 430
1747387492422 0.034895867109298706 440
1747387492424 0.034895867109298706 440
