1747387273836 4.886363636363637e-05 10
1747387273836 4.886363636363637e-05 10
1747387277659 4.772727272727273e-05 20
1747387277659 4.772727272727273e-05 20
1747387281607 4.659090909090909e-05 30
1747387281609 4.659090909090909e-05 30
1747387285512 4.545454545454546e-05 40
1747387285512 4.545454545454546e-05 40
1747387293399 4.431818181818182e-05 50
1747387293401 4.431818181818182e-05 50
1747387298880 4.318181818181819e-05 60
1747387298880 4.318181818181819e-05 60
1747387304429 4.204545454545455e-05 70
1747387304429 4.204545454545455e-05 70
1747387308344 4.0909090909090915e-05 80
1747387308344 4.0909090909090915e-05 80
1747387316976 3.9772727272727275e-05 90
1747387316978 3.9772727272727275e-05 90
1747387320886 3.8636363636363636e-05 100
1747387320886 3.8636363636363636e-05 100
1747387325167 3.7500000000000003e-05 110
1747387325167 3.7500000000000003e-05 110
1747387330204 3.6363636363636364e-05 120
1747387330204 3.6363636363636364e-05 120
1747387334024 3.522727272727273e-05 130
1747387334026 3.522727272727273e-05 130
1747387342034 3.409090909090909e-05 140
1747387342030 3.409090909090909e-05 140
1747387347284 3.295454545454545e-05 150
1747387347286 3.295454545454545e-05 150
1747387351116 3.181818181818182e-05 160
1747387351116 3.181818181818182e-05 160
1747387354960 3.068181818181818e-05 170
1747387354960 3.068181818181818e-05 170
1747387361333 2.954545454545455e-05 180
1747387361333 2.954545454545455e-05 180
1747387365296 2.8409090909090912e-05 190
1747387365296 2.8409090909090912e-05 190
1747387369160 2.7272727272727273e-05 200
1747387369176 2.7272727272727273e-05 200
1747387373062 2.6136363636363637e-05 210
1747387373062 2.6136363636363637e-05 210
1747387378476 2.5e-05 220
1747387378476 2.5e-05 220
1747387386675 2.3863636363636365e-05 230
1747387386675 2.3863636363636365e-05 230
1747387392247 2.272727272727273e-05 240
1747387392247 2.272727272727273e-05 240
1747387396294 2.1590909090909093e-05 250
1747387396294 2.1590909090909093e-05 250
1747387400178 2.0454545454545457e-05 260
1747387400178 2.0454545454545457e-05 260
1747387406690 1.9318181818181818e-05 270
1747387406690 1.9318181818181818e-05 270
1747387410572 1.8181818181818182e-05 280
1747387410572 1.8181818181818182e-05 280
1747387416098 1.7045454545454546e-05 290
1747387416098 1.7045454545454546e-05 290
1747387423203 1.590909090909091e-05 300
1747387423203 1.590909090909091e-05 300
1747387431200 1.4772727272727274e-05 310
1747387431200 1.4772727272727274e-05 310
1747387435010 1.3636363636363637e-05 320
1747387435010 1.3636363636363637e-05 320
1747387440524 1.25e-05 330
1747387440537 1.25e-05 330
1747387444546 1.1363636363636365e-05 340
1747387444546 1.1363636363636365e-05 340
1747387448509 1.0227272727272729e-05 350
1747387448509 1.0227272727272729e-05 350
1747387456799 9.090909090909091e-06 360
1747387456799 9.090909090909091e-06 360
1747387460705 7.954545454545455e-06 370
1747387460705 7.954545454545455e-06 370
1747387464640 6.818181818181818e-06 380
1747387464640 6.818181818181818e-06 380
1747387470209 5.681818181818182e-06 390
1747387470209 5.681818181818182e-06 390
1747387476591 4.5454545454545455e-06 400
1747387476593 4.5454545454545455e-06 400
1747387480543 3.409090909090909e-06 410
1747387480543 3.409090909090909e-06 410
1747387484553 2.2727272727272728e-06 420
1747387484553 2.2727272727272728e-06 420
1747387488541 1.1363636363636364e-06 430
1747387488541 1.1363636363636364e-06 430
1747387492422 0.0 440
1747387492424 0.0 440
