1747387273836 0.6843 10
1747387273836 0.6843 10
1747387277659 0.7015 20
1747387277659 0.7015 20
1747387281607 0.6706 30
1747387281609 0.6706 30
1747387285512 0.5952 40
1747387285512 0.5952 40
1747387293399 0.6057 50
1747387293401 0.6057 50
1747387298880 0.5063 60
1747387298880 0.5063 60
1747387304429 0.6013 70
1747387304429 0.6013 70
1747387308344 0.6355 80
1747387308344 0.6355 80
1747387316976 0.4645 90
1747387316978 0.4645 90
1747387320886 0.6086 100
1747387320886 0.6086 100
1747387325167 0.4282 110
1747387325167 0.4282 110
1747387330204 0.2659 120
1747387330204 0.2659 120
1747387334024 0.3344 130
1747387334026 0.3344 130
1747387342034 0.3365 140
1747387342030 0.3365 140
1747387347284 0.2912 150
1747387347286 0.2912 150
1747387351116 0.26 160
1747387351116 0.26 160
1747387354960 0.2945 170
1747387354960 0.2945 170
1747387361333 0.2424 180
1747387361333 0.2424 180
1747387365296 0.1266 190
1747387365296 0.1266 190
1747387369160 0.2031 200
1747387369176 0.2031 200
1747387373062 0.2053 210
1747387373062 0.2053 210
1747387378476 0.1686 220
1747387378476 0.1686 220
1747387386675 0.2672 230
1747387386675 0.2672 230
1747387392247 0.0909 240
1747387392247 0.0909 240
1747387396294 0.2406 250
1747387396294 0.2406 250
1747387400178 0.1308 260
1747387400178 0.1308 260
1747387406690 0.112 270
1747387406690 0.112 270
1747387410572 0.0558 280
1747387410572 0.0558 280
1747387416098 0.0058 290
1747387416098 0.0058 290
1747387423203 0.1563 300
1747387423203 0.1563 300
1747387431200 0.1706 310
1747387431200 0.1706 310
1747387435010 0.0972 320
1747387435010 0.0972 320
1747387440524 0.0674 330
1747387440537 0.0674 330
1747387444546 0.0574 340
1747387444546 0.0574 340
1747387448509 0.0756 350
1747387448509 0.0756 350
1747387456799 0.011 360
1747387456799 0.011 360
1747387460705 0.0911 370
1747387460705 0.0911 370
1747387464640 0.0095 380
1747387464640 0.0095 380
1747387470209 0.0322 390
1747387470209 0.0322 390
1747387476591 0.0414 400
1747387476593 0.0414 400
1747387480543 0.0307 410
1747387480543 0.0307 410
1747387484553 0.0024 420
1747387484553 0.0024 420
1747387488541 0.073 430
1747387488541 0.073 430
1747387492422 0.0315 440
1747387492424 0.0315 440
