1747404421126 0.11235955056179775 10
1747404421126 0.11235955056179775 10
1747404424908 0.2247191011235955 20
1747404424910 0.2247191011235955 20
1747404428721 0.33707865168539325 30
1747404428721 0.33707865168539325 30
1747404432584 0.449438202247191 40
1747404432584 0.449438202247191 40
1747404436406 0.5617977528089888 50
1747404436406 0.5617977528089888 50
1747404441647 0.6741573033707865 60
1747404441647 0.6741573033707865 60
1747404445687 0.7865168539325843 70
1747404445687 0.7865168539325843 70
1747404449518 0.898876404494382 80
1747404449518 0.898876404494382 80
1747404455196 1.0 89
1747404455196 1.0 89
1747404457191 1.0112359550561798 90
1747404457191 1.0112359550561798 90
1747404461052 1.1235955056179776 100
1747404461052 1.1235955056179776 100
1747404464912 1.2359550561797752 110
1747404464912 1.2359550561797752 110
1747404472070 1.348314606741573 120
1747404472070 1.348314606741573 120
1747404478142 1.4606741573033708 130
1747404478142 1.4606741573033708 130
1747404484722 1.5730337078651684 140
1747404484724 1.5730337078651684 140
1747404488560 1.6853932584269664 150
1747404488560 1.6853932584269664 150
1747404494111 1.797752808988764 160
1747404494113 1.797752808988764 160
1747404498067 1.9101123595505618 170
1747404498067 1.9101123595505618 170
1747404503496 2.0 178
1747404503498 2.0 178
1747404505985 2.0224719101123596 180
1747404505985 2.0224719101123596 180
1747404511875 2.134831460674157 190
1747404511877 2.134831460674157 190
1747404517118 2.247191011235955 200
1747404517118 2.247191011235955 200
1747404522693 2.359550561797753 210
1747404522695 2.359550561797753 210
1747404528351 2.4719101123595504 220
1747404528351 2.4719101123595504 220
1747404533915 2.5842696629213484 230
1747404533915 2.5842696629213484 230
1747404537773 2.696629213483146 240
1747404537773 2.696629213483146 240
1747404541693 2.808988764044944 250
1747404541693 2.808988764044944 250
1747404547234 2.9213483146067416 260
1747404547234 2.9213483146067416 260
1747404553986 3.0 267
1747404553984 3.0 267
1747404556788 3.033707865168539 270
1747404556788 3.033707865168539 270
1747404560768 3.146067415730337 280
1747404560768 3.146067415730337 280
1747404564735 3.258426966292135 290
1747404564735 3.258426966292135 290
1747404568695 3.370786516853933 300
1747404568695 3.370786516853933 300
1747404572615 3.4831460674157304 310
1747404572615 3.4831460674157304 310
1747404576740 3.595505617977528 320
1747404576740 3.595505617977528 320
1747404582270 3.7078651685393256 330
1747404582286 3.7078651685393256 330
1747404586250 3.8202247191011236 340
1747404586250 3.8202247191011236 340
1747404590204 3.932584269662921 350
1747404590204 3.932584269662921 350
1747404594817 4.0 356
1747404594817 4.0 356
1747404596481 4.0 356
1747404596481 4.0 356
