1747404421126 2.067366600036621 10
1747404421126 2.067366600036621 10
1747404424908 2.920408248901367 20
1747404424910 2.920408248901367 20
1747404428721 16.442447662353516 30
1747404428721 16.442447662353516 30
1747404432584 16.738744735717773 40
1747404432584 16.738744735717773 40
1747404436406 7.1970062255859375 50
1747404436406 7.1970062255859375 50
1747404441647 19.679523468017578 60
1747404441647 19.679523468017578 60
1747404445687 7.834776401519775 70
1747404445687 7.834776401519775 70
1747404449518 10.658079147338867 80
1747404449518 10.658079147338867 80
1747404457191 5.775096416473389 90
1747404457191 5.775096416473389 90
1747404461052 6.2852678298950195 100
1747404461052 6.2852678298950195 100
1747404464912 3.605353355407715 110
1747404464912 3.605353355407715 110
1747404472070 28.714006423950195 120
1747404472070 28.714006423950195 120
1747404478142 12.843291282653809 130
1747404478142 12.843291282653809 130
1747404484722 13.10888957977295 140
1747404484724 13.10888957977295 140
1747404488560 7.101661682128906 150
1747404488560 7.101661682128906 150
1747404494111 4.326468467712402 160
1747404494113 4.326468467712402 160
1747404498067 7.660679340362549 170
1747404498067 7.660679340362549 170
1747404505985 20.632482528686523 180
1747404505985 20.632482528686523 180
1747404511875 2.041033983230591 190
1747404511877 2.041033983230591 190
1747404517118 7.268681526184082 200
1747404517118 7.268681526184082 200
1747404522693 6.313352584838867 210
1747404522695 6.313352584838867 210
1747404528351 31.46525001525879 220
1747404528351 31.46525001525879 220
1747404533915 50.03444290161133 230
1747404533915 50.03444290161133 230
1747404537773 2.210218906402588 240
1747404537773 2.210218906402588 240
1747404541693 3.6796278953552246 250
1747404541693 3.6796278953552246 250
1747404547234 5.348531246185303 260
1747404547234 5.348531246185303 260
1747404556788 3.347370147705078 270
1747404556788 3.347370147705078 270
1747404560768 3.221414804458618 280
1747404560768 3.221414804458618 280
1747404564735 3.7074053287506104 290
1747404564735 3.7074053287506104 290
1747404568695 13.650123596191406 300
1747404568695 13.650123596191406 300
1747404572615 0.06688438355922699 310
1747404572615 0.06688438355922699 310
1747404576740 16.53460693359375 320
1747404576740 16.53460693359375 320
1747404582270 73.13847351074219 330
1747404582286 73.13847351074219 330
1747404586250 2.7751071453094482 340
1747404586250 2.7751071453094482 340
1747404590204 3.717418670654297 350
1747404590204 3.717418670654297 350
