1747404421126 4.943820224719101e-05 10
1747404421126 4.943820224719101e-05 10
1747404424908 4.8876404494382024e-05 20
1747404424910 4.8876404494382024e-05 20
1747404428721 4.831460674157304e-05 30
1747404428721 4.831460674157304e-05 30
1747404432584 4.7752808988764046e-05 40
1747404432584 4.7752808988764046e-05 40
1747404436406 4.719101123595506e-05 50
1747404436406 4.719101123595506e-05 50
1747404441647 4.662921348314607e-05 60
1747404441647 4.662921348314607e-05 60
1747404445687 4.606741573033708e-05 70
1747404445687 4.606741573033708e-05 70
1747404449518 4.550561797752809e-05 80
1747404449518 4.550561797752809e-05 80
1747404457191 4.4943820224719104e-05 90
1747404457191 4.4943820224719104e-05 90
1747404461052 4.438202247191011e-05 100
1747404461052 4.438202247191011e-05 100
1747404464912 4.3820224719101126e-05 110
1747404464912 4.3820224719101126e-05 110
1747404472070 4.3258426966292134e-05 120
1747404472070 4.3258426966292134e-05 120
1747404478142 4.269662921348315e-05 130
1747404478142 4.269662921348315e-05 130
1747404484722 4.2134831460674156e-05 140
1747404484724 4.2134831460674156e-05 140
1747404488560 4.157303370786517e-05 150
1747404488560 4.157303370786517e-05 150
1747404494111 4.1011235955056184e-05 160
1747404494113 4.1011235955056184e-05 160
1747404498067 4.044943820224719e-05 170
1747404498067 4.044943820224719e-05 170
1747404505985 3.98876404494382e-05 180
1747404505985 3.98876404494382e-05 180
1747404511875 3.9325842696629214e-05 190
1747404511877 3.9325842696629214e-05 190
1747404517118 3.876404494382023e-05 200
1747404517118 3.876404494382023e-05 200
1747404522693 3.8202247191011236e-05 210
1747404522695 3.8202247191011236e-05 210
1747404528351 3.764044943820225e-05 220
1747404528351 3.764044943820225e-05 220
1747404533915 3.7078651685393264e-05 230
1747404533915 3.7078651685393264e-05 230
1747404537773 3.651685393258427e-05 240
1747404537773 3.651685393258427e-05 240
1747404541693 3.595505617977528e-05 250
1747404541693 3.595505617977528e-05 250
1747404547234 3.5393258426966294e-05 260
1747404547234 3.5393258426966294e-05 260
1747404556788 3.483146067415731e-05 270
1747404556788 3.483146067415731e-05 270
1747404560768 3.4269662921348316e-05 280
1747404560768 3.4269662921348316e-05 280
1747404564735 3.370786516853933e-05 290
1747404564735 3.370786516853933e-05 290
1747404568695 3.314606741573034e-05 300
1747404568695 3.314606741573034e-05 300
1747404572615 3.258426966292135e-05 310
1747404572615 3.258426966292135e-05 310
1747404576740 3.202247191011236e-05 320
1747404576740 3.202247191011236e-05 320
1747404582270 3.1460674157303374e-05 330
1747404582286 3.1460674157303374e-05 330
1747404586250 3.089887640449438e-05 340
1747404586250 3.089887640449438e-05 340
1747404590204 3.0337078651685396e-05 350
1747404590204 3.0337078651685396e-05 350
