1747404421126 0.6354 10
1747404421126 0.6354 10
1747404424908 0.6299 20
1747404424910 0.6299 20
1747404428721 0.5413 30
1747404428721 0.5413 30
1747404432584 0.5613 40
1747404432584 0.5613 40
1747404436406 0.6216 50
1747404436406 0.6216 50
1747404441647 0.5192 60
1747404441647 0.5192 60
1747404445687 0.4765 70
1747404445687 0.4765 70
1747404449518 0.4212 80
1747404449518 0.4212 80
1747404457191 0.3905 90
1747404457191 0.3905 90
1747404461052 0.3848 100
1747404461052 0.3848 100
1747404464912 0.2916 110
1747404464912 0.2916 110
1747404472070 0.4083 120
1747404472070 0.4083 120
1747404478142 0.4157 130
1747404478142 0.4157 130
1747404484722 0.3732 140
1747404484724 0.3732 140
1747404488560 0.2481 150
1747404488560 0.2481 150
1747404494111 0.3385 160
1747404494113 0.3385 160
1747404498067 0.3699 170
1747404498067 0.3699 170
1747404505985 0.2967 180
1747404505985 0.2967 180
1747404511875 0.2437 190
1747404511877 0.2437 190
1747404517118 0.2014 200
1747404517118 0.2014 200
1747404522693 0.2591 210
1747404522695 0.2591 210
1747404528351 0.269 220
1747404528351 0.269 220
1747404533915 0.2887 230
1747404533915 0.2887 230
1747404537773 0.1525 240
1747404537773 0.1525 240
1747404541693 0.2748 250
1747404541693 0.2748 250
1747404547234 0.1062 260
1747404547234 0.1062 260
1747404556788 0.3073 270
1747404556788 0.3073 270
1747404560768 0.1818 280
1747404560768 0.1818 280
1747404564735 0.1841 290
1747404564735 0.1841 290
1747404568695 0.141 300
1747404568695 0.141 300
1747404572615 0.1676 310
1747404572615 0.1676 310
1747404576740 0.1358 320
1747404576740 0.1358 320
1747404582270 0.2251 330
1747404582286 0.2251 330
1747404586250 0.1504 340
1747404586250 0.1504 340
1747404590204 0.1357 350
1747404590204 0.1357 350
