1744052541399 0.056179775280898875 10
1744052541400 0.056179775280898875 10
1744052545273 0.11235955056179775 20
1744052545273 0.11235955056179775 20
1744052549114 0.16853932584269662 30
1744052549113 0.16853932584269662 30
1744052552990 0.2247191011235955 40
1744052552991 0.2247191011235955 40
1744052556874 0.2808988764044944 50
1744052556874 0.2808988764044944 50
1744052562388 0.33707865168539325 60
1744052562389 0.33707865168539325 60
1744052569598 0.39325842696629215 70
1744052569599 0.39325842696629215 70
1744052573579 0.449438202247191 80
1744052573580 0.449438202247191 80
1744052577495 0.5056179775280899 90
1744052577495 0.5056179775280899 90
1744052581448 0.5617977528089888 100
1744052581448 0.5617977528089888 100
1744052586852 0.6179775280898876 110
1744052586851 0.6179775280898876 110
1744052590791 0.6741573033707865 120
1744052590792 0.6741573033707865 120
1744052596405 0.7303370786516854 130
1744052596405 0.7303370786516854 130
1744052602008 0.7865168539325843 140
1744052602009 0.7865168539325843 140
1744052606016 0.8426966292134831 150
1744052606016 0.8426966292134831 150
1744052609962 0.898876404494382 160
1744052609962 0.898876404494382 160
1744052617112 0.9550561797752809 170
1744052617114 0.9550561797752809 170
1744052624854 1.0 178
1744052624854 1.0 178
1744052625655 1.0112359550561798 180
1744052625656 1.0112359550561798 180
1744052630929 1.0674157303370786 190
1744052630933 1.0674157303370786 190
1744052635591 1.1235955056179776 200
1744052635592 1.1235955056179776 200
1744052642038 1.1797752808988764 210
1744052642039 1.1797752808988764 210
1744052646345 1.2359550561797752 220
1744052646346 1.2359550561797752 220
1744052650873 1.2921348314606742 230
1744052650877 1.2921348314606742 230
1744052658375 1.348314606741573 240
1744052658378 1.348314606741573 240
1744052664353 1.404494382022472 250
1744052664355 1.404494382022472 250
1744052672075 1.4606741573033708 260
1744052672075 1.4606741573033708 260
1744052676229 1.5168539325842696 270
1744052676229 1.5168539325842696 270
1744052680565 1.5730337078651684 280
1744052680565 1.5730337078651684 280
1744052686729 1.6292134831460674 290
1744052686733 1.6292134831460674 290
1744052691186 1.6853932584269664 300
1744052691187 1.6853932584269664 300
1744052700967 1.7415730337078652 310
1744052700968 1.7415730337078652 310
1744052705087 1.797752808988764 320
1744052705088 1.797752808988764 320
1744052710970 1.8539325842696628 330
1744052710971 1.8539325842696628 330
1744052716656 1.9101123595505618 340
1744052716657 1.9101123595505618 340
1744052720838 1.9662921348314608 350
1744052720840 1.9662921348314608 350
1744052731144 2.0 356
1744052731145 2.0 356
1744052732753 2.0224719101123596 360
1744052732754 2.0224719101123596 360
1744052739981 2.0786516853932584 370
1744052739982 2.0786516853932584 370
1744052743955 2.134831460674157 380
1744052743956 2.134831460674157 380
1744052747952 2.191011235955056 390
1744052747953 2.191011235955056 390
1744052751946 2.247191011235955 400
1744052751947 2.247191011235955 400
1744052760589 2.303370786516854 410
1744052760589 2.303370786516854 410
1744052764615 2.359550561797753 420
1744052764616 2.359550561797753 420
1744052768616 2.4157303370786516 430
1744052768617 2.4157303370786516 430
1744052772606 2.4719101123595504 440
1744052772607 2.4719101123595504 440
1744052776613 2.5280898876404496 450
1744052776612 2.5280898876404496 450
1744052782239 2.5842696629213484 460
1744052782241 2.5842696629213484 460
1744052786256 2.640449438202247 470
1744052786256 2.640449438202247 470
1744052791865 2.696629213483146 480
1744052791866 2.696629213483146 480
1744052795870 2.752808988764045 490
1744052795871 2.752808988764045 490
1744052799946 2.808988764044944 500
1744052799948 2.808988764044944 500
1744052805412 2.865168539325843 510
1744052805412 2.865168539325843 510
1744052809623 2.9213483146067416 520
1744052809624 2.9213483146067416 520
1744052813767 2.9775280898876404 530
1744052813768 2.9775280898876404 530
1744052823121 3.0 534
1744052823125 3.0 534
1744052823115 3.0 534
1744052823116 3.0 534
