1744052541399 4.906367041198502e-05 10
1744052541400 4.906367041198502e-05 10
1744052545273 4.812734082397004e-05 20
1744052545273 4.812734082397004e-05 20
1744052549114 4.719101123595506e-05 30
1744052549113 4.719101123595506e-05 30
1744052552990 4.625468164794008e-05 40
1744052552991 4.625468164794008e-05 40
1744052556874 4.531835205992509e-05 50
1744052556874 4.531835205992509e-05 50
1744052562388 4.438202247191011e-05 60
1744052562389 4.438202247191011e-05 60
1744052569598 4.344569288389513e-05 70
1744052569599 4.344569288389513e-05 70
1744052573579 4.250936329588015e-05 80
1744052573580 4.250936329588015e-05 80
1744052577495 4.157303370786517e-05 90
1744052577495 4.157303370786517e-05 90
1744052581448 4.063670411985019e-05 100
1744052581448 4.063670411985019e-05 100
1744052586852 3.970037453183521e-05 110
1744052586851 3.970037453183521e-05 110
1744052590791 3.876404494382023e-05 120
1744052590792 3.876404494382023e-05 120
1744052596405 3.782771535580524e-05 130
1744052596405 3.782771535580524e-05 130
1744052602008 3.689138576779027e-05 140
1744052602009 3.689138576779027e-05 140
1744052606016 3.595505617977528e-05 150
1744052606016 3.595505617977528e-05 150
1744052609962 3.5018726591760305e-05 160
1744052609962 3.5018726591760305e-05 160
1744052617112 3.408239700374532e-05 170
1744052617114 3.408239700374532e-05 170
1744052625655 3.314606741573034e-05 180
1744052625656 3.314606741573034e-05 180
1744052630929 3.220973782771536e-05 190
1744052630933 3.220973782771536e-05 190
1744052635591 3.1273408239700376e-05 200
1744052635592 3.1273408239700376e-05 200
1744052642038 3.0337078651685396e-05 210
1744052642039 3.0337078651685396e-05 210
1744052646345 2.940074906367041e-05 220
1744052646346 2.940074906367041e-05 220
1744052650873 2.846441947565543e-05 230
1744052650877 2.846441947565543e-05 230
1744052658375 2.752808988764045e-05 240
1744052658378 2.752808988764045e-05 240
1744052664353 2.6591760299625466e-05 250
1744052664355 2.6591760299625466e-05 250
1744052672075 2.565543071161049e-05 260
1744052672075 2.565543071161049e-05 260
1744052676229 2.4719101123595505e-05 270
1744052676229 2.4719101123595505e-05 270
1744052680565 2.3782771535580524e-05 280
1744052680565 2.3782771535580524e-05 280
1744052686729 2.2846441947565544e-05 290
1744052686733 2.2846441947565544e-05 290
1744052691186 2.1910112359550563e-05 300
1744052691187 2.1910112359550563e-05 300
1744052700967 2.0973782771535582e-05 310
1744052700968 2.0973782771535582e-05 310
1744052705087 2.00374531835206e-05 320
1744052705088 2.00374531835206e-05 320
1744052710970 1.9101123595505618e-05 330
1744052710971 1.9101123595505618e-05 330
1744052716656 1.8164794007490637e-05 340
1744052716657 1.8164794007490637e-05 340
1744052720838 1.7228464419475657e-05 350
1744052720840 1.7228464419475657e-05 350
1744052732753 1.6292134831460676e-05 360
1744052732754 1.6292134831460676e-05 360
1744052739981 1.5355805243445692e-05 370
1744052739982 1.5355805243445692e-05 370
1744052743955 1.4419475655430711e-05 380
1744052743956 1.4419475655430711e-05 380
1744052747952 1.348314606741573e-05 390
1744052747953 1.348314606741573e-05 390
1744052751946 1.254681647940075e-05 400
1744052751947 1.254681647940075e-05 400
1744052760589 1.161048689138577e-05 410
1744052760589 1.161048689138577e-05 410
1744052764615 1.0674157303370787e-05 420
1744052764616 1.0674157303370787e-05 420
1744052768616 9.737827715355806e-06 430
1744052768617 9.737827715355806e-06 430
1744052772606 8.801498127340826e-06 440
1744052772607 8.801498127340826e-06 440
1744052776612 7.865168539325843e-06 450
1744052776613 7.865168539325843e-06 450
1744052782239 6.928838951310862e-06 460
1744052782241 6.928838951310862e-06 460
1744052786256 5.9925093632958805e-06 470
1744052786256 5.9925093632958805e-06 470
1744052791865 5.056179775280899e-06 480
1744052791866 5.056179775280899e-06 480
1744052795870 4.1198501872659175e-06 490
1744052795871 4.1198501872659175e-06 490
1744052799946 3.1835205992509364e-06 500
1744052799948 3.1835205992509364e-06 500
1744052805412 2.247191011235955e-06 510
1744052805412 2.247191011235955e-06 510
1744052809623 1.310861423220974e-06 520
1744052809624 1.310861423220974e-06 520
1744052813767 3.7453183520599253e-07 530
1744052813768 3.7453183520599253e-07 530
