1744052541399 0.6313 10
1744052541400 0.6313 10
1744052545273 0.6649 20
1744052545273 0.6649 20
1744052549113 0.6533 30
1744052549114 0.6533 30
1744052552990 0.5676 40
1744052552991 0.5676 40
1744052556874 0.4329 50
1744052556874 0.4329 50
1744052562388 0.4985 60
1744052562389 0.4985 60
1744052569598 0.61 70
1744052569599 0.61 70
1744052573579 0.5202 80
1744052573580 0.5202 80
1744052577495 0.547 90
1744052577495 0.547 90
1744052581448 0.4446 100
1744052581448 0.4446 100
1744052586852 0.3481 110
1744052586851 0.3481 110
1744052590791 0.3973 120
1744052590792 0.3973 120
1744052596405 0.3508 130
1744052596405 0.3508 130
1744052602008 0.4285 140
1744052602009 0.4285 140
1744052606016 0.5603 150
1744052606016 0.5603 150
1744052609962 0.4806 160
1744052609962 0.4806 160
1744052617112 0.3899 170
1744052617114 0.3899 170
1744052625655 0.4093 180
1744052625656 0.4093 180
1744052630929 0.3042 190
1744052630933 0.3042 190
1744052635591 0.2096 200
1744052635592 0.2096 200
1744052642038 0.3868 210
1744052642039 0.3868 210
1744052646345 0.2112 220
1744052646346 0.2112 220
1744052650873 0.0822 230
1744052650877 0.0822 230
1744052658375 0.4721 240
1744052658378 0.4721 240
1744052664353 0.3833 250
1744052664355 0.3833 250
1744052672075 0.0911 260
1744052672075 0.0911 260
1744052676229 0.185 270
1744052676229 0.185 270
1744052680565 0.2665 280
1744052680565 0.2665 280
1744052686729 0.3241 290
1744052686733 0.3241 290
1744052691186 0.1191 300
1744052691187 0.1191 300
1744052700967 0.4126 310
1744052700968 0.4126 310
1744052705087 0.3227 320
1744052705088 0.3227 320
1744052710970 0.1769 330
1744052710971 0.1769 330
1744052716656 0.1773 340
1744052716657 0.1773 340
1744052720838 0.1946 350
1744052720840 0.1946 350
1744052732753 0.0768 360
1744052732754 0.0768 360
1744052739981 0.105 370
1744052739982 0.105 370
1744052743955 0.0043 380
1744052743956 0.0043 380
1744052747952 0.0394 390
1744052747953 0.0394 390
1744052751946 0.0309 400
1744052751947 0.0309 400
1744052760589 0.1197 410
1744052760589 0.1197 410
1744052764615 0.0833 420
1744052764616 0.0833 420
1744052768616 0.0999 430
1744052768617 0.0999 430
1744052772606 0.073 440
1744052772607 0.073 440
1744052776612 0.2469 450
1744052776613 0.2469 450
1744052782239 0.1527 460
1744052782241 0.1527 460
1744052786256 0.0088 470
1744052786256 0.0088 470
1744052791865 0.0769 480
1744052791866 0.0769 480
1744052795870 0.0355 490
1744052795871 0.0355 490
1744052799946 0.0591 500
1744052799948 0.0591 500
1744052805412 0.0092 510
1744052805412 0.0092 510
1744052809624 0.0226 520
1744052813767 0.0085 530
1744052813768 0.0085 530
