1746982973373 0.056179775280898875 10
1746982973374 0.056179775280898875 10
1746983026036 0.11235955056179775 20
1746983026036 0.11235955056179775 20
1746983074719 0.16853932584269662 30
1746983074719 0.16853932584269662 30
1746983124920 0.2247191011235955 40
1746983124921 0.2247191011235955 40
1746983176500 0.2808988764044944 50
1746983176500 0.2808988764044944 50
1746983226180 0.33707865168539325 60
1746983226179 0.33707865168539325 60
1746983273167 0.39325842696629215 70
1746983273167 0.39325842696629215 70
1746983322783 0.449438202247191 80
1746983322783 0.449438202247191 80
1746983372053 0.5056179775280899 90
1746983372053 0.5056179775280899 90
1746983418154 0.5617977528089888 100
1746983418154 0.5617977528089888 100
1746983474413 0.6179775280898876 110
1746983474415 0.6179775280898876 110
1746983527349 0.6741573033707865 120
1746983527349 0.6741573033707865 120
1746983579213 0.7303370786516854 130
1746983579213 0.7303370786516854 130
1746983629830 0.7865168539325843 140
1746983629830 0.7865168539325843 140
1746983680098 0.8426966292134831 150
1746983680098 0.8426966292134831 150
1746983727072 0.898876404494382 160
1746983727073 0.898876404494382 160
1746983771712 0.9550561797752809 170
1746983771712 0.9550561797752809 170
1746983818882 1.0 178
1746983818881 1.0 178
1746983831395 1.0112359550561798 180
1746983831395 1.0112359550561798 180
1746983883412 1.0674157303370786 190
1746983883412 1.0674157303370786 190
