1746982973373 8.985812187194824 10
1746982973374 8.985812187194824 10
1746983026036 5.644774436950684 20
1746983026036 5.644774436950684 20
1746983074719 5.567601680755615 30
1746983074719 5.567601680755615 30
1746983124920 4.025371551513672 40
1746983124921 4.025371551513672 40
1746983176500 4.721231460571289 50
1746983176500 4.721231460571289 50
1746983226179 2.2249557971954346 60
1746983273167 4.914103031158447 70
1746983273167 4.914103031158447 70
1746983322783 8.304587364196777 80
1746983322783 8.304587364196777 80
1746983372053 2.095694065093994 90
1746983372053 2.095694065093994 90
1746983418154 2.920647382736206 100
1746983418154 2.920647382736206 100
1746983474413 4.404191493988037 110
1746983474415 4.404191493988037 110
1746983527349 3.1829423904418945 120
1746983527349 3.1829423904418945 120
1746983579213 5.064850330352783 130
1746983579213 5.064850330352783 130
1746983629830 5.773550987243652 140
1746983629830 5.773550987243652 140
1746983680098 2.46413254737854 150
1746983680098 2.46413254737854 150
1746983727072 1.1766040325164795 160
1746983727073 1.1766040325164795 160
1746983771712 2.186347723007202 170
1746983771712 2.186347723007202 170
1746983831395 1.5645177364349365 180
1746983831395 1.5645177364349365 180
1746983883412 2.465027093887329 190
1746983883412 2.465027093887329 190
