1746982973373 4.971910112359551e-05 10
1746982973374 4.971910112359551e-05 10
1746983026036 4.943820224719101e-05 20
1746983026036 4.943820224719101e-05 20
1746983074719 4.915730337078652e-05 30
1746983074719 4.915730337078652e-05 30
1746983124920 4.8876404494382024e-05 40
1746983124921 4.8876404494382024e-05 40
1746983176500 4.859550561797753e-05 50
1746983176500 4.859550561797753e-05 50
1746983226180 4.831460674157304e-05 60
1746983226179 4.831460674157304e-05 60
1746983273167 4.803370786516854e-05 70
1746983273167 4.803370786516854e-05 70
1746983322783 4.7752808988764046e-05 80
1746983322783 4.7752808988764046e-05 80
1746983372053 4.747191011235955e-05 90
1746983372053 4.747191011235955e-05 90
1746983418154 4.719101123595506e-05 100
1746983418154 4.719101123595506e-05 100
1746983474413 4.691011235955056e-05 110
1746983474415 4.691011235955056e-05 110
1746983527349 4.662921348314607e-05 120
1746983527349 4.662921348314607e-05 120
1746983579213 4.6348314606741575e-05 130
1746983579213 4.6348314606741575e-05 130
1746983629830 4.606741573033708e-05 140
1746983629830 4.606741573033708e-05 140
1746983680098 4.578651685393259e-05 150
1746983680098 4.578651685393259e-05 150
1746983727072 4.550561797752809e-05 160
1746983727073 4.550561797752809e-05 160
1746983771712 4.52247191011236e-05 170
1746983771712 4.52247191011236e-05 170
1746983831395 4.4943820224719104e-05 180
1746983831395 4.4943820224719104e-05 180
1746983883412 4.4662921348314605e-05 190
1746983883412 4.4662921348314605e-05 190
