1746982973373 0.6748 10
1746982973374 0.6748 10
1746983026036 0.6352 20
1746983026036 0.6352 20
1746983074719 0.6175 30
1746983074719 0.6175 30
1746983124920 0.6346 40
1746983124921 0.6346 40
1746983176500 0.621 50
1746983176500 0.621 50
1746983226180 0.6528 60
1746983273167 0.6565 70
1746983273167 0.6565 70
1746983322783 0.6956 80
1746983322783 0.6956 80
1746983372053 0.6732 90
1746983372053 0.6732 90
1746983418154 0.6887 100
1746983418154 0.6887 100
1746983474413 0.579 110
1746983474415 0.579 110
1746983527349 0.6207 120
1746983527349 0.6207 120
1746983579213 0.59 130
1746983579213 0.59 130
1746983629830 0.6078 140
1746983629830 0.6078 140
1746983680098 0.5519 150
1746983680098 0.5519 150
1746983727072 0.6232 160
1746983727073 0.6232 160
1746983771712 0.6373 170
1746983771712 0.6373 170
1746983831395 0.6444 180
1746983831395 0.6444 180
1746983883412 0.5856 190
1746983883412 0.5856 190
