1747234130770 0.5263157894736842 10
1747234130770 0.5263157894736842 10
1747234134919 1.0 19
1747234134919 1.0 19
1747234136357 1.0526315789473684 20
1747234136357 1.0526315789473684 20
1747234140566 1.5789473684210527 30
1747234140566 1.5789473684210527 30
1747234144436 2.0 38
1747234144436 2.0 38
1747234146660 2.1052631578947367 40
1747234146660 2.1052631578947367 40
1747234151114 2.6315789473684212 50
1747234151125 2.6315789473684212 50
1747234157510 3.0 57
1747234157508 3.0 57
1747234159803 3.1578947368421053 60
1747234159804 3.1578947368421053 60
1747234165594 3.6842105263157894 70
1747234165594 3.6842105263157894 70
1747234168503 4.0 76
1747234168503 4.0 76
1747234171441 4.2105263157894735 80
1747234171442 4.2105263157894735 80
1747234177298 4.7368421052631575 90
1747234177298 4.7368421052631575 90
1747234179816 5.0 95
1747234179816 5.0 95
1747234183926 5.2631578947368425 100
1747234183926 5.2631578947368425 100
1747234189816 5.7894736842105265 110
1747234189816 5.7894736842105265 110
1747234191862 6.0 114
1747234191862 6.0 114
1747234195315 6.315789473684211 120
1747234195315 6.315789473684211 120
1747234199556 6.842105263157895 130
1747234199563 6.842105263157895 130
1747234201270 7.0 133
1747234201270 7.0 133
1747234202340 7.0 133
1747234202340 7.0 133
