1747234130770 5.880516529083252 10
1747234130770 5.880516529083252 10
1747234136357 3.141970157623291 20
1747234136357 3.141970157623291 20
1747234140566 3.7843217849731445 30
1747234140566 3.7843217849731445 30
1747234146660 28.009212493896484 40
1747234146660 28.009212493896484 40
1747234151114 0.07096774131059647 50
1747234151125 0.07096774131059647 50
1747234159803 0.06254065036773682 60
1747234159804 0.06254065036773682 60
1747234165594 0.037554532289505005 70
1747234165594 0.037554532289505005 70
1747234171441 0.031030485406517982 80
1747234171442 0.031030485406517982 80
1747234177298 0.025842884555459023 90
1747234177298 0.025842884555459023 90
1747234183926 0.0305862408131361 100
1747234183926 0.0305862408131361 100
1747234189816 0.018704192712903023 110
1747234189816 0.018704192712903023 110
1747234195315 0.02178058959543705 120
1747234195315 0.02178058959543705 120
1747234199556 0.018579887226223946 130
1747234199563 0.018579887226223946 130
