1747234130770 4.736842105263158e-05 10
1747234130770 4.736842105263158e-05 10
1747234136357 4.473684210526316e-05 20
1747234136357 4.473684210526316e-05 20
1747234140566 4.210526315789474e-05 30
1747234140566 4.210526315789474e-05 30
1747234146660 3.9473684210526316e-05 40
1747234146660 3.9473684210526316e-05 40
1747234151114 3.6842105263157895e-05 50
1747234151125 3.6842105263157895e-05 50
1747234159803 3.421052631578947e-05 60
1747234159804 3.421052631578947e-05 60
1747234165594 3.157894736842105e-05 70
1747234165594 3.157894736842105e-05 70
1747234171441 2.8947368421052634e-05 80
1747234171442 2.8947368421052634e-05 80
1747234177298 2.6315789473684212e-05 90
1747234177298 2.6315789473684212e-05 90
1747234183926 2.368421052631579e-05 100
1747234183926 2.368421052631579e-05 100
1747234189816 2.105263157894737e-05 110
1747234189816 2.105263157894737e-05 110
1747234195315 1.8421052631578947e-05 120
1747234195315 1.8421052631578947e-05 120
1747234199556 1.5789473684210526e-05 130
1747234199563 1.5789473684210526e-05 130
