1747234130770 0.6359 10
1747234130770 0.6359 10
1747234136357 0.3049 20
1747234136357 0.3049 20
1747234140566 0.1147 30
1747234140566 0.1147 30
1747234146660 0.0803 40
1747234146660 0.0803 40
1747234151114 0.0454 50
1747234151125 0.0454 50
1747234159803 0.0039 60
1747234159804 0.0039 60
1747234165594 0.0274 70
1747234165594 0.0274 70
1747234171441 0.002 80
1747234171442 0.002 80
1747234177298 0.0231 90
1747234177298 0.0231 90
1747234183926 0.0015 100
1747234183926 0.0015 100
1747234189816 0.0013 110
1747234189816 0.0013 110
1747234195315 0.0012 120
1747234195315 0.0012 120
1747234199556 0.001 130
1747234199563 0.001 130
