1746979755780 0.5555555555555556 10
1746979755780 0.5555555555555556 10
1746979789723 1.0 18
1746979789724 1.0 18
1746979800520 1.1111111111111112 20
1746979800521 1.1111111111111112 20
1746979843570 1.6666666666666665 30
1746979843570 1.6666666666666665 30
1746979869139 2.0 36
1746979869139 2.0 36
1746979887997 2.2222222222222223 40
1746979887998 2.2222222222222223 40
1746979932319 2.7777777777777777 50
1746979932319 2.7777777777777777 50
1746979948027 3.0 54
1746979948028 3.0 54
1746979974503 3.3333333333333335 60
1746979974503 3.3333333333333335 60
1746980019340 3.888888888888889 70
1746980019340 3.888888888888889 70
1746980027267 4.0 72
1746980027269 4.0 72
1746980069052 4.444444444444445 80
1746980069055 4.444444444444445 80
