1746979755780 2.9679629802703857 10
1746979755780 2.9679629802703857 10
1746979800520 3.7536611557006836 20
1746979800521 3.7536611557006836 20
1746979843570 2.866034746170044 30
1746979843570 2.866034746170044 30
1746979887997 2.514030694961548 40
1746979887998 2.514030694961548 40
1746979932319 4.314635753631592 50
1746979932319 4.314635753631592 50
1746979974503 2.8310678005218506 60
1746979974503 2.8310678005218506 60
1746980019340 2.6336750984191895 70
1746980019340 2.6336750984191895 70
1746980069052 4.990649223327637 80
1746980069055 4.990649223327637 80
