1746979755780 4.722222222222222e-05 10
1746979755780 4.722222222222222e-05 10
1746979800520 4.4444444444444447e-05 20
1746979800521 4.4444444444444447e-05 20
1746979843570 4.166666666666667e-05 30
1746979843570 4.166666666666667e-05 30
1746979887997 3.888888888888889e-05 40
1746979887998 3.888888888888889e-05 40
1746979932319 3.611111111111111e-05 50
1746979932319 3.611111111111111e-05 50
1746979974503 3.3333333333333335e-05 60
1746979974503 3.3333333333333335e-05 60
1746980019340 3.055555555555556e-05 70
1746980019340 3.055555555555556e-05 70
1746980069052 2.777777777777778e-05 80
1746980069055 2.777777777777778e-05 80
