1747239738239 1.0 9
1747239738239 1.0 9
1747239742408 1.1111111111111112 10
1747239742408 1.1111111111111112 10
1747239764000 2.0 18
1747239764000 2.0 18
1747239771151 2.2222222222222223 20
1747239771151 2.2222222222222223 20
1747239789665 3.0 27
1747239789665 3.0 27
1747239799680 3.3333333333333335 30
1747239799682 3.3333333333333335 30
1747239815415 4.0 36
1747239815415 4.0 36
1747239828523 4.444444444444445 40
1747239828523 4.444444444444445 40
1747239841237 5.0 45
1747239841253 5.0 45
1747239857229 5.555555555555555 50
1747239857229 5.555555555555555 50
1747239867035 6.0 54
1747239867035 6.0 54
1747239885715 6.666666666666667 60
1747239885715 6.666666666666667 60
1747239892665 7.0 63
1747239892665 7.0 63
1747239915160 7.777777777777778 70
1747239915160 7.777777777777778 70
1747239919257 8.0 72
1747239919257 8.0 72
1747239943966 8.88888888888889 80
1747239943966 8.88888888888889 80
1747239945179 9.0 81
1747239945179 9.0 81
1747239946572 9.0 81
1747239946577 9.0 81
