1747239742408 2.3410120010375977 10
1747239742408 2.3410120010375977 10
1747239771151 2.2309646606445312 20
1747239771151 2.2309646606445312 20
1747239799680 9.584566116333008 30
1747239799682 9.584566116333008 30
1747239828523 7.495787620544434 40
1747239828523 7.495787620544434 40
1747239857229 2.699371576309204 50
1747239857229 2.699371576309204 50
1747239885715 5.375724792480469 60
1747239885715 5.375724792480469 60
1747239915160 7.201559066772461 70
1747239915160 7.201559066772461 70
1747239943966 4.457211017608643 80
1747239943966 4.457211017608643 80
