1747239742408 8.888888888888889e-05 10
1747239742408 8.888888888888889e-05 10
1747239771151 7.777777777777778e-05 20
1747239771151 7.777777777777778e-05 20
1747239799680 6.666666666666667e-05 30
1747239799682 6.666666666666667e-05 30
1747239828523 5.555555555555556e-05 40
1747239828523 5.555555555555556e-05 40
1747239857229 4.4444444444444447e-05 50
1747239857229 4.4444444444444447e-05 50
1747239885715 3.3333333333333335e-05 60
1747239885715 3.3333333333333335e-05 60
1747239915160 2.2222222222222223e-05 70
1747239915160 2.2222222222222223e-05 70
1747239943966 1.1111111111111112e-05 80
1747239943966 1.1111111111111112e-05 80
