1747389955854 0.11235955056179775 10
1747389955854 0.11235955056179775 10
1747389957733 0.2247191011235955 20
1747389957732 0.2247191011235955 20
1747389959610 0.33707865168539325 30
1747389959611 0.33707865168539325 30
1747389961499 0.449438202247191 40
1747389961500 0.449438202247191 40
1747389963388 0.5617977528089888 50
1747389963387 0.5617977528089888 50
1747389965284 0.6741573033707865 60
1747389965285 0.6741573033707865 60
1747389967181 0.7865168539325843 70
1747389967182 0.7865168539325843 70
1747389969080 0.898876404494382 80
1747389969080 0.898876404494382 80
1747389972938 1.0 89
1747389972941 1.0 89
1747389974752 1.0112359550561798 90
1747389974752 1.0112359550561798 90
1747389976664 1.1235955056179776 100
1747389976664 1.1235955056179776 100
1747389978575 1.2359550561797752 110
1747389978576 1.2359550561797752 110
1747389982081 1.348314606741573 120
1747389982081 1.348314606741573 120
1747389983993 1.4606741573033708 130
1747389983993 1.4606741573033708 130
1747389985904 1.5730337078651684 140
1747389985904 1.5730337078651684 140
1747389988384 1.6853932584269664 150
1747389988388 1.6853932584269664 150
1747389991341 1.797752808988764 160
1747389991340 1.797752808988764 160
1747389993262 1.9101123595505618 170
1747389993263 1.9101123595505618 170
1747389995927 2.0 178
1747389995928 2.0 178
1747389997188 2.0224719101123596 180
1747389997189 2.0224719101123596 180
1747389999130 2.134831460674157 190
1747389999131 2.134831460674157 190
1747390002682 2.247191011235955 200
1747390002683 2.247191011235955 200
1747390004600 2.359550561797753 210
1747390004600 2.359550561797753 210
1747390006522 2.4719101123595504 220
1747390006523 2.4719101123595504 220
1747390008449 2.5842696629213484 230
1747390008449 2.5842696629213484 230
1747390010380 2.696629213483146 240
1747390010381 2.696629213483146 240
1747390012315 2.808988764044944 250
1747390012316 2.808988764044944 250
1747390014244 2.9213483146067416 260
1747390014245 2.9213483146067416 260
1747390018407 3.0 267
1747390018408 3.0 267
1747390019875 3.033707865168539 270
1747390019874 3.033707865168539 270
1747390021822 3.146067415730337 280
1747390021822 3.146067415730337 280
1747390023756 3.258426966292135 290
1747390023757 3.258426966292135 290
1747390025694 3.370786516853933 300
1747390025695 3.370786516853933 300
1747390027632 3.4831460674157304 310
1747390027633 3.4831460674157304 310
1747390029571 3.595505617977528 320
1747390029572 3.595505617977528 320
1747390031514 3.7078651685393256 330
1747390031515 3.7078651685393256 330
1747390033457 3.8202247191011236 340
1747390033458 3.8202247191011236 340
1747390035405 3.932584269662921 350
1747390035406 3.932584269662921 350
1747390037734 4.0 356
1747390037734 4.0 356
1747390039416 4.044943820224719 360
1747390039415 4.044943820224719 360
1747390041379 4.157303370786517 370
1747390041380 4.157303370786517 370
1747390043862 4.269662921348314 380
1747390043865 4.269662921348314 380
1747390046890 4.382022471910112 390
1747390046890 4.382022471910112 390
1747390048844 4.49438202247191 400
1747390048845 4.49438202247191 400
1747390050798 4.606741573033708 410
1747390050799 4.606741573033708 410
1747390052785 4.719101123595506 420
1747390052782 4.719101123595506 420
1747390056317 4.831460674157303 430
1747390056318 4.831460674157303 430
1747390058264 4.943820224719101 440
1747390058265 4.943820224719101 440
1747390062112 5.0 445
1747390062113 5.0 445
1747390063226 5.0 445
1747390063226 5.0 445
