1747389955854 1.2330878973007202 10
1747389955854 1.2330878973007202 10
1747389957733 1.622333288192749 20
1747389957732 1.622333288192749 20
1747389959610 2.377174139022827 30
1747389959611 2.377174139022827 30
1747389961499 3.2529821395874023 40
1747389961500 3.2529821395874023 40
1747389963387 5.100376605987549 50
1747389963388 5.100376605987549 50
1747389965284 6.327853202819824 60
1747389965285 6.327853202819824 60
1747389967181 6.428569793701172 70
1747389967182 6.428569793701172 70
1747389969080 2.5383434295654297 80
1747389969080 2.5383434295654297 80
1747389974752 2.39430832862854 90
1747389976664 3.0747413635253906 100
1747389976664 3.0747413635253906 100
1747389978575 7.350985050201416 110
1747389978576 7.350985050201416 110
1747389982081 3.5309948921203613 120
1747389982081 3.5309948921203613 120
1747389983993 8.478440284729004 130
1747389983993 8.478440284729004 130
1747389985904 2.908383369445801 140
1747389985904 2.908383369445801 140
1747389988384 2.5194780826568604 150
1747389988388 2.5194780826568604 150
1747389991341 5.668234825134277 160
1747389991340 5.668234825134277 160
1747389993262 8.017377853393555 170
1747389993263 8.017377853393555 170
1747389997188 2.648695707321167 180
1747389997189 2.648695707321167 180
1747389999130 0.33861273527145386 190
1747389999131 0.33861273527145386 190
1747390002682 15.859663963317871 200
1747390002683 15.859663963317871 200
1747390004600 0.7332719564437866 210
1747390004600 0.7332719564437866 210
1747390006522 0.2871669828891754 220
1747390006523 0.2871669828891754 220
1747390008449 2.168137788772583 230
1747390008449 2.168137788772583 230
1747390010380 0.46650052070617676 240
1747390010381 0.46650052070617676 240
1747390012315 2.958219528198242 250
1747390012316 2.958219528198242 250
1747390014244 0.30772197246551514 260
1747390014245 0.30772197246551514 260
1747390019875 0.2561571002006531 270
1747390019874 0.2561571002006531 270
1747390021822 0.12337540835142136 280
1747390021822 0.12337540835142136 280
1747390023756 0.04794977605342865 290
1747390023757 0.04794977605342865 290
1747390025694 2.7487850189208984 300
1747390025695 2.7487850189208984 300
1747390027632 0.3011663854122162 310
1747390027633 0.3011663854122162 310
1747390029571 0.04092056304216385 320
1747390029572 0.04092056304216385 320
1747390031514 0.160619854927063 330
1747390031515 0.160619854927063 330
1747390033457 0.04909534752368927 340
1747390033458 0.04909534752368927 340
1747390035405 0.047703880816698074 350
1747390035406 0.047703880816698074 350
1747390039415 2.964909315109253 360
1747390039416 2.964909315109253 360
1747390041379 0.10901322215795517 370
1747390041380 0.10901322215795517 370
1747390043862 0.46178609132766724 380
1747390043865 0.46178609132766724 380
1747390046890 0.07033240795135498 390
1747390046890 0.07033240795135498 390
1747390048844 0.032343022525310516 400
1747390048845 0.032343022525310516 400
1747390050798 0.011760025285184383 410
1747390050799 0.011760025285184383 410
1747390052785 0.011807611212134361 420
1747390052782 0.011807611212134361 420
1747390056317 0.016239790245890617 430
1747390056318 0.016239790245890617 430
1747390058264 0.011484754271805286 440
1747390058265 0.011484754271805286 440
