1747389955854 4.943820224719101e-05 10
1747389955854 4.943820224719101e-05 10
1747389957733 4.8876404494382024e-05 20
1747389957732 4.8876404494382024e-05 20
1747389959610 4.831460674157304e-05 30
1747389959611 4.831460674157304e-05 30
1747389961499 4.7752808988764046e-05 40
1747389961500 4.7752808988764046e-05 40
1747389963388 4.719101123595506e-05 50
1747389963387 4.719101123595506e-05 50
1747389965284 4.662921348314607e-05 60
1747389965285 4.662921348314607e-05 60
1747389967181 4.606741573033708e-05 70
1747389967182 4.606741573033708e-05 70
1747389969080 4.550561797752809e-05 80
1747389969080 4.550561797752809e-05 80
1747389974752 4.4943820224719104e-05 90
1747389974752 4.4943820224719104e-05 90
1747389976664 4.438202247191011e-05 100
1747389976664 4.438202247191011e-05 100
1747389978575 4.3820224719101126e-05 110
1747389978576 4.3820224719101126e-05 110
1747389982081 4.3258426966292134e-05 120
1747389982081 4.3258426966292134e-05 120
1747389983993 4.269662921348315e-05 130
1747389983993 4.269662921348315e-05 130
1747389985904 4.2134831460674156e-05 140
1747389985904 4.2134831460674156e-05 140
1747389988384 4.157303370786517e-05 150
1747389988388 4.157303370786517e-05 150
1747389991341 4.1011235955056184e-05 160
1747389991340 4.1011235955056184e-05 160
1747389993262 4.044943820224719e-05 170
1747389993263 4.044943820224719e-05 170
1747389997188 3.98876404494382e-05 180
1747389997189 3.98876404494382e-05 180
1747389999130 3.9325842696629214e-05 190
1747389999131 3.9325842696629214e-05 190
1747390002682 3.876404494382023e-05 200
1747390002683 3.876404494382023e-05 200
1747390004600 3.8202247191011236e-05 210
1747390004600 3.8202247191011236e-05 210
1747390006522 3.764044943820225e-05 220
1747390006523 3.764044943820225e-05 220
1747390008449 3.7078651685393264e-05 230
1747390008449 3.7078651685393264e-05 230
1747390010380 3.651685393258427e-05 240
1747390010381 3.651685393258427e-05 240
1747390012315 3.595505617977528e-05 250
1747390012316 3.595505617977528e-05 250
1747390014244 3.5393258426966294e-05 260
1747390014245 3.5393258426966294e-05 260
1747390019875 3.483146067415731e-05 270
1747390019874 3.483146067415731e-05 270
1747390021822 3.4269662921348316e-05 280
1747390021822 3.4269662921348316e-05 280
1747390023756 3.370786516853933e-05 290
1747390023757 3.370786516853933e-05 290
1747390025694 3.314606741573034e-05 300
1747390025695 3.314606741573034e-05 300
1747390027632 3.258426966292135e-05 310
1747390027633 3.258426966292135e-05 310
1747390029571 3.202247191011236e-05 320
1747390029572 3.202247191011236e-05 320
1747390031514 3.1460674157303374e-05 330
1747390031515 3.1460674157303374e-05 330
1747390033457 3.089887640449438e-05 340
1747390033458 3.089887640449438e-05 340
1747390035405 3.0337078651685396e-05 350
1747390035406 3.0337078651685396e-05 350
1747390039416 2.9775280898876406e-05 360
1747390039415 2.9775280898876406e-05 360
1747390041379 2.9213483146067417e-05 370
1747390041380 2.9213483146067417e-05 370
1747390043862 2.8651685393258425e-05 380
1747390043865 2.8651685393258425e-05 380
1747390046890 2.8089887640449443e-05 390
1747390046890 2.8089887640449443e-05 390
1747390048844 2.752808988764045e-05 400
1747390048845 2.752808988764045e-05 400
1747390050798 2.696629213483146e-05 410
1747390050799 2.696629213483146e-05 410
1747390052785 2.6404494382022472e-05 420
1747390052782 2.6404494382022472e-05 420
1747390056317 2.5842696629213486e-05 430
1747390056318 2.5842696629213486e-05 430
1747390058264 2.5280898876404497e-05 440
1747390058265 2.5280898876404497e-05 440
