1747389955854 0.6657 10
1747389955854 0.6657 10
1747389957733 0.5928 20
1747389957732 0.5928 20
1747389959610 0.5042 30
1747389959611 0.5042 30
1747389961499 0.511 40
1747389961500 0.511 40
1747389963387 0.4987 50
1747389963388 0.4987 50
1747389965284 0.4467 60
1747389965285 0.4467 60
1747389967181 0.4351 70
1747389967182 0.4351 70
1747389969080 0.4522 80
1747389969080 0.4522 80
1747389974752 0.4615 90
1747389974752 0.4615 90
1747389976664 0.2325 100
1747389976664 0.2325 100
1747389978575 0.2591 110
1747389978576 0.2591 110
1747389982081 0.1859 120
1747389982081 0.1859 120
1747389983993 0.3851 130
1747389983993 0.3851 130
1747389985904 0.1821 140
1747389985904 0.1821 140
1747389988384 0.2407 150
1747389988388 0.2407 150
1747389991340 0.4349 160
1747389991341 0.4349 160
1747389993262 0.2034 170
1747389993263 0.2034 170
1747389997188 0.118 180
1747389997189 0.118 180
1747389999130 0.0618 190
1747389999131 0.0618 190
1747390002682 0.0961 200
1747390002683 0.0961 200
1747390004600 0.0815 210
1747390004600 0.0815 210
1747390006522 0.0521 220
1747390006523 0.0521 220
1747390008449 0.0442 230
1747390008449 0.0442 230
1747390010380 0.0875 240
1747390010381 0.0875 240
1747390012315 0.0292 250
1747390012316 0.0292 250
1747390014244 0.105 260
1747390014245 0.105 260
1747390019875 0.1699 270
1747390019874 0.1699 270
1747390021822 0.0098 280
1747390021822 0.0098 280
1747390023756 0.0089 290
1747390023757 0.0089 290
1747390025694 0.0339 300
1747390025695 0.0339 300
1747390027632 0.008 310
1747390027633 0.008 310
1747390029571 0.0256 320
1747390029572 0.0256 320
1747390031514 0.0304 330
1747390031515 0.0304 330
1747390033457 0.0208 340
1747390033458 0.0208 340
1747390035405 0.0198 350
1747390035406 0.0198 350
1747390039415 0.0305 360
1747390039416 0.0305 360
1747390041379 0.0012 370
1747390041380 0.0012 370
1747390043862 0.024 380
1747390043865 0.024 380
1747390046890 0.001 390
1747390046890 0.001 390
1747390048844 0.0009 400
1747390048845 0.0009 400
1747390050798 0.0029 410
1747390050799 0.0029 410
1747390052785 0.0008 420
1747390052782 0.0008 420
1747390056317 0.0007 430
1747390056318 0.0007 430
1747390058264 0.0009 440
1747390058265 0.0009 440
