1747229290037 0.5555555555555556 10
1747229290038 0.5555555555555556 10
1747229297399 1.0 18
1747229297399 1.0 18
1747229301898 1.1111111111111112 20
1747229301898 1.1111111111111112 20
1747229311782 1.6666666666666665 30
1747229311783 1.6666666666666665 30
1747229320783 2.0 36
1747229320784 2.0 36
1747229326207 2.2222222222222223 40
1747229326210 2.2222222222222223 40
1747229336965 2.7777777777777777 50
1747229336966 2.7777777777777777 50
1747229341001 3.0 54
1747229341001 3.0 54
1747229350440 3.3333333333333335 60
1747229350442 3.3333333333333335 60
1747229363570 3.888888888888889 70
1747229363571 3.888888888888889 70
1747229365982 4.0 72
1747229365983 4.0 72
1747229367332 4.0 72
1747229367332 4.0 72
