1747229290037 9.444444444444444e-05 10
1747229290038 9.444444444444444e-05 10
1747229301898 8.888888888888889e-05 20
1747229301898 8.888888888888889e-05 20
1747229311782 8.333333333333334e-05 30
1747229311783 8.333333333333334e-05 30
1747229326207 7.777777777777778e-05 40
1747229326210 7.777777777777778e-05 40
1747229336965 7.222222222222222e-05 50
1747229336966 7.222222222222222e-05 50
1747229350440 6.666666666666667e-05 60
1747229350442 6.666666666666667e-05 60
1747229363570 6.111111111111112e-05 70
1747229363571 6.111111111111112e-05 70
