1747373584382 0.11235955056179775 10
1747373584383 0.11235955056179775 10
1747373588056 0.2247191011235955 20
1747373588057 0.2247191011235955 20
1747373591740 0.33707865168539325 30
1747373591741 0.33707865168539325 30
1747373595457 0.449438202247191 40
1747373595458 0.449438202247191 40
1747373599166 0.5617977528089888 50
1747373599166 0.5617977528089888 50
1747373604538 0.6741573033707865 60
1747373604539 0.6741573033707865 60
1747373609990 0.7865168539325843 70
1747373609990 0.7865168539325843 70
1747373613791 0.898876404494382 80
1747373613791 0.898876404494382 80
1747373622772 1.0 89
1747373622772 1.0 89
1747373624769 1.0112359550561798 90
1747373624769 1.0112359550561798 90
1747373628557 1.1235955056179776 100
1747373628557 1.1235955056179776 100
1747373632284 1.2359550561797752 110
1747373632284 1.2359550561797752 110
1747373636035 1.348314606741573 120
1747373636035 1.348314606741573 120
1747373639919 1.4606741573033708 130
1747373639919 1.4606741573033708 130
1747373645362 1.5730337078651684 140
1747373645362 1.5730337078651684 140
1747373650768 1.6853932584269664 150
1747373650768 1.6853932584269664 150
1747373654675 1.797752808988764 160
1747373654675 1.797752808988764 160
1747373658491 1.9101123595505618 170
1747373658491 1.9101123595505618 170
1747373663839 2.0 178
1747373663839 2.0 178
1747373666226 2.0224719101123596 180
1747373666226 2.0224719101123596 180
1747373670161 2.134831460674157 190
1747373670161 2.134831460674157 190
1747373674016 2.247191011235955 200
1747373674016 2.247191011235955 200
1747373677971 2.359550561797753 210
1747373677971 2.359550561797753 210
1747373681805 2.4719101123595504 220
1747373681805 2.4719101123595504 220
1747373685878 2.5842696629213484 230
1747373685878 2.5842696629213484 230
1747373689892 2.696629213483146 240
1747373689896 2.696629213483146 240
1747373693780 2.808988764044944 250
1747373693780 2.808988764044944 250
1747373697759 2.9213483146067416 260
1747373697757 2.9213483146067416 260
1747373702757 3.0 267
1747373702757 3.0 267
1747373705439 3.033707865168539 270
1747373705439 3.033707865168539 270
1747373709238 3.146067415730337 280
1747373709254 3.146067415730337 280
1747373713108 3.258426966292135 290
1747373713110 3.258426966292135 290
1747373716902 3.370786516853933 300
1747373716902 3.370786516853933 300
1747373720725 3.4831460674157304 310
1747373720725 3.4831460674157304 310
1747373724531 3.595505617977528 320
1747373724531 3.595505617977528 320
1747373728335 3.7078651685393256 330
1747373728335 3.7078651685393256 330
1747373733763 3.8202247191011236 340
1747373733763 3.8202247191011236 340
1747373737556 3.932584269662921 350
1747373737556 3.932584269662921 350
1747373743755 4.0 356
1747373743755 4.0 356
1747373746990 4.044943820224719 360
1747373746990 4.044943820224719 360
1747373755200 4.157303370786517 370
1747373755200 4.157303370786517 370
1747373761057 4.269662921348314 380
1747373761057 4.269662921348314 380
1747373764941 4.382022471910112 390
1747373764941 4.382022471910112 390
1747373770488 4.49438202247191 400
1747373770488 4.49438202247191 400
1747373776058 4.606741573033708 410
1747373776058 4.606741573033708 410
1747373781444 4.719101123595506 420
1747373781444 4.719101123595506 420
1747373785275 4.831460674157303 430
1747373785277 4.831460674157303 430
1747373789229 4.943820224719101 440
1747373789229 4.943820224719101 440
1747373795252 5.0 445
1747373795252 5.0 445
1747373798569 5.056179775280899 450
1747373798569 5.056179775280899 450
1747373805791 5.168539325842697 460
1747373805791 5.168539325842697 460
1747373810961 5.280898876404494 470
1747373810987 5.280898876404494 470
1747373815187 5.393258426966292 480
1747373815187 5.393258426966292 480
1747373819002 5.50561797752809 490
1747373819002 5.50561797752809 490
1747373822804 5.617977528089888 500
1747373822804 5.617977528089888 500
1747373828262 5.730337078651686 510
1747373828262 5.730337078651686 510
1747373832189 5.842696629213483 520
1747373832189 5.842696629213483 520
1747373836264 5.955056179775281 530
1747373836264 5.955056179775281 530
1747373840090 6.0 534
1747373840090 6.0 534
1747373841884 6.0 534
1747373841884 6.0 534
