1747373584382 5.153450965881348 10
1747373584383 5.153450965881348 10
1747373588056 1.9552720785140991 20
1747373588057 1.9552720785140991 20
1747373591740 2.7076399326324463 30
1747373591741 2.7076399326324463 30
1747373595457 4.342069149017334 40
1747373595458 4.342069149017334 40
1747373599166 4.188118934631348 50
1747373599166 4.188118934631348 50
1747373604538 5.212459564208984 60
1747373604539 5.212459564208984 60
1747373609990 5.549887180328369 70
1747373609990 5.549887180328369 70
1747373613791 4.9056243896484375 80
1747373613791 4.9056243896484375 80
1747373624769 3.8561618328094482 90
1747373624769 3.8561618328094482 90
1747373628557 4.976053714752197 100
1747373628557 4.976053714752197 100
1747373632284 5.175596714019775 110
1747373632284 5.175596714019775 110
1747373636035 9.820795059204102 120
1747373636035 9.820795059204102 120
1747373639919 6.067614555358887 130
1747373639919 6.067614555358887 130
1747373645362 12.767065048217773 140
1747373645362 12.767065048217773 140
1747373650768 11.426294326782227 150
1747373650768 11.426294326782227 150
1747373654675 9.470076560974121 160
1747373654675 9.470076560974121 160
1747373658491 6.722754001617432 170
1747373658491 6.722754001617432 170
1747373666226 8.409144401550293 180
1747373666226 8.409144401550293 180
1747373670161 17.133338928222656 190
1747373670161 17.133338928222656 190
1747373674016 10.315303802490234 200
1747373674016 10.315303802490234 200
1747373677971 11.496678352355957 210
1747373677971 11.496678352355957 210
1747373681805 21.144886016845703 220
1747373681805 21.144886016845703 220
1747373685878 12.2017183303833 230
1747373685878 12.2017183303833 230
1747373689892 6.832634925842285 240
1747373689896 6.832634925842285 240
1747373693780 2.7986044883728027 250
1747373693780 2.7986044883728027 250
1747373697759 8.273696899414062 260
1747373697757 8.273696899414062 260
1747373705439 3.7483863830566406 270
1747373705439 3.7483863830566406 270
1747373709238 4.289214134216309 280
1747373709254 4.289214134216309 280
1747373713108 23.78421974182129 290
1747373713110 23.78421974182129 290
1747373716902 4.19961404800415 300
1747373716902 4.19961404800415 300
1747373720725 7.510400295257568 310
1747373720725 7.510400295257568 310
1747373724531 3.2080142498016357 320
1747373724531 3.2080142498016357 320
1747373728335 3.7988767623901367 330
1747373728335 3.7988767623901367 330
1747373733763 20.27850341796875 340
1747373733763 20.27850341796875 340
1747373737556 7.373123645782471 350
1747373737556 7.373123645782471 350
1747373746990 13.598994255065918 360
1747373746990 13.598994255065918 360
1747373755200 6.024142742156982 370
1747373755200 6.024142742156982 370
1747373761057 3.147714614868164 380
1747373761057 3.147714614868164 380
1747373764941 8.050241470336914 390
1747373764941 8.050241470336914 390
1747373770488 1.5014748573303223 400
1747373770488 1.5014748573303223 400
1747373776058 17.078296661376953 410
1747373776058 17.078296661376953 410
1747373781444 17.491802215576172 420
1747373781444 17.491802215576172 420
1747373785275 1.0704392194747925 430
1747373785277 1.0704392194747925 430
1747373789229 5.5920634269714355 440
1747373789229 5.5920634269714355 440
1747373798569 0.9039182066917419 450
1747373798569 0.9039182066917419 450
1747373805791 4.628130912780762 460
1747373805791 4.628130912780762 460
1747373810961 3.543057680130005 470
1747373810987 3.543057680130005 470
1747373815187 2.766484498977661 480
1747373815187 2.766484498977661 480
1747373819002 0.9518526196479797 490
1747373819002 0.9518526196479797 490
1747373822804 5.341897964477539 500
1747373822804 5.341897964477539 500
1747373828262 1.22975754737854 510
1747373828262 1.22975754737854 510
1747373832189 4.131655693054199 520
1747373832189 4.131655693054199 520
1747373836264 9.97071361541748 530
1747373836264 9.97071361541748 530
