1747373584382 9.887640449438202e-06 10
1747373584383 9.887640449438202e-06 10
1747373588056 9.775280898876405e-06 20
1747373588057 9.775280898876405e-06 20
1747373591740 9.662921348314608e-06 30
1747373591741 9.662921348314608e-06 30
1747373595457 9.55056179775281e-06 40
1747373595458 9.55056179775281e-06 40
1747373599166 9.438202247191012e-06 50
1747373599166 9.438202247191012e-06 50
1747373604538 9.325842696629213e-06 60
1747373604539 9.325842696629213e-06 60
1747373609990 9.213483146067417e-06 70
1747373609990 9.213483146067417e-06 70
1747373613791 9.101123595505619e-06 80
1747373613791 9.101123595505619e-06 80
1747373624769 8.988764044943822e-06 90
1747373628557 8.876404494382023e-06 100
1747373628557 8.876404494382023e-06 100
1747373632284 8.764044943820226e-06 110
1747373632284 8.764044943820226e-06 110
1747373636035 8.651685393258428e-06 120
1747373636035 8.651685393258428e-06 120
1747373639919 8.53932584269663e-06 130
1747373639919 8.53932584269663e-06 130
1747373645362 8.426966292134832e-06 140
1747373645362 8.426966292134832e-06 140
1747373650768 8.314606741573035e-06 150
1747373650768 8.314606741573035e-06 150
1747373654675 8.202247191011237e-06 160
1747373654675 8.202247191011237e-06 160
1747373658491 8.08988764044944e-06 170
1747373658491 8.08988764044944e-06 170
1747373666226 7.97752808988764e-06 180
1747373666226 7.97752808988764e-06 180
1747373670161 7.865168539325843e-06 190
1747373670161 7.865168539325843e-06 190
1747373674016 7.752808988764046e-06 200
1747373674016 7.752808988764046e-06 200
1747373677971 7.640449438202247e-06 210
1747373677971 7.640449438202247e-06 210
1747373681805 7.5280898876404495e-06 220
1747373681805 7.5280898876404495e-06 220
1747373685878 7.415730337078652e-06 230
1747373685878 7.415730337078652e-06 230
1747373689892 7.303370786516854e-06 240
1747373689896 7.303370786516854e-06 240
1747373693780 7.191011235955056e-06 250
1747373693780 7.191011235955056e-06 250
1747373697759 7.078651685393258e-06 260
1747373697757 7.078651685393258e-06 260
1747373705439 6.966292134831461e-06 270
1747373705439 6.966292134831461e-06 270
1747373709238 6.853932584269663e-06 280
1747373709254 6.853932584269663e-06 280
1747373713108 6.741573033707865e-06 290
1747373713110 6.741573033707865e-06 290
1747373716902 6.629213483146067e-06 300
1747373716902 6.629213483146067e-06 300
1747373720725 6.51685393258427e-06 310
1747373720725 6.51685393258427e-06 310
1747373724531 6.404494382022472e-06 320
1747373724531 6.404494382022472e-06 320
1747373728335 6.292134831460674e-06 330
1747373728335 6.292134831460674e-06 330
1747373733763 6.179775280898876e-06 340
1747373733763 6.179775280898876e-06 340
1747373737556 6.06741573033708e-06 350
1747373737556 6.06741573033708e-06 350
1747373746990 5.955056179775281e-06 360
1747373746990 5.955056179775281e-06 360
1747373755200 5.842696629213483e-06 370
1747373755200 5.842696629213483e-06 370
1747373761057 5.730337078651685e-06 380
1747373761057 5.730337078651685e-06 380
1747373764941 5.617977528089889e-06 390
1747373764941 5.617977528089889e-06 390
1747373770488 5.50561797752809e-06 400
1747373770488 5.50561797752809e-06 400
1747373776058 5.393258426966292e-06 410
1747373776058 5.393258426966292e-06 410
1747373781444 5.280898876404494e-06 420
1747373781444 5.280898876404494e-06 420
1747373785275 5.168539325842698e-06 430
1747373785277 5.168539325842698e-06 430
1747373789229 5.0561797752809e-06 440
1747373789229 5.0561797752809e-06 440
1747373798569 4.943820224719101e-06 450
1747373798569 4.943820224719101e-06 450
1747373805791 4.831460674157304e-06 460
1747373805791 4.831460674157304e-06 460
1747373810961 4.719101123595506e-06 470
1747373810987 4.719101123595506e-06 470
1747373815187 4.606741573033709e-06 480
1747373815187 4.606741573033709e-06 480
1747373819002 4.494382022471911e-06 490
1747373819002 4.494382022471911e-06 490
1747373822804 4.382022471910113e-06 500
1747373822804 4.382022471910113e-06 500
1747373828262 4.269662921348315e-06 510
1747373828262 4.269662921348315e-06 510
1747373832189 4.157303370786518e-06 520
1747373832189 4.157303370786518e-06 520
1747373836264 4.04494382022472e-06 530
1747373836264 4.04494382022472e-06 530
