1747373584382 0.6183 10
1747373584383 0.6183 10
1747373588056 0.5879 20
1747373588057 0.5879 20
1747373591740 0.6041 30
1747373591741 0.6041 30
1747373595457 0.5882 40
1747373595458 0.5882 40
1747373599166 0.5265 50
1747373599166 0.5265 50
1747373604538 0.5256 60
1747373604539 0.5256 60
1747373609990 0.6009 70
1747373609990 0.6009 70
1747373613791 0.5625 80
1747373613791 0.5625 80
1747373624769 0.5024 90
1747373624769 0.5024 90
1747373628557 0.4041 100
1747373628557 0.4041 100
1747373632284 0.3985 110
1747373632284 0.3985 110
1747373636035 0.3794 120
1747373636035 0.3794 120
1747373639919 0.4147 130
1747373639919 0.4147 130
1747373645362 0.3898 140
1747373645362 0.3898 140
1747373650768 0.3645 150
1747373650768 0.3645 150
1747373654675 0.3934 160
1747373654675 0.3934 160
1747373658491 0.349 170
1747373658491 0.349 170
1747373666226 0.2611 180
1747373666226 0.2611 180
1747373670161 0.2669 190
1747373670161 0.2669 190
1747373674016 0.2253 200
1747373674016 0.2253 200
1747373677971 0.2857 210
1747373677971 0.2857 210
1747373681805 0.2359 220
1747373681805 0.2359 220
1747373685878 0.3769 230
1747373685878 0.3769 230
1747373689892 0.3174 240
1747373689896 0.3174 240
1747373693780 0.2983 250
1747373693780 0.2983 250
1747373697759 0.2148 260
1747373697757 0.2148 260
1747373705439 0.2781 270
1747373705439 0.2781 270
1747373709238 0.2482 280
1747373709254 0.2482 280
1747373713108 0.2349 290
1747373713110 0.2349 290
1747373716902 0.2257 300
1747373716902 0.2257 300
1747373720725 0.1798 310
1747373720725 0.1798 310
1747373724531 0.2043 320
1747373724531 0.2043 320
1747373728335 0.1638 330
1747373728335 0.1638 330
1747373733763 0.1475 340
1747373733763 0.1475 340
1747373737556 0.1111 350
1747373737556 0.1111 350
1747373746990 0.1804 360
1747373746990 0.1804 360
1747373755200 0.1429 370
1747373755200 0.1429 370
1747373761057 0.0924 380
1747373761057 0.0924 380
1747373764941 0.12 390
1747373764941 0.12 390
1747373770488 0.1575 400
1747373770488 0.1575 400
1747373776058 0.0991 410
1747373776058 0.0991 410
1747373781444 0.2003 420
1747373781444 0.2003 420
1747373785275 0.0856 430
1747373785277 0.0856 430
1747373789229 0.1001 440
1747373789229 0.1001 440
1747373798569 0.1402 450
1747373798569 0.1402 450
1747373805791 0.0862 460
1747373805791 0.0862 460
1747373810961 0.0718 470
1747373810987 0.0718 470
1747373815187 0.1092 480
1747373815187 0.1092 480
1747373819002 0.0642 490
1747373819002 0.0642 490
1747373822804 0.0811 500
1747373822804 0.0811 500
1747373828262 0.0717 510
1747373828262 0.0717 510
1747373832189 0.0417 520
1747373832189 0.0417 520
1747373836264 0.0654 530
1747373836264 0.0654 530
