1747417869925 0.10638297872340426 10
1747417869926 0.10638297872340426 10
1747417874161 0.2127659574468085 20
1747417874162 0.2127659574468085 20
1747417878404 0.3191489361702128 30
1747417878405 0.3191489361702128 30
1747417882885 0.425531914893617 40
1747417882886 0.425531914893617 40
1747417887294 0.5319148936170213 50
1747417887295 0.5319148936170213 50
1747417891608 0.6382978723404256 60
1747417891608 0.6382978723404256 60
1747417896154 0.7446808510638298 70
1747417896157 0.7446808510638298 70
1747417900477 0.851063829787234 80
1747417900477 0.851063829787234 80
1747417904772 0.9574468085106383 90
1747417904773 0.9574468085106383 90
1747417908942 1.0 94
1747417908942 1.0 94
1747417914294 1.0638297872340425 100
1747417914294 1.0638297872340425 100
1747417918518 1.1702127659574468 110
1747417918518 1.1702127659574468 110
1747417924447 1.2765957446808511 120
1747417924450 1.2765957446808511 120
1747417928883 1.3829787234042552 130
1747417928884 1.3829787234042552 130
1747417933211 1.4893617021276595 140
1747417933212 1.4893617021276595 140
1747417939212 1.5957446808510638 150
1747417939212 1.5957446808510638 150
1747417945162 1.702127659574468 160
1747417945162 1.702127659574468 160
1747417949389 1.8085106382978724 170
1747417949388 1.8085106382978724 170
1747417953629 1.9148936170212765 180
1747417953629 1.9148936170212765 180
1747417959696 2.0 188
1747417959696 2.0 188
1747417962380 2.021276595744681 190
1747417962380 2.021276595744681 190
1747417966697 2.127659574468085 200
1747417966697 2.127659574468085 200
1747417971013 2.2340425531914896 210
1747417971014 2.2340425531914896 210
1747417975275 2.3404255319148937 220
1747417975276 2.3404255319148937 220
1747417979919 2.4468085106382977 230
1747417979920 2.4468085106382977 230
1747417984464 2.5531914893617023 240
1747417984464 2.5531914893617023 240
1747417988856 2.6595744680851063 250
1747417988854 2.6595744680851063 250
1747417993258 2.7659574468085104 260
1747417993259 2.7659574468085104 260
1747417997706 2.872340425531915 270
1747417997709 2.872340425531915 270
1747418002169 2.978723404255319 280
1747418002170 2.978723404255319 280
1747418007391 3.0 282
1747418007392 3.0 282
1747418013532 3.0851063829787235 290
1747418013516 3.0851063829787235 290
1747418019516 3.1914893617021276 300
1747418019516 3.1914893617021276 300
1747418025700 3.297872340425532 310
1747418025700 3.297872340425532 310
1747418031686 3.404255319148936 320
1747418031687 3.404255319148936 320
1747418036000 3.5106382978723403 330
1747418036000 3.5106382978723403 330
1747418040434 3.617021276595745 340
1747418040434 3.617021276595745 340
1747418044785 3.723404255319149 350
1747418044785 3.723404255319149 350
1747418049158 3.829787234042553 360
1747418049159 3.829787234042553 360
1747418053514 3.9361702127659575 370
1747418053515 3.9361702127659575 370
1747418058622 4.0 376
1747418058622 4.0 376
1747418062201 4.042553191489362 380
1747418062202 4.042553191489362 380
1747418066585 4.148936170212766 390
1747418066586 4.148936170212766 390
1747418070883 4.25531914893617 400
1747418070885 4.25531914893617 400
1747418075184 4.361702127659575 410
1747418075184 4.361702127659575 410
1747418079519 4.468085106382979 420
1747418079519 4.468085106382979 420
1747418083885 4.574468085106383 430
1747418083886 4.574468085106383 430
1747418088236 4.680851063829787 440
1747418088236 4.680851063829787 440
1747418092580 4.787234042553192 450
1747418092582 4.787234042553192 450
1747418096968 4.8936170212765955 460
1747418096969 4.8936170212765955 460
1747418101153 5.0 470
1747418101153 5.0 470
1747418103835 5.0 470
1747418103836 5.0 470
1747418111040 5.1063829787234045 480
1747418111040 5.1063829787234045 480
1747418115457 5.212765957446808 490
1747418115458 5.212765957446808 490
1747418119880 5.319148936170213 500
1747418119881 5.319148936170213 500
1747418124591 5.425531914893617 510
1747418124592 5.425531914893617 510
1747418129081 5.531914893617021 520
1747418129083 5.531914893617021 520
1747418133490 5.638297872340425 530
1747418133491 5.638297872340425 530
1747418137871 5.74468085106383 540
1747418137872 5.74468085106383 540
1747418142205 5.851063829787234 550
1747418142205 5.851063829787234 550
1747418146630 5.957446808510638 560
1747418146630 5.957446808510638 560
1747418150976 6.0 564
1747418150977 6.0 564
1747418153089 6.0 564
1747418153090 6.0 564
