1747417869925 16.14682960510254 10
1747417869926 16.14682960510254 10
1747417874161 18.743566513061523 20
1747417874162 18.743566513061523 20
1747417878404 21.339921951293945 30
1747417878405 21.339921951293945 30
1747417882885 3.470276117324829 40
1747417882886 3.470276117324829 40
1747417887294 3.501539945602417 50
1747417887295 3.501539945602417 50
1747417891608 10.157936096191406 60
1747417891608 10.157936096191406 60
1747417896154 35.7721061706543 70
1747417896157 35.7721061706543 70
1747417900477 31.43891716003418 80
1747417900477 31.43891716003418 80
1747417904772 16.59449577331543 90
1747417904773 16.59449577331543 90
1747417914294 6.593214988708496 100
1747417914294 6.593214988708496 100
1747417918518 0.11033014208078384 110
1747417918518 0.11033014208078384 110
1747417924447 0.9005142450332642 120
1747417924450 0.9005142450332642 120
1747417928883 0.06184201315045357 130
1747417928884 0.06184201315045357 130
1747417933211 0.022023499011993408 140
1747417933212 0.022023499011993408 140
1747417939212 41.656795501708984 150
1747417939212 41.656795501708984 150
1747417945162 17.61141586303711 160
1747417945162 17.61141586303711 160
1747417949389 0.10507864505052567 170
1747417949388 0.10507864505052567 170
1747417953629 0.05699298903346062 180
1747417953629 0.05699298903346062 180
1747417962380 0.03580285608768463 190
1747417962380 0.03580285608768463 190
1747417966697 0.13180500268936157 200
1747417966697 0.13180500268936157 200
1747417971013 0.09310521930456161 210
1747417971014 0.09310521930456161 210
1747417975275 0.0480320081114769 220
1747417975276 0.0480320081114769 220
1747417979919 0.00863664411008358 230
1747417979920 0.00863664411008358 230
1747417984464 0.0071340929716825485 240
1747417984464 0.0071340929716825485 240
1747417988856 30.31729507446289 250
1747417988854 30.31729507446289 250
1747417993258 0.029650110751390457 260
1747417993259 0.029650110751390457 260
1747417997706 0.6755315661430359 270
1747417997709 0.6755315661430359 270
1747418002169 1.9913157224655151 280
1747418002170 1.9913157224655151 280
1747418013532 0.7054592370986938 290
1747418013516 0.7054592370986938 290
1747418019516 0.004168118815869093 300
1747418019516 0.004168118815869093 300
1747418025700 0.004745735786855221 310
1747418025700 0.004745735786855221 310
1747418031686 13.649590492248535 320
1747418031687 13.649590492248535 320
1747418036000 0.2525896728038788 330
1747418036000 0.2525896728038788 330
1747418040434 0.007000509649515152 340
1747418040434 0.007000509649515152 340
1747418044785 0.0058128065429627895 350
1747418044785 0.0058128065429627895 350
1747418049158 0.002000031992793083 360
1747418049159 0.002000031992793083 360
1747418053514 0.002771777333691716 370
1747418053515 0.002771777333691716 370
1747418062201 0.024152589961886406 380
1747418062202 0.024152589961886406 380
1747418066585 0.0018076953710988164 390
1747418066586 0.0018076953710988164 390
1747418070883 0.005831398069858551 400
1747418070885 0.005831398069858551 400
1747418075184 0.002951395930722356 410
1747418075184 0.002951395930722356 410
1747418079519 0.007531013805419207 420
1747418079519 0.007531013805419207 420
1747418083885 0.0025632339529693127 430
1747418083886 0.0025632339529693127 430
1747418088236 0.0013306231703609228 440
1747418088236 0.0013306231703609228 440
1747418092580 0.0008909195894375443 450
1747418092582 0.0008909195894375443 450
1747418096968 0.00043414783431217074 460
1747418096969 0.00043414783431217074 460
1747418101153 0.0005427622236311436 470
1747418101153 0.0005427622236311436 470
1747418111040 0.0013107899576425552 480
1747418111040 0.0013107899576425552 480
1747418115457 0.0007765241316519678 490
1747418115458 0.0007765241316519678 490
1747418119880 0.0008654894190840423 500
1747418119881 0.0008654894190840423 500
1747418124591 0.002060462487861514 510
1747418124592 0.002060462487861514 510
1747418129081 0.0008914406062103808 520
1747418129083 0.0008914406062103808 520
1747418133490 0.0005896723014302552 530
1747418133491 0.0005896723014302552 530
1747418137871 0.0013205948052927852 540
1747418137872 0.0013205948052927852 540
1747418142205 0.0018013163935393095 550
1747418142205 0.0018013163935393095 550
1747418146630 0.00152498425450176 560
1747418146630 0.00152498425450176 560
