1747417869925 4.946808510638298e-05 10
1747417869926 4.946808510638298e-05 10
1747417874161 4.893617021276596e-05 20
1747417874162 4.893617021276596e-05 20
1747417878404 4.840425531914894e-05 30
1747417878405 4.840425531914894e-05 30
1747417882885 4.787234042553192e-05 40
1747417882886 4.787234042553192e-05 40
1747417887294 4.734042553191489e-05 50
1747417887295 4.734042553191489e-05 50
1747417891608 4.680851063829788e-05 60
1747417891608 4.680851063829788e-05 60
1747417896154 4.627659574468085e-05 70
1747417896157 4.627659574468085e-05 70
1747417900477 4.574468085106383e-05 80
1747417900477 4.574468085106383e-05 80
1747417904772 4.5212765957446815e-05 90
1747417904773 4.5212765957446815e-05 90
1747417914294 4.468085106382979e-05 100
1747417914294 4.468085106382979e-05 100
1747417918518 4.414893617021277e-05 110
1747417918518 4.414893617021277e-05 110
1747417924447 4.3617021276595746e-05 120
1747417924450 4.3617021276595746e-05 120
1747417928883 4.3085106382978725e-05 130
1747417928884 4.3085106382978725e-05 130
1747417933211 4.2553191489361704e-05 140
1747417933212 4.2553191489361704e-05 140
1747417939212 4.2021276595744684e-05 150
1747417939212 4.2021276595744684e-05 150
1747417945162 4.148936170212766e-05 160
1747417945162 4.148936170212766e-05 160
1747417949389 4.095744680851064e-05 170
1747417949388 4.095744680851064e-05 170
1747417953629 4.0425531914893614e-05 180
1747417953629 4.0425531914893614e-05 180
1747417962380 3.9893617021276594e-05 190
1747417962380 3.9893617021276594e-05 190
1747417966697 3.936170212765958e-05 200
1747417966697 3.936170212765958e-05 200
1747417971013 3.882978723404255e-05 210
1747417971014 3.882978723404255e-05 210
1747417975275 3.829787234042553e-05 220
1747417975276 3.829787234042553e-05 220
1747417979919 3.776595744680852e-05 230
1747417979920 3.776595744680852e-05 230
1747417984464 3.723404255319149e-05 240
1747417984464 3.723404255319149e-05 240
1747417988854 3.670212765957447e-05 250
1747417988856 3.670212765957447e-05 250
1747417993258 3.617021276595745e-05 260
1747417993259 3.617021276595745e-05 260
1747417997706 3.563829787234043e-05 270
1747417997709 3.563829787234043e-05 270
1747418002169 3.5106382978723407e-05 280
1747418002170 3.5106382978723407e-05 280
1747418013532 3.4574468085106386e-05 290
1747418013516 3.4574468085106386e-05 290
1747418019516 3.4042553191489365e-05 300
1747418019516 3.4042553191489365e-05 300
1747418025700 3.3510638297872344e-05 310
1747418025700 3.3510638297872344e-05 310
1747418031686 3.2978723404255317e-05 320
1747418031687 3.2978723404255317e-05 320
1747418036000 3.2446808510638296e-05 330
1747418036000 3.2446808510638296e-05 330
1747418040434 3.191489361702128e-05 340
1747418040434 3.191489361702128e-05 340
1747418044785 3.1382978723404254e-05 350
1747418044785 3.1382978723404254e-05 350
1747418049158 3.085106382978723e-05 360
1747418049159 3.085106382978723e-05 360
1747418053514 3.0319148936170216e-05 370
1747418053515 3.0319148936170216e-05 370
1747418062201 2.9787234042553192e-05 380
1747418062202 2.9787234042553192e-05 380
1747418066585 2.925531914893617e-05 390
1747418066586 2.925531914893617e-05 390
1747418070883 2.8723404255319154e-05 400
1747418070885 2.8723404255319154e-05 400
1747418075184 2.819148936170213e-05 410
1747418075184 2.819148936170213e-05 410
1747418079519 2.765957446808511e-05 420
1747418079519 2.765957446808511e-05 420
1747418083885 2.7127659574468084e-05 430
1747418083886 2.7127659574468084e-05 430
1747418088236 2.6595744680851064e-05 440
1747418088236 2.6595744680851064e-05 440
1747418092580 2.6063829787234046e-05 450
1747418092582 2.6063829787234046e-05 450
1747418096968 2.5531914893617022e-05 460
1747418096969 2.5531914893617022e-05 460
1747418101153 2.5e-05 470
1747418101153 2.5e-05 470
1747418111040 2.446808510638298e-05 480
1747418111040 2.446808510638298e-05 480
1747418115457 2.393617021276596e-05 490
1747418115458 2.393617021276596e-05 490
1747418119880 2.340425531914894e-05 500
1747418119881 2.340425531914894e-05 500
1747418124591 2.2872340425531915e-05 510
1747418124592 2.2872340425531915e-05 510
1747418129081 2.2340425531914894e-05 520
1747418129083 2.2340425531914894e-05 520
1747418133490 2.1808510638297873e-05 530
1747418133491 2.1808510638297873e-05 530
1747418137871 2.1276595744680852e-05 540
1747418137872 2.1276595744680852e-05 540
1747418142205 2.074468085106383e-05 550
1747418142205 2.074468085106383e-05 550
1747418146630 2.0212765957446807e-05 560
1747418146630 2.0212765957446807e-05 560
