1747417869925 1.1916 10
1747417869926 1.1916 10
1747417874161 0.3395 20
1747417874162 0.3395 20
1747417878404 0.2229 30
1747417878405 0.2229 30
1747417882885 0.24 40
1747417882886 0.24 40
1747417887294 0.0914 50
1747417887295 0.0914 50
1747417891608 0.1631 60
1747417891608 0.1631 60
1747417896154 0.1138 70
1747417896157 0.1138 70
1747417900477 0.1383 80
1747417900477 0.1383 80
1747417904772 0.1101 90
1747417904773 0.1101 90
1747417914294 0.2138 100
1747417914294 0.2138 100
1747417918518 0.017 110
1747417918518 0.017 110
1747417924447 0.0031 120
1747417924450 0.0031 120
1747417928883 0.013 130
1747417928884 0.013 130
1747417933211 0.2757 140
1747417933212 0.2757 140
1747417939212 0.1406 150
1747417939212 0.1406 150
1747417945162 0.0459 160
1747417945162 0.0459 160
1747417949389 0.0043 170
1747417949388 0.0043 170
1747417953629 0.0819 180
1747417953629 0.0819 180
1747417962380 0.0371 190
1747417962380 0.0371 190
1747417966697 0.003 200
1747417966697 0.003 200
1747417971013 0.001 210
1747417971014 0.001 210
1747417975275 0.0004 220
1747417975276 0.0004 220
1747417979919 0.0031 230
1747417979920 0.0031 230
1747417984464 0.0002 240
1747417984464 0.0002 240
1747417988856 0.0321 250
1747417988854 0.0321 250
1747417993258 0.0419 260
1747417993259 0.0419 260
1747417997706 0.0202 270
1747417997709 0.0202 270
1747418002169 0.0175 280
1747418002170 0.0175 280
1747418013532 0.0005 290
1747418013516 0.0005 290
1747418019516 0.0003 300
1747418019516 0.0003 300
1747418025700 0.0 310
1747418025700 0.0 310
1747418031686 0.0203 320
1747418031687 0.0203 320
1747418036000 0.0693 330
1747418036000 0.0693 330
1747418040434 0.0177 340
1747418040434 0.0177 340
1747418044785 0.0072 350
1747418044785 0.0072 350
1747418049158 0.0001 360
1747418049159 0.0001 360
1747418053514 0.0 370
1747418053515 0.0 370
1747418062201 0.0 380
1747418062202 0.0 380
1747418066585 0.0 390
1747418066586 0.0 390
1747418070883 0.007 400
1747418070885 0.007 400
1747418075184 0.0 410
1747418075184 0.0 410
1747418079519 0.0027 420
1747418079519 0.0027 420
1747418083885 0.0 430
1747418083886 0.0 430
1747418088236 0.0002 440
1747418088236 0.0002 440
1747418092580 0.0 450
1747418092582 0.0 450
1747418096968 0.0 460
1747418096969 0.0 460
1747418101153 0.0 470
1747418101153 0.0 470
1747418111040 0.0 480
1747418111040 0.0 480
1747418115457 0.0 490
1747418115458 0.0 490
1747418119880 0.0002 500
1747418119881 0.0002 500
1747418124591 0.0265 510
1747418124592 0.0265 510
1747418129081 0.0 520
1747418129083 0.0 520
1747418133490 0.0 530
1747418133491 0.0 530
1747418137871 0.0 540
1747418137872 0.0 540
1747418142205 0.0 550
1747418142205 0.0 550
1747418146630 0.0 560
1747418146630 0.0 560
