1747376935849 0.10638297872340426 10
1747376939364 0.2127659574468085 20
1747376939364 0.2127659574468085 20
1747376942954 0.3191489361702128 30
1747376942954 0.3191489361702128 30
1747376947948 0.425531914893617 40
1747376947957 0.425531914893617 40
1747376952976 0.5319148936170213 50
1747376952976 0.5319148936170213 50
1747376956994 0.6382978723404256 60
1747376956994 0.6382978723404256 60
1747376960553 0.7446808510638298 70
1747376960553 0.7446808510638298 70
1747376965706 0.851063829787234 80
1747376965706 0.851063829787234 80
1747376969307 0.9574468085106383 90
1747376969307 0.9574468085106383 90
1747376974468 1.0 94
1747376974468 1.0 94
1747376978099 1.0638297872340425 100
1747376978097 1.0638297872340425 100
1747376981689 1.1702127659574468 110
1747376981689 1.1702127659574468 110
1747376985311 1.2765957446808511 120
1747376985311 1.2765957446808511 120
1747376993785 1.3829787234042552 130
1747376993789 1.3829787234042552 130
1747376998989 1.4893617021276595 140
1747376998989 1.4893617021276595 140
1747377002589 1.5957446808510638 150
1747377002589 1.5957446808510638 150
1747377007830 1.702127659574468 160
1747377007830 1.702127659574468 160
1747377012874 1.8085106382978724 170
1747377012890 1.8085106382978724 170
1747377016544 1.9148936170212765 180
1747377016544 1.9148936170212765 180
1747377023251 2.0 188
1747377023251 2.0 188
1747377025692 2.021276595744681 190
1747377025692 2.021276595744681 190
1747377029358 2.127659574468085 200
1747377029358 2.127659574468085 200
1747377033118 2.2340425531914896 210
1747377033118 2.2340425531914896 210
1747377040066 2.3404255319148937 220
1747377040082 2.3404255319148937 220
1747377043851 2.4468085106382977 230
1747377043851 2.4468085106382977 230
1747377047532 2.5531914893617023 240
1747377047532 2.5531914893617023 240
1747377051348 2.6595744680851063 250
1747377051350 2.6595744680851063 250
1747377056782 2.7659574468085104 260
1747377056782 2.7659574468085104 260
1747377060472 2.872340425531915 270
1747377060472 2.872340425531915 270
1747377064208 2.978723404255319 280
1747377064208 2.978723404255319 280
1747377067266 3.0 282
1747377067266 3.0 282
1747377073189 3.0851063829787235 290
1747377073189 3.0851063829787235 290
1747377078492 3.1914893617021276 300
1747377078492 3.1914893617021276 300
1747377082186 3.297872340425532 310
1747377082186 3.297872340425532 310
1747377085869 3.404255319148936 320
1747377085869 3.404255319148936 320
1747377089531 3.5106382978723403 330
1747377089531 3.5106382978723403 330
1747377093214 3.617021276595745 340
1747377093214 3.617021276595745 340
1747377096897 3.723404255319149 350
1747377096897 3.723404255319149 350
1747377100607 3.829787234042553 360
1747377100607 3.829787234042553 360
1747377106019 3.9361702127659575 370
1747377106020 3.9361702127659575 370
1747377115563 4.0 376
1747377115565 4.0 376
1747377117298 4.0 376
1747377117298 4.0 376
