1747376935849 12.720770835876465 10
1747376935849 12.720770835876465 10
1747376939364 4.962334632873535 20
1747376939364 4.962334632873535 20
1747376942954 0.5708203315734863 30
1747376942954 0.5708203315734863 30
1747376947948 44.899078369140625 40
1747376947957 44.899078369140625 40
1747376952976 0.032983481884002686 50
1747376952976 0.032983481884002686 50
1747376956994 0.020198281854391098 60
1747376956994 0.020198281854391098 60
1747376960553 0.09290210157632828 70
1747376960553 0.09290210157632828 70
1747376965706 0.02773301862180233 80
1747376965706 0.02773301862180233 80
1747376969307 0.053950730711221695 90
1747376969307 0.053950730711221695 90
1747376978099 0.016323205083608627 100
1747376978097 0.016323205083608627 100
1747376981689 0.011386466212570667 110
1747376981689 0.011386466212570667 110
1747376985311 0.010010079480707645 120
1747376985311 0.010010079480707645 120
1747376993785 0.0066281454637646675 130
1747376993789 0.0066281454637646675 130
1747376998989 0.0059630065225064754 140
1747376998989 0.0059630065225064754 140
1747377002589 0.005148387048393488 150
1747377002589 0.005148387048393488 150
1747377007830 0.0042945914901793 160
1747377007830 0.0042945914901793 160
1747377012874 0.005115753039717674 170
1747377012890 0.005115753039717674 170
1747377016544 0.011245336383581161 180
1747377016544 0.011245336383581161 180
1747377025692 0.05047616362571716 190
1747377025692 0.05047616362571716 190
1747377029358 0.00795968621969223 200
1747377029358 0.00795968621969223 200
1747377033118 0.006818568333983421 210
1747377033118 0.006818568333983421 210
1747377040066 0.005008573643863201 220
1747377040082 0.005008573643863201 220
1747377043851 0.004078942816704512 230
1747377043851 0.004078942816704512 230
1747377047532 0.16889970004558563 240
1747377047532 0.16889970004558563 240
1747377051348 0.0030427624005824327 250
1747377051350 0.0030427624005824327 250
1747377056782 0.002949476009234786 260
1747377056782 0.002949476009234786 260
1747377060472 14.664239883422852 270
1747377060472 14.664239883422852 270
1747377064208 0.003013076027855277 280
1747377064208 0.003013076027855277 280
1747377073189 0.0023031686432659626 290
1747377073189 0.0023031686432659626 290
1747377078492 0.0020816295873373747 300
1747377078492 0.0020816295873373747 300
1747377082186 0.0020776228047907352 310
1747377082186 0.0020776228047907352 310
1747377085869 0.002347951754927635 320
1747377085869 0.002347951754927635 320
1747377089531 0.0019855182617902756 330
1747377089531 0.0019855182617902756 330
1747377093214 0.0019019093597307801 340
1747377093214 0.0019019093597307801 340
1747377096897 0.0016689987387508154 350
1747377096897 0.0016689987387508154 350
1747377100607 0.0017179625574499369 360
1747377100607 0.0017179625574499369 360
1747377106019 0.0016085690585896373 370
1747377106020 0.0016085690585896373 370
