1747376935849 4.946808510638298e-05 10
1747376935849 4.946808510638298e-05 10
1747376939364 4.893617021276596e-05 20
1747376939364 4.893617021276596e-05 20
1747376942954 4.840425531914894e-05 30
1747376942954 4.840425531914894e-05 30
1747376947948 4.787234042553192e-05 40
1747376947957 4.787234042553192e-05 40
1747376952976 4.734042553191489e-05 50
1747376952976 4.734042553191489e-05 50
1747376956994 4.680851063829788e-05 60
1747376956994 4.680851063829788e-05 60
1747376960553 4.627659574468085e-05 70
1747376960553 4.627659574468085e-05 70
1747376965706 4.574468085106383e-05 80
1747376965706 4.574468085106383e-05 80
1747376969307 4.5212765957446815e-05 90
1747376969307 4.5212765957446815e-05 90
1747376978099 4.468085106382979e-05 100
1747376978097 4.468085106382979e-05 100
1747376981689 4.414893617021277e-05 110
1747376981689 4.414893617021277e-05 110
1747376985311 4.3617021276595746e-05 120
1747376985311 4.3617021276595746e-05 120
1747376993785 4.3085106382978725e-05 130
1747376993789 4.3085106382978725e-05 130
1747376998989 4.2553191489361704e-05 140
1747376998989 4.2553191489361704e-05 140
1747377002589 4.2021276595744684e-05 150
1747377002589 4.2021276595744684e-05 150
1747377007830 4.148936170212766e-05 160
1747377007830 4.148936170212766e-05 160
1747377012874 4.095744680851064e-05 170
1747377012890 4.095744680851064e-05 170
1747377016544 4.0425531914893614e-05 180
1747377016544 4.0425531914893614e-05 180
1747377025692 3.9893617021276594e-05 190
1747377025692 3.9893617021276594e-05 190
1747377029358 3.936170212765958e-05 200
1747377029358 3.936170212765958e-05 200
1747377033118 3.882978723404255e-05 210
1747377033118 3.882978723404255e-05 210
1747377040066 3.829787234042553e-05 220
1747377040082 3.829787234042553e-05 220
1747377043851 3.776595744680852e-05 230
1747377043851 3.776595744680852e-05 230
1747377047532 3.723404255319149e-05 240
1747377047532 3.723404255319149e-05 240
1747377051348 3.670212765957447e-05 250
1747377051350 3.670212765957447e-05 250
1747377056782 3.617021276595745e-05 260
1747377056782 3.617021276595745e-05 260
1747377060472 3.563829787234043e-05 270
1747377060472 3.563829787234043e-05 270
1747377064208 3.5106382978723407e-05 280
1747377064208 3.5106382978723407e-05 280
1747377073189 3.4574468085106386e-05 290
1747377073189 3.4574468085106386e-05 290
1747377078492 3.4042553191489365e-05 300
1747377078492 3.4042553191489365e-05 300
1747377082186 3.3510638297872344e-05 310
1747377082186 3.3510638297872344e-05 310
1747377085869 3.2978723404255317e-05 320
1747377085869 3.2978723404255317e-05 320
1747377089531 3.2446808510638296e-05 330
1747377089531 3.2446808510638296e-05 330
1747377093214 3.191489361702128e-05 340
1747377093214 3.191489361702128e-05 340
1747377096897 3.1382978723404254e-05 350
1747377096897 3.1382978723404254e-05 350
1747377100607 3.085106382978723e-05 360
1747377100607 3.085106382978723e-05 360
1747377106019 3.0319148936170216e-05 370
1747377106020 3.0319148936170216e-05 370
