1747376935849 0.5046 10
1747376935849 0.5046 10
1747376939364 0.1867 20
1747376939364 0.1867 20
1747376942954 0.0789 30
1747376942954 0.0789 30
1747376947948 0.0167 40
1747376947957 0.0167 40
1747376952976 0.0018 50
1747376952976 0.0018 50
1747376956994 0.0424 60
1747376956994 0.0424 60
1747376960553 0.1302 70
1747376960553 0.1302 70
1747376965706 0.0285 80
1747376965706 0.0285 80
1747376969307 0.0012 90
1747376969307 0.0012 90
1747376978099 0.0007 100
1747376978097 0.0007 100
1747376981689 0.0119 110
1747376981689 0.0119 110
1747376985311 0.0007 120
1747376985311 0.0007 120
1747376993785 0.0003 130
1747376993789 0.0003 130
1747376998989 0.0329 140
1747376998989 0.0329 140
1747377002589 0.0457 150
1747377002589 0.0457 150
1747377007830 0.0221 160
1747377007830 0.0221 160
1747377012874 0.0064 170
1747377012890 0.0064 170
1747377016544 0.193 180
1747377016544 0.193 180
1747377025692 0.0442 190
1747377025692 0.0442 190
1747377029358 0.0005 200
1747377029358 0.0005 200
1747377033118 0.0003 210
1747377033118 0.0003 210
1747377040066 0.0002 220
1747377040082 0.0002 220
1747377043851 0.0002 230
1747377043851 0.0002 230
1747377047532 0.0005 240
1747377047532 0.0005 240
1747377051348 0.0022 250
1747377051350 0.0022 250
1747377056782 0.0002 260
1747377056782 0.0002 260
1747377060472 0.0008 270
1747377060472 0.0008 270
1747377064208 0.0001 280
1747377064208 0.0001 280
1747377073189 0.0001 290
1747377073189 0.0001 290
1747377078492 0.0001 300
1747377078492 0.0001 300
1747377082186 0.0001 310
1747377082186 0.0001 310
1747377085869 0.0001 320
1747377085869 0.0001 320
1747377089531 0.0001 330
1747377089531 0.0001 330
1747377093214 0.0001 340
1747377093214 0.0001 340
1747377096897 0.0001 350
1747377096897 0.0001 350
1747377100607 0.0001 360
1747377100607 0.0001 360
1747377106019 0.0001 370
1747377106020 0.0001 370
