1747354521249 1.0 5
1747354521250 1.0 5
1747354525016 2.0 10
1747354525016 2.0 10
1747354525148 2.0 10
1747354525149 2.0 10
1747354530596 3.0 15
1747354530597 3.0 15
1747354534229 4.0 20
1747354534230 4.0 20
1747354534362 4.0 20
1747354534362 4.0 20
1747354538573 5.0 25
1747354538574 5.0 25
1747354545425 6.0 30
1747354545425 6.0 30
1747354545567 6.0 30
1747354545566 6.0 30
1747354551098 7.0 35
1747354551099 7.0 35
1747354554935 8.0 40
1747354554936 8.0 40
1747354555067 8.0 40
1747354555068 8.0 40
1747354560744 9.0 45
1747354560745 9.0 45
1747354563122 9.0 45
1747354563122 9.0 45
