1744273919923 0.056179775280898875 10
1744273919923 0.056179775280898875 10
1744273923754 0.11235955056179775 20
1744273923754 0.11235955056179775 20
1744273927680 0.16853932584269662 30
1744273927681 0.16853932584269662 30
1744273931562 0.2247191011235955 40
1744273931563 0.2247191011235955 40
1744273935421 0.2808988764044944 50
1744273935422 0.2808988764044944 50
1744273939286 0.33707865168539325 60
1744273939286 0.33707865168539325 60
1744273943675 0.39325842696629215 70
1744273943678 0.39325842696629215 70
1744273948675 0.449438202247191 80
1744273948675 0.449438202247191 80
1744273952551 0.5056179775280899 90
1744273952551 0.5056179775280899 90
1744273956440 0.5617977528089888 100
1744273956441 0.5617977528089888 100
1744273961681 0.6179775280898876 110
1744273961682 0.6179775280898876 110
1744273965629 0.6741573033707865 120
1744273965629 0.6741573033707865 120
1744273969603 0.7303370786516854 130
1744273969604 0.7303370786516854 130
1744273973622 0.7865168539325843 140
1744273973623 0.7865168539325843 140
1744273979211 0.8426966292134831 150
1744273979212 0.8426966292134831 150
1744273984719 0.898876404494382 160
1744273984720 0.898876404494382 160
1744273991851 0.9550561797752809 170
1744273991849 0.9550561797752809 170
1744273999518 1.0 178
1744273999517 1.0 178
1744274000334 1.0112359550561798 180
1744274000335 1.0112359550561798 180
1744274004341 1.0674157303370786 190
1744274004342 1.0674157303370786 190
1744274008292 1.1235955056179776 200
1744274008292 1.1235955056179776 200
1744274015148 1.1797752808988764 210
1744274015149 1.1797752808988764 210
1744274019162 1.2359550561797752 220
1744274019162 1.2359550561797752 220
1744274024794 1.2921348314606742 230
1744274024794 1.2921348314606742 230
1744274030384 1.348314606741573 240
1744274030384 1.348314606741573 240
1744274036311 1.404494382022472 250
1744274036315 1.404494382022472 250
1744274043243 1.4606741573033708 260
1744274043245 1.4606741573033708 260
1744274047215 1.5168539325842696 270
1744274047216 1.5168539325842696 270
1744274051302 1.5730337078651684 280
1744274051300 1.5730337078651684 280
1744274055412 1.6292134831460674 290
1744274055409 1.6292134831460674 290
1744274059538 1.6853932584269664 300
1744274059540 1.6853932584269664 300
1744274066938 1.7415730337078652 310
1744274066937 1.7415730337078652 310
1744274071121 1.797752808988764 320
1744274071119 1.797752808988764 320
1744274075420 1.8539325842696628 330
1744274075421 1.8539325842696628 330
1744274079554 1.9101123595505618 340
1744274079555 1.9101123595505618 340
1744274083656 1.9662921348314608 350
1744274083655 1.9662921348314608 350
1744274090777 2.0 356
1744274090778 2.0 356
1744274092431 2.0224719101123596 360
1744274092432 2.0224719101123596 360
1744274096497 2.0786516853932584 370
1744274096498 2.0786516853932584 370
1744274100549 2.134831460674157 380
1744274100550 2.134831460674157 380
1744274104612 2.191011235955056 390
1744274104613 2.191011235955056 390
1744274108719 2.247191011235955 400
1744274108720 2.247191011235955 400
1744274114538 2.303370786516854 410
1744274114539 2.303370786516854 410
1744274120246 2.359550561797753 420
1744274120247 2.359550561797753 420
1744274124516 2.4157303370786516 430
1744274124519 2.4157303370786516 430
1744274130106 2.4719101123595504 440
1744274130106 2.4719101123595504 440
1744274134321 2.5280898876404496 450
1744274134322 2.5280898876404496 450
1744274140084 2.5842696629213484 460
1744274140085 2.5842696629213484 460
1744274144214 2.640449438202247 470
1744274144215 2.640449438202247 470
1744274148413 2.696629213483146 480
1744274148414 2.696629213483146 480
1744274152620 2.752808988764045 490
1744274152617 2.752808988764045 490
1744274156823 2.808988764044944 500
1744274156825 2.808988764044944 500
1744274162553 2.865168539325843 510
1744274162554 2.865168539325843 510
1744274166736 2.9213483146067416 520
1744274166737 2.9213483146067416 520
1744274170955 2.9775280898876404 530
1744274170954 2.9775280898876404 530
1744274180532 3.0 534
1744274180534 3.0 534
1744274180528 3.0 534
1744274180529 3.0 534
