1744273919923 4.906367041198502e-05 10
1744273919923 4.906367041198502e-05 10
1744273923754 4.812734082397004e-05 20
1744273923754 4.812734082397004e-05 20
1744273927680 4.719101123595506e-05 30
1744273927681 4.719101123595506e-05 30
1744273931562 4.625468164794008e-05 40
1744273931563 4.625468164794008e-05 40
1744273935421 4.531835205992509e-05 50
1744273935422 4.531835205992509e-05 50
1744273939286 4.438202247191011e-05 60
1744273939286 4.438202247191011e-05 60
1744273943675 4.344569288389513e-05 70
1744273943678 4.344569288389513e-05 70
1744273948675 4.250936329588015e-05 80
1744273948675 4.250936329588015e-05 80
1744273952551 4.157303370786517e-05 90
1744273952551 4.157303370786517e-05 90
1744273956440 4.063670411985019e-05 100
1744273956441 4.063670411985019e-05 100
1744273961681 3.970037453183521e-05 110
1744273961682 3.970037453183521e-05 110
1744273965629 3.876404494382023e-05 120
1744273965629 3.876404494382023e-05 120
1744273969603 3.782771535580524e-05 130
1744273969604 3.782771535580524e-05 130
1744273973622 3.689138576779027e-05 140
1744273973623 3.689138576779027e-05 140
1744273979211 3.595505617977528e-05 150
1744273979212 3.595505617977528e-05 150
1744273984719 3.5018726591760305e-05 160
1744273984720 3.5018726591760305e-05 160
1744273991851 3.408239700374532e-05 170
1744273991849 3.408239700374532e-05 170
1744274000334 3.314606741573034e-05 180
1744274000335 3.314606741573034e-05 180
1744274004341 3.220973782771536e-05 190
1744274004342 3.220973782771536e-05 190
1744274008292 3.1273408239700376e-05 200
1744274008292 3.1273408239700376e-05 200
1744274015148 3.0337078651685396e-05 210
1744274015149 3.0337078651685396e-05 210
1744274019162 2.940074906367041e-05 220
1744274019162 2.940074906367041e-05 220
1744274024794 2.846441947565543e-05 230
1744274024794 2.846441947565543e-05 230
1744274030384 2.752808988764045e-05 240
1744274030384 2.752808988764045e-05 240
1744274036311 2.6591760299625466e-05 250
1744274036315 2.6591760299625466e-05 250
1744274043243 2.565543071161049e-05 260
1744274043245 2.565543071161049e-05 260
1744274047215 2.4719101123595505e-05 270
1744274047216 2.4719101123595505e-05 270
1744274051302 2.3782771535580524e-05 280
1744274051300 2.3782771535580524e-05 280
1744274055409 2.2846441947565544e-05 290
1744274055412 2.2846441947565544e-05 290
1744274059538 2.1910112359550563e-05 300
1744274059540 2.1910112359550563e-05 300
1744274066938 2.0973782771535582e-05 310
1744274066937 2.0973782771535582e-05 310
1744274071119 2.00374531835206e-05 320
1744274071121 2.00374531835206e-05 320
1744274075420 1.9101123595505618e-05 330
1744274075421 1.9101123595505618e-05 330
1744274079554 1.8164794007490637e-05 340
1744274079555 1.8164794007490637e-05 340
1744274083656 1.7228464419475657e-05 350
1744274083655 1.7228464419475657e-05 350
1744274092431 1.6292134831460676e-05 360
1744274092432 1.6292134831460676e-05 360
1744274096497 1.5355805243445692e-05 370
1744274096498 1.5355805243445692e-05 370
1744274100549 1.4419475655430711e-05 380
1744274100550 1.4419475655430711e-05 380
1744274104612 1.348314606741573e-05 390
1744274104613 1.348314606741573e-05 390
1744274108719 1.254681647940075e-05 400
1744274108720 1.254681647940075e-05 400
1744274114538 1.161048689138577e-05 410
1744274114539 1.161048689138577e-05 410
1744274120246 1.0674157303370787e-05 420
1744274120247 1.0674157303370787e-05 420
1744274124516 9.737827715355806e-06 430
1744274124519 9.737827715355806e-06 430
1744274130106 8.801498127340826e-06 440
1744274130106 8.801498127340826e-06 440
1744274134321 7.865168539325843e-06 450
1744274134322 7.865168539325843e-06 450
1744274140084 6.928838951310862e-06 460
1744274140085 6.928838951310862e-06 460
1744274144214 5.9925093632958805e-06 470
1744274144215 5.9925093632958805e-06 470
1744274148413 5.056179775280899e-06 480
1744274148414 5.056179775280899e-06 480
1744274152620 4.1198501872659175e-06 490
1744274152617 4.1198501872659175e-06 490
1744274156823 3.1835205992509364e-06 500
1744274156825 3.1835205992509364e-06 500
1744274162553 2.247191011235955e-06 510
1744274162554 2.247191011235955e-06 510
1744274166736 1.310861423220974e-06 520
1744274166737 1.310861423220974e-06 520
1744274170954 3.7453183520599253e-07 530
1744274170955 3.7453183520599253e-07 530
