1747232647589 0.5263157894736842 10
1747232647589 0.5263157894736842 10
1747232658925 1.0 19
1747232658925 1.0 19
1747232661473 1.0526315789473684 20
1747232661474 1.0526315789473684 20
1747232672872 1.5789473684210527 30
1747232672874 1.5789473684210527 30
1747232680188 2.0 38
1747232680188 2.0 38
1747232683331 2.1052631578947367 40
1747232683332 2.1052631578947367 40
1747232693439 2.6315789473684212 50
1747232693439 2.6315789473684212 50
1747232701607 3.0 57
1747232701607 3.0 57
1747232705571 3.1578947368421053 60
1747232705572 3.1578947368421053 60
1747232715439 3.6842105263157894 70
1747232715439 3.6842105263157894 70
1747232721208 4.0 76
1747232721209 4.0 76
1747232726357 4.2105263157894735 80
1747232726357 4.2105263157894735 80
1747232734877 4.7368421052631575 90
1747232734877 4.7368421052631575 90
1747232743075 5.0 95
1747232743075 5.0 95
1747232748608 5.2631578947368425 100
1747232748608 5.2631578947368425 100
1747232760145 5.7894736842105265 110
1747232760145 5.7894736842105265 110
1747232765978 6.0 114
1747232765979 6.0 114
1747232767748 6.0 114
1747232767748 6.0 114
