1747232647589 4.560507774353027 10
1747232647589 4.560507774353027 10
1747232661473 2.033705234527588 20
1747232661474 2.033705234527588 20
1747232672872 0.3386693298816681 30
1747232672874 0.3386693298816681 30
1747232683331 0.11387503892183304 40
1747232683332 0.11387503892183304 40
1747232693439 0.045216385275125504 50
1747232693439 0.045216385275125504 50
1747232705571 0.03209783136844635 60
1747232705572 0.03209783136844635 60
1747232715439 0.026221198961138725 70
1747232715439 0.026221198961138725 70
1747232726357 0.025348566472530365 80
1747232726357 0.025348566472530365 80
1747232734877 0.013915438205003738 90
1747232734877 0.013915438205003738 90
1747232748608 0.016368446871638298 100
1747232748608 0.016368446871638298 100
1747232760145 0.014194301329553127 110
1747232760145 0.014194301329553127 110
