1747232647589 4.736842105263158e-05 10
1747232647589 4.736842105263158e-05 10
1747232661473 4.473684210526316e-05 20
1747232661474 4.473684210526316e-05 20
1747232672872 4.210526315789474e-05 30
1747232672874 4.210526315789474e-05 30
1747232683331 3.9473684210526316e-05 40
1747232683332 3.9473684210526316e-05 40
1747232693439 3.6842105263157895e-05 50
1747232693439 3.6842105263157895e-05 50
1747232705571 3.421052631578947e-05 60
1747232705572 3.421052631578947e-05 60
1747232715439 3.157894736842105e-05 70
1747232715439 3.157894736842105e-05 70
1747232726357 2.8947368421052634e-05 80
1747232726357 2.8947368421052634e-05 80
1747232734877 2.6315789473684212e-05 90
1747232734877 2.6315789473684212e-05 90
1747232748608 2.368421052631579e-05 100
1747232748608 2.368421052631579e-05 100
1747232760145 2.105263157894737e-05 110
1747232760145 2.105263157894737e-05 110
