1747232647589 0.464 10
1747232647589 0.464 10
1747232661473 0.1753 20
1747232661474 0.1753 20
1747232672872 0.037 30
1747232672874 0.037 30
1747232683331 0.008 40
1747232683332 0.008 40
1747232693439 0.0027 50
1747232693439 0.0027 50
1747232705571 0.0015 60
1747232705572 0.0015 60
1747232715439 0.0011 70
1747232715439 0.0011 70
1747232726357 0.0009 80
1747232726357 0.0009 80
1747232734877 0.0007 90
1747232734877 0.0007 90
1747232748608 0.0006 100
1747232748608 0.0006 100
1747232760145 0.0006 110
1747232760145 0.0006 110
