1747232793500 0.5263157894736842 10
1747232793511 0.5263157894736842 10
1747232803159 1.0 19
1747232803159 1.0 19
1747232805518 1.0526315789473684 20
1747232805518 1.0526315789473684 20
1747232815413 1.5789473684210527 30
1747232815413 1.5789473684210527 30
1747232824371 2.0 38
1747232824371 2.0 38
1747232829016 2.1052631578947367 40
1747232829016 2.1052631578947367 40
1747232840672 2.6315789473684212 50
1747232840672 2.6315789473684212 50
1747232847110 3.0 57
1747232847110 3.0 57
1747232850877 3.1578947368421053 60
1747232850877 3.1578947368421053 60
1747232858986 3.6842105263157894 70
1747232858987 3.6842105263157894 70
1747232864583 4.0 76
1747232864583 4.0 76
1747232871213 4.2105263157894735 80
1747232871215 4.2105263157894735 80
1747232879539 4.7368421052631575 90
1747232879540 4.7368421052631575 90
1747232884478 5.0 95
1747232884478 5.0 95
1747232885856 5.0 95
1747232885856 5.0 95
