1747232793500 5.021644115447998 10
1747232793511 5.021644115447998 10
1747232805518 0.46216872334480286 20
1747232805518 0.46216872334480286 20
1747232815413 0.02778610773384571 30
1747232815413 0.02778610773384571 30
1747232829016 0.2546726167201996 40
1747232829016 0.2546726167201996 40
1747232840672 109.39360046386719 50
1747232840672 109.39360046386719 50
1747232850877 0.06114546209573746 60
1747232850877 0.06114546209573746 60
1747232858986 0.02546989917755127 70
1747232858987 0.02546989917755127 70
1747232871213 0.008972160518169403 80
1747232871215 0.008972160518169403 80
1747232879539 0.005533423740416765 90
1747232879540 0.005533423740416765 90
