1747232793500 9.473684210526316e-05 10
1747232793511 9.473684210526316e-05 10
1747232805518 8.947368421052632e-05 20
1747232805518 8.947368421052632e-05 20
1747232815413 8.421052631578948e-05 30
1747232815413 8.421052631578948e-05 30
1747232829016 7.894736842105263e-05 40
1747232829016 7.894736842105263e-05 40
1747232840672 7.368421052631579e-05 50
1747232840672 7.368421052631579e-05 50
1747232850877 6.842105263157895e-05 60
1747232850877 6.842105263157895e-05 60
1747232858986 6.31578947368421e-05 70
1747232858987 6.31578947368421e-05 70
1747232871213 5.789473684210527e-05 80
1747232871215 5.789473684210527e-05 80
1747232879539 5.2631578947368424e-05 90
1747232879540 5.2631578947368424e-05 90
