1747417037337 0.11235955056179775 10
1747417037338 0.11235955056179775 10
1747417041532 0.2247191011235955 20
1747417041532 0.2247191011235955 20
1747417045723 0.33707865168539325 30
1747417045723 0.33707865168539325 30
1747417050017 0.449438202247191 40
1747417050017 0.449438202247191 40
1747417054208 0.5617977528089888 50
1747417054208 0.5617977528089888 50
1747417058533 0.6741573033707865 60
1747417058533 0.6741573033707865 60
1747417062738 0.7865168539325843 70
1747417062737 0.7865168539325843 70
1747417067171 0.898876404494382 80
1747417067174 0.898876404494382 80
1747417074578 1.0 89
1747417074579 1.0 89
1747417077151 1.0112359550561798 90
1747417077151 1.0112359550561798 90
1747417081489 1.1235955056179776 100
1747417081490 1.1235955056179776 100
1747417085848 1.2359550561797752 110
1747417085849 1.2359550561797752 110
1747417090135 1.348314606741573 120
1747417090135 1.348314606741573 120
1747417094478 1.4606741573033708 130
1747417094478 1.4606741573033708 130
1747417098784 1.5730337078651684 140
1747417098783 1.5730337078651684 140
1747417103113 1.6853932584269664 150
1747417103112 1.6853932584269664 150
1747417107502 1.797752808988764 160
1747417107502 1.797752808988764 160
1747417111976 1.9101123595505618 170
1747417111977 1.9101123595505618 170
1747417117802 2.0 178
1747417117803 2.0 178
1747417120636 2.0224719101123596 180
1747417120636 2.0224719101123596 180
1747417125053 2.134831460674157 190
1747417125053 2.134831460674157 190
1747417129367 2.247191011235955 200
1747417129370 2.247191011235955 200
1747417133673 2.359550561797753 210
1747417133673 2.359550561797753 210
1747417137882 2.4719101123595504 220
1747417137883 2.4719101123595504 220
1747417143753 2.5842696629213484 230
1747417143755 2.5842696629213484 230
1747417147938 2.696629213483146 240
1747417147938 2.696629213483146 240
1747417152151 2.808988764044944 250
1747417152152 2.808988764044944 250
1747417156388 2.9213483146067416 260
1747417156388 2.9213483146067416 260
1747417161757 3.0 267
1747417161757 3.0 267
1747417165001 3.033707865168539 270
1747417165002 3.033707865168539 270
1747417171023 3.146067415730337 280
1747417171024 3.146067415730337 280
1747417175650 3.258426966292135 290
1747417175650 3.258426966292135 290
1747417179996 3.370786516853933 300
1747417179997 3.370786516853933 300
1747417184319 3.4831460674157304 310
1747417184321 3.4831460674157304 310
1747417188668 3.595505617977528 320
1747417188668 3.595505617977528 320
1747417193016 3.7078651685393256 330
1747417193016 3.7078651685393256 330
1747417197359 3.8202247191011236 340
1747417197359 3.8202247191011236 340
1747417201732 3.932584269662921 350
1747417201732 3.932584269662921 350
1747417206791 4.0 356
1747417206791 4.0 356
1747417210358 4.044943820224719 360
1747417210358 4.044943820224719 360
1747417214724 4.157303370786517 370
1747417214724 4.157303370786517 370
1747417220641 4.269662921348314 380
1747417220642 4.269662921348314 380
1747417228109 4.382022471910112 390
1747417228109 4.382022471910112 390
1747417232326 4.49438202247191 400
1747417232326 4.49438202247191 400
1747417236626 4.606741573033708 410
1747417236626 4.606741573033708 410
1747417240898 4.719101123595506 420
1747417240897 4.719101123595506 420
1747417246896 4.831460674157303 430
1747417246897 4.831460674157303 430
1747417251208 4.943820224719101 440
1747417251208 4.943820224719101 440
1747417255652 5.0 445
1747417255652 5.0 445
1747417257501 5.0 445
1747417257501 5.0 445
