1747417037337 11.452142715454102 10
1747417037338 11.452142715454102 10
1747417041532 11.059807777404785 20
1747417041532 11.059807777404785 20
1747417045723 16.583526611328125 30
1747417045723 16.583526611328125 30
1747417050017 13.399260520935059 40
1747417050017 13.399260520935059 40
1747417054208 20.613967895507812 50
1747417054208 20.613967895507812 50
1747417058533 12.006582260131836 60
1747417058533 12.006582260131836 60
1747417062738 4.536821365356445 70
1747417062737 4.536821365356445 70
1747417067171 4.961826324462891 80
1747417067174 4.961826324462891 80
1747417077151 14.614835739135742 90
1747417077151 14.614835739135742 90
1747417081489 5.500794410705566 100
1747417081490 5.500794410705566 100
1747417085848 5.617913246154785 110
1747417085849 5.617913246154785 110
1747417090135 18.624195098876953 120
1747417090135 18.624195098876953 120
1747417094478 30.880430221557617 130
1747417094478 30.880430221557617 130
1747417098783 6.10675048828125 140
1747417098784 6.10675048828125 140
1747417103113 3.631605863571167 150
1747417103112 3.631605863571167 150
1747417107502 5.847614765167236 160
1747417107502 5.847614765167236 160
1747417111976 5.5540452003479 170
1747417111977 5.5540452003479 170
1747417120636 11.4512357711792 180
1747417120636 11.4512357711792 180
1747417125053 3.156578302383423 190
1747417125053 3.156578302383423 190
1747417129367 9.855021476745605 200
1747417129370 9.855021476745605 200
1747417133673 8.391267776489258 210
1747417133673 8.391267776489258 210
1747417137882 5.911588191986084 220
1747417137883 5.911588191986084 220
1747417143753 0.6366885304450989 230
1747417143755 0.6366885304450989 230
1747417147938 8.818127632141113 240
1747417147938 8.818127632141113 240
1747417152151 2.562995195388794 250
1747417152152 2.562995195388794 250
1747417156388 9.017399787902832 260
1747417156388 9.017399787902832 260
1747417165001 5.579975128173828 270
1747417165002 5.579975128173828 270
1747417171023 52.74092483520508 280
1747417171024 52.74092483520508 280
1747417175650 7.194703102111816 290
1747417175650 7.194703102111816 290
1747417179996 6.3677520751953125 300
1747417179997 6.3677520751953125 300
1747417184319 3.2701191902160645 310
1747417184321 3.2701191902160645 310
1747417188668 9.671042442321777 320
1747417188668 9.671042442321777 320
1747417193016 11.968587875366211 330
1747417193016 11.968587875366211 330
1747417197359 9.418018341064453 340
1747417197359 9.418018341064453 340
1747417201732 0.30817997455596924 350
1747417201732 0.30817997455596924 350
1747417210358 7.150043964385986 360
1747417210358 7.150043964385986 360
1747417214724 1.8618392944335938 370
1747417214724 1.8618392944335938 370
1747417220641 0.39851704239845276 380
1747417220642 0.39851704239845276 380
1747417228109 0.4661375880241394 390
1747417228109 0.4661375880241394 390
1747417232326 3.8230907917022705 400
1747417232326 3.8230907917022705 400
1747417236626 25.031326293945312 410
1747417236626 25.031326293945312 410
1747417240898 0.13721372187137604 420
1747417240897 0.13721372187137604 420
1747417246896 1.2811803817749023 430
1747417246897 1.2811803817749023 430
1747417251208 0.04682929813861847 440
1747417251208 0.04682929813861847 440
