1747417037337 4.943820224719101e-05 10
1747417037338 4.943820224719101e-05 10
1747417041532 4.8876404494382024e-05 20
1747417041532 4.8876404494382024e-05 20
1747417045723 4.831460674157304e-05 30
1747417045723 4.831460674157304e-05 30
1747417050017 4.7752808988764046e-05 40
1747417050017 4.7752808988764046e-05 40
1747417054208 4.719101123595506e-05 50
1747417054208 4.719101123595506e-05 50
1747417058533 4.662921348314607e-05 60
1747417058533 4.662921348314607e-05 60
1747417062738 4.606741573033708e-05 70
1747417062737 4.606741573033708e-05 70
1747417067171 4.550561797752809e-05 80
1747417067174 4.550561797752809e-05 80
1747417077151 4.4943820224719104e-05 90
1747417077151 4.4943820224719104e-05 90
1747417081489 4.438202247191011e-05 100
1747417081490 4.438202247191011e-05 100
1747417085848 4.3820224719101126e-05 110
1747417085849 4.3820224719101126e-05 110
1747417090135 4.3258426966292134e-05 120
1747417090135 4.3258426966292134e-05 120
1747417094478 4.269662921348315e-05 130
1747417094478 4.269662921348315e-05 130
1747417098784 4.2134831460674156e-05 140
1747417098783 4.2134831460674156e-05 140
1747417103113 4.157303370786517e-05 150
1747417103112 4.157303370786517e-05 150
1747417107502 4.1011235955056184e-05 160
1747417107502 4.1011235955056184e-05 160
1747417111976 4.044943820224719e-05 170
1747417111977 4.044943820224719e-05 170
1747417120636 3.98876404494382e-05 180
1747417120636 3.98876404494382e-05 180
1747417125053 3.9325842696629214e-05 190
1747417125053 3.9325842696629214e-05 190
1747417129367 3.876404494382023e-05 200
1747417129370 3.876404494382023e-05 200
1747417133673 3.8202247191011236e-05 210
1747417133673 3.8202247191011236e-05 210
1747417137882 3.764044943820225e-05 220
1747417137883 3.764044943820225e-05 220
1747417143753 3.7078651685393264e-05 230
1747417143755 3.7078651685393264e-05 230
1747417147938 3.651685393258427e-05 240
1747417147938 3.651685393258427e-05 240
1747417152151 3.595505617977528e-05 250
1747417152152 3.595505617977528e-05 250
1747417156388 3.5393258426966294e-05 260
1747417156388 3.5393258426966294e-05 260
1747417165001 3.483146067415731e-05 270
1747417165002 3.483146067415731e-05 270
1747417171023 3.4269662921348316e-05 280
1747417171024 3.4269662921348316e-05 280
1747417175650 3.370786516853933e-05 290
1747417175650 3.370786516853933e-05 290
1747417179996 3.314606741573034e-05 300
1747417179997 3.314606741573034e-05 300
1747417184319 3.258426966292135e-05 310
1747417184321 3.258426966292135e-05 310
1747417188668 3.202247191011236e-05 320
1747417188668 3.202247191011236e-05 320
1747417193016 3.1460674157303374e-05 330
1747417193016 3.1460674157303374e-05 330
1747417197359 3.089887640449438e-05 340
1747417197359 3.089887640449438e-05 340
1747417201732 3.0337078651685396e-05 350
1747417201732 3.0337078651685396e-05 350
1747417210358 2.9775280898876406e-05 360
1747417210358 2.9775280898876406e-05 360
1747417214724 2.9213483146067417e-05 370
1747417214724 2.9213483146067417e-05 370
1747417220641 2.8651685393258425e-05 380
1747417220642 2.8651685393258425e-05 380
1747417228109 2.8089887640449443e-05 390
1747417228109 2.8089887640449443e-05 390
1747417232326 2.752808988764045e-05 400
1747417232326 2.752808988764045e-05 400
1747417236626 2.696629213483146e-05 410
1747417236626 2.696629213483146e-05 410
1747417240898 2.6404494382022472e-05 420
1747417240897 2.6404494382022472e-05 420
1747417246896 2.5842696629213486e-05 430
1747417246897 2.5842696629213486e-05 430
1747417251208 2.5280898876404497e-05 440
1747417251208 2.5280898876404497e-05 440
