1747417037337 1.6125 10
1747417037338 1.6125 10
1747417041532 0.6889 20
1747417041532 0.6889 20
1747417045723 0.6234 30
1747417045723 0.6234 30
1747417050017 0.6219 40
1747417050017 0.6219 40
1747417054208 0.5096 50
1747417054208 0.5096 50
1747417058533 0.5251 60
1747417058533 0.5251 60
1747417062738 0.4314 70
1747417062737 0.4314 70
1747417067171 0.4106 80
1747417067174 0.4106 80
1747417077151 0.4439 90
1747417077151 0.4439 90
1747417081489 0.3208 100
1747417081490 0.3208 100
1747417085848 0.2644 110
1747417085849 0.2644 110
1747417090135 0.3851 120
1747417090135 0.3851 120
1747417094478 0.4038 130
1747417094478 0.4038 130
1747417098783 0.3173 140
1747417098784 0.3173 140
1747417103112 0.2465 150
1747417103113 0.2465 150
1747417107502 0.2887 160
1747417107502 0.2887 160
1747417111976 0.3148 170
1747417111977 0.3148 170
1747417120636 0.351 180
1747417120636 0.351 180
1747417125053 0.161 190
1747417125053 0.161 190
1747417129367 0.2195 200
1747417129370 0.2195 200
1747417133673 0.1316 210
1747417133673 0.1316 210
1747417137882 0.2176 220
1747417137883 0.2176 220
1747417143753 0.1369 230
1747417143755 0.1369 230
1747417147938 0.319 240
1747417147938 0.319 240
1747417152151 0.1919 250
1747417152152 0.1919 250
1747417156388 0.1465 260
1747417156388 0.1465 260
1747417165001 0.1906 270
1747417165002 0.1906 270
1747417171023 0.1282 280
1747417171024 0.1282 280
1747417175650 0.0386 290
1747417175650 0.0386 290
1747417179996 0.1147 300
1747417179997 0.1147 300
1747417184319 0.0541 310
1747417184321 0.0541 310
1747417188668 0.3523 320
1747417188668 0.3523 320
1747417193016 0.1368 330
1747417193016 0.1368 330
1747417197359 0.1667 340
1747417197359 0.1667 340
1747417201732 0.0245 350
1747417201732 0.0245 350
1747417210358 0.1154 360
1747417210358 0.1154 360
1747417214724 0.0757 370
1747417214724 0.0757 370
1747417220641 0.0179 380
1747417220642 0.0179 380
1747417228109 0.0769 390
1747417228109 0.0769 390
1747417232326 0.0242 400
1747417232326 0.0242 400
1747417236626 0.0758 410
1747417236626 0.0758 410
1747417240898 0.0093 420
1747417240897 0.0093 420
1747417246896 0.1119 430
1747417246897 0.1119 430
1747417251208 0.0021 440
1747417251208 0.0021 440
