1747229625883 0.5555555555555556 10
1747229625884 0.5555555555555556 10
1747229633664 1.0 18
1747229633664 1.0 18
1747229636875 1.1111111111111112 20
1747229636876 1.1111111111111112 20
1747229645562 1.6666666666666665 30
1747229645563 1.6666666666666665 30
1747229654720 2.0 36
1747229654721 2.0 36
1747229660584 2.2222222222222223 40
1747229660589 2.2222222222222223 40
1747229674512 2.7777777777777777 50
1747229674512 2.7777777777777777 50
1747229678710 3.0 54
1747229678710 3.0 54
1747229685059 3.3333333333333335 60
1747229685060 3.3333333333333335 60
1747229698209 3.888888888888889 70
1747229698211 3.888888888888889 70
1747229700648 4.0 72
1747229700649 4.0 72
1747229711879 4.444444444444445 80
1747229711880 4.444444444444445 80
1747229721779 5.0 90
1747229721780 5.0 90
1747229722750 5.0 90
1747229722750 5.0 90
1747229735846 5.555555555555555 100
1747229735847 5.555555555555555 100
1747229748160 6.0 108
1747229748161 6.0 108
1747229751265 6.111111111111111 110
1747229751267 6.111111111111111 110
1747229762923 6.666666666666667 120
1747229762924 6.666666666666667 120
1747229770258 7.0 126
1747229770259 7.0 126
1747229774954 7.222222222222222 130
1747229774955 7.222222222222222 130
1747229786516 7.777777777777778 140
1747229786515 7.777777777777778 140
1747229792206 8.0 144
1747229792206 8.0 144
1747229801801 8.333333333333334 150
1747229801802 8.333333333333334 150
1747229816558 8.88888888888889 160
1747229816559 8.88888888888889 160
1747229819023 9.0 162
1747229819023 9.0 162
1747229820402 9.0 162
1747229820402 9.0 162
