1747229625883 2.3506784439086914 10
1747229625884 2.3506784439086914 10
1747229636875 10.922133445739746 20
1747229636876 10.922133445739746 20
1747229645562 1.8841553926467896 30
1747229645563 1.8841553926467896 30
1747229660584 2.214003086090088 40
1747229660589 2.214003086090088 40
1747229674512 3.612480878829956 50
1747229674512 3.612480878829956 50
1747229685059 3.491903781890869 60
1747229685060 3.491903781890869 60
1747229698209 8.547168731689453 70
1747229698211 8.547168731689453 70
1747229711879 4.410492897033691 80
1747229711880 4.410492897033691 80
1747229721779 7.5159101486206055 90
1747229721780 7.5159101486206055 90
1747229735846 5.480496883392334 100
1747229735847 5.480496883392334 100
1747229751265 3.550495147705078 110
1747229751267 3.550495147705078 110
1747229762923 25.891801834106445 120
1747229762924 25.891801834106445 120
1747229774954 54.599456787109375 130
1747229774955 54.599456787109375 130
1747229786516 7.421167850494385 140
1747229786515 7.421167850494385 140
1747229801801 0.39403170347213745 150
1747229801802 0.39403170347213745 150
1747229816558 0.10704174637794495 160
1747229816559 0.10704174637794495 160
