1747229625883 4.722222222222222e-05 10
1747229625884 4.722222222222222e-05 10
1747229636875 4.4444444444444447e-05 20
1747229636876 4.4444444444444447e-05 20
1747229645562 4.166666666666667e-05 30
1747229645563 4.166666666666667e-05 30
1747229660584 3.888888888888889e-05 40
1747229660589 3.888888888888889e-05 40
1747229674512 3.611111111111111e-05 50
1747229674512 3.611111111111111e-05 50
1747229685059 3.3333333333333335e-05 60
1747229685060 3.3333333333333335e-05 60
1747229698209 3.055555555555556e-05 70
1747229698211 3.055555555555556e-05 70
1747229711879 2.777777777777778e-05 80
1747229711880 2.777777777777778e-05 80
1747229721779 2.5e-05 90
1747229721780 2.5e-05 90
1747229735846 2.2222222222222223e-05 100
1747229735847 2.2222222222222223e-05 100
1747229751265 1.9444444444444445e-05 110
1747229751267 1.9444444444444445e-05 110
1747229762923 1.6666666666666667e-05 120
1747229762924 1.6666666666666667e-05 120
1747229774954 1.388888888888889e-05 130
1747229774955 1.388888888888889e-05 130
1747229786516 1.1111111111111112e-05 140
1747229786515 1.1111111111111112e-05 140
1747229801801 8.333333333333334e-06 150
1747229801802 8.333333333333334e-06 150
1747229816558 5.555555555555556e-06 160
1747229816559 5.555555555555556e-06 160
