1747229625883 0.7027 10
1747229625884 0.7027 10
1747229636875 0.6922 20
1747229636876 0.6922 20
1747229645562 0.6547 30
1747229645563 0.6547 30
1747229660584 0.683 40
1747229660589 0.683 40
1747229674512 0.6534 50
1747229674512 0.6534 50
1747229685059 0.705 60
1747229685060 0.705 60
1747229698209 0.6765 70
1747229698211 0.6765 70
1747229711879 0.6336 80
1747229711880 0.6336 80
1747229721779 0.5858 90
1747229721780 0.5858 90
1747229735846 0.5383 100
1747229735847 0.5383 100
1747229751265 0.4026 110
1747229751267 0.4026 110
1747229762923 0.1874 120
1747229762924 0.1874 120
1747229774954 0.1194 130
1747229774955 0.1194 130
1747229786516 0.0786 140
1747229786515 0.0786 140
1747229801801 0.0087 150
1747229801802 0.0087 150
1747229816558 0.0353 160
1747229816559 0.0353 160
