1746805541354 0.056179775280898875 10
1746805541354 0.056179775280898875 10
1746805551217 0.11235955056179775 20
1746805551219 0.11235955056179775 20
1746805562473 0.16853932584269662 30
1746805562474 0.16853932584269662 30
1746805572219 0.2247191011235955 40
1746805572220 0.2247191011235955 40
1746805581945 0.2808988764044944 50
1746805581945 0.2808988764044944 50
1746805590170 0.33707865168539325 60
1746805590172 0.33707865168539325 60
1746805598484 0.39325842696629215 70
1746805598485 0.39325842696629215 70
1746805606801 0.449438202247191 80
1746805606803 0.449438202247191 80
1746805616691 0.5056179775280899 90
1746805616691 0.5056179775280899 90
1746805625049 0.5617977528089888 100
1746805625049 0.5617977528089888 100
1746805641561 0.6179775280898876 110
1746805641565 0.6179775280898876 110
1746805654913 0.6741573033707865 120
1746805654914 0.6741573033707865 120
1746805665051 0.7303370786516854 130
1746805665052 0.7303370786516854 130
1746805673380 0.7865168539325843 140
1746805673381 0.7865168539325843 140
1746805686680 0.8426966292134831 150
1746805686681 0.8426966292134831 150
1746805696561 0.898876404494382 160
1746805696562 0.898876404494382 160
1746805706674 0.9550561797752809 170
1746805706674 0.9550561797752809 170
