1746805541354 11.217782020568848 10
1746805541354 11.217782020568848 10
1746805551217 7.45569372177124 20
1746805551219 7.45569372177124 20
1746805562473 4.3168253898620605 30
1746805562474 4.3168253898620605 30
1746805572219 3.812138319015503 40
1746805572220 3.812138319015503 40
1746805581945 4.192895412445068 50
1746805581945 4.192895412445068 50
1746805590170 6.172829627990723 60
1746805590172 6.172829627990723 60
1746805598484 4.89998722076416 70
1746805598485 4.89998722076416 70
1746805606801 7.262207508087158 80
1746805606803 7.262207508087158 80
1746805616691 2.3855466842651367 90
1746805616691 2.3855466842651367 90
1746805625049 6.101140022277832 100
1746805625049 6.101140022277832 100
1746805641561 12.84982967376709 110
1746805641565 12.84982967376709 110
1746805654913 2.500687599182129 120
1746805654914 2.500687599182129 120
1746805665051 2.1377663612365723 130
1746805665052 2.1377663612365723 130
1746805673380 3.749988079071045 140
1746805673381 3.749988079071045 140
1746805686680 68.40339660644531 150
1746805686681 68.40339660644531 150
1746805696561 4.065680503845215 160
1746805696562 4.065680503845215 160
1746805706674 2.9876227378845215 170
1746805706674 2.9876227378845215 170
