1746805541354 4.971910112359551e-05 10
1746805541354 4.971910112359551e-05 10
1746805551217 4.943820224719101e-05 20
1746805551219 4.943820224719101e-05 20
1746805562473 4.915730337078652e-05 30
1746805562474 4.915730337078652e-05 30
1746805572219 4.8876404494382024e-05 40
1746805572220 4.8876404494382024e-05 40
1746805581945 4.859550561797753e-05 50
1746805581945 4.859550561797753e-05 50
1746805590170 4.831460674157304e-05 60
1746805590172 4.831460674157304e-05 60
1746805598484 4.803370786516854e-05 70
1746805598485 4.803370786516854e-05 70
1746805606801 4.7752808988764046e-05 80
1746805606803 4.7752808988764046e-05 80
1746805616691 4.747191011235955e-05 90
1746805616691 4.747191011235955e-05 90
1746805625049 4.719101123595506e-05 100
1746805625049 4.719101123595506e-05 100
1746805641561 4.691011235955056e-05 110
1746805641565 4.691011235955056e-05 110
1746805654913 4.662921348314607e-05 120
1746805654914 4.662921348314607e-05 120
1746805665051 4.6348314606741575e-05 130
1746805665052 4.6348314606741575e-05 130
1746805673380 4.606741573033708e-05 140
1746805673381 4.606741573033708e-05 140
1746805686680 4.578651685393259e-05 150
1746805686681 4.578651685393259e-05 150
1746805696561 4.550561797752809e-05 160
1746805696562 4.550561797752809e-05 160
1746805706674 4.52247191011236e-05 170
1746805706674 4.52247191011236e-05 170
