1746805541354 0.6375 10
1746805541354 0.6375 10
1746805551217 0.6088 20
1746805551219 0.6088 20
1746805562473 0.6611 30
1746805562474 0.6611 30
1746805572219 0.6791 40
1746805572220 0.6791 40
1746805581945 0.6129 50
1746805581945 0.6129 50
1746805590170 0.6363 60
1746805590172 0.6363 60
1746805598484 0.6516 70
1746805598485 0.6516 70
1746805606801 0.6723 80
1746805606803 0.6723 80
1746805616691 0.6504 90
1746805616691 0.6504 90
1746805625049 0.7488 100
1746805625049 0.7488 100
1746805641561 0.6993 110
1746805641565 0.6993 110
1746805654913 0.6263 120
1746805654914 0.6263 120
1746805665051 0.6358 130
1746805665052 0.6358 130
1746805673380 0.6211 140
1746805673381 0.6211 140
1746805686680 0.5712 150
1746805686681 0.5712 150
1746805696561 0.6953 160
1746805696562 0.6953 160
1746805706674 0.6798 170
1746805706674 0.6798 170
