1747396034902 0.0228310502283105 10
1747396034901 0.0228310502283105 10
1747396036879 0.045662100456621 20
1747396036879 0.045662100456621 20
1747396038766 0.0684931506849315 30
1747396038766 0.0684931506849315 30
1747396040687 0.091324200913242 40
1747396040689 0.091324200913242 40
1747396042674 0.1141552511415525 50
1747396042675 0.1141552511415525 50
1747396044722 0.136986301369863 60
1747396044723 0.136986301369863 60
1747396046670 0.1598173515981735 70
1747396046670 0.1598173515981735 70
1747396048615 0.182648401826484 80
1747396048616 0.182648401826484 80
1747396050542 0.2054794520547945 90
1747396050541 0.2054794520547945 90
1747396052569 0.228310502283105 100
1747396052570 0.228310502283105 100
1747396054568 0.2511415525114155 110
1747396056528 0.273972602739726 120
1747396056529 0.273972602739726 120
1747396058493 0.2968036529680365 130
1747396058494 0.2968036529680365 130
1747396060482 0.319634703196347 140
1747396060483 0.319634703196347 140
1747396062464 0.3424657534246575 150
1747396062465 0.3424657534246575 150
1747396064412 0.365296803652968 160
1747396064413 0.365296803652968 160
1747396066368 0.3881278538812785 170
1747396066369 0.3881278538812785 170
1747396068337 0.410958904109589 180
1747396068337 0.410958904109589 180
1747396070287 0.4337899543378995 190
1747396070288 0.4337899543378995 190
1747396072299 0.45662100456621 200
1747396072300 0.45662100456621 200
1747396074266 0.4794520547945205 210
1747396074268 0.4794520547945205 210
1747396076262 0.502283105022831 220
1747396076263 0.502283105022831 220
1747396079950 0.5251141552511416 230
1747396079954 0.5251141552511416 230
1747396081978 0.547945205479452 240
1747396081977 0.547945205479452 240
1747396083954 0.5707762557077626 250
1747396083955 0.5707762557077626 250
1747396085929 0.593607305936073 260
1747396085927 0.593607305936073 260
1747396087924 0.6164383561643836 270
1747396087925 0.6164383561643836 270
1747396089919 0.639269406392694 280
1747396089920 0.639269406392694 280
1747396091919 0.6621004566210046 290
1747396091918 0.6621004566210046 290
1747396093925 0.684931506849315 300
1747396093927 0.684931506849315 300
1747396095944 0.7077625570776256 310
1747396095945 0.7077625570776256 310
1747396097916 0.730593607305936 320
1747396097917 0.730593607305936 320
1747396099900 0.7534246575342466 330
1747396099901 0.7534246575342466 330
1747396101942 0.776255707762557 340
1747396101943 0.776255707762557 340
1747396103956 0.7990867579908676 350
1747396103957 0.7990867579908676 350
1747396105962 0.821917808219178 360
1747396105963 0.821917808219178 360
1747396108010 0.8447488584474886 370
1747396108012 0.8447488584474886 370
1747396110062 0.867579908675799 380
1747396110063 0.867579908675799 380
1747396113825 0.8904109589041096 390
1747396113827 0.8904109589041096 390
1747396115846 0.91324200913242 400
1747396115847 0.91324200913242 400
1747396117874 0.9360730593607306 410
1747396117875 0.9360730593607306 410
1747396119888 0.958904109589041 420
1747396119889 0.958904109589041 420
1747396121913 0.9817351598173516 430
1747396121914 0.9817351598173516 430
1747396129482 1.0 438
1747396129483 1.0 438
1747396131443 1.004566210045662 440
1747396131444 1.004566210045662 440
1747396133542 1.0273972602739727 450
1747396133543 1.0273972602739727 450
1747396135565 1.0502283105022832 460
1747396135564 1.0502283105022832 460
1747396137587 1.0730593607305936 470
1747396137588 1.0730593607305936 470
1747396139623 1.095890410958904 480
1747396139624 1.095890410958904 480
1747396141635 1.1187214611872145 490
1747396141636 1.1187214611872145 490
1747396143630 1.1415525114155252 500
1747396143631 1.1415525114155252 500
1747396145647 1.1643835616438356 510
1747396145648 1.1643835616438356 510
1747396147712 1.187214611872146 520
1747396147713 1.187214611872146 520
1747396151353 1.2100456621004567 530
1747396151355 1.2100456621004567 530
1747396153355 1.2328767123287672 540
1747396153356 1.2328767123287672 540
1747396155355 1.2557077625570776 550
1747396155356 1.2557077625570776 550
1747396157367 1.278538812785388 560
1747396157369 1.278538812785388 560
1747396159407 1.3013698630136985 570
1747396159409 1.3013698630136985 570
1747396161510 1.3242009132420092 580
1747396161511 1.3242009132420092 580
1747396163595 1.3470319634703196 590
1747396163597 1.3470319634703196 590
1747396165637 1.36986301369863 600
1747396165638 1.36986301369863 600
1747396167667 1.3926940639269407 610
1747396167668 1.3926940639269407 610
1747396169730 1.4155251141552512 620
1747396169731 1.4155251141552512 620
1747396171796 1.4383561643835616 630
1747396171795 1.4383561643835616 630
1747396173867 1.461187214611872 640
1747396173868 1.461187214611872 640
1747396175932 1.4840182648401825 650
1747396175933 1.4840182648401825 650
1747396177996 1.5068493150684932 660
1747396177998 1.5068493150684932 660
1747396180086 1.5296803652968036 670
1747396180087 1.5296803652968036 670
1747396182143 1.5525114155251143 680
1747396182145 1.5525114155251143 680
1747396184203 1.5753424657534247 690
1747396184205 1.5753424657534247 690
1747396186263 1.5981735159817352 700
1747396186265 1.5981735159817352 700
1747396188348 1.6210045662100456 710
1747396188349 1.6210045662100456 710
1747396190435 1.643835616438356 720
1747396190436 1.643835616438356 720
1747396192521 1.6666666666666665 730
1747396192523 1.6666666666666665 730
1747396194572 1.6894977168949772 740
1747396194573 1.6894977168949772 740
1747396196651 1.7123287671232876 750
1747396196652 1.7123287671232876 750
1747396198714 1.7351598173515983 760
1747396198715 1.7351598173515983 760
1747396200818 1.7579908675799087 770
1747396200819 1.7579908675799087 770
1747396202906 1.7808219178082192 780
1747396202907 1.7808219178082192 780
1747396204981 1.8036529680365296 790
1747396204983 1.8036529680365296 790
1747396207048 1.82648401826484 800
1747396207048 1.82648401826484 800
1747396209087 1.8493150684931505 810
1747396209087 1.8493150684931505 810
1747396211149 1.8721461187214612 820
1747396211150 1.8721461187214612 820
1747396213218 1.8949771689497716 830
1747396213219 1.8949771689497716 830
1747396215236 1.9178082191780823 840
1747396215236 1.9178082191780823 840
1747396217276 1.9406392694063928 850
1747396217277 1.9406392694063928 850
1747396219287 1.9634703196347032 860
1747396219288 1.9634703196347032 860
1747396221319 1.9863013698630136 870
1747396221320 1.9863013698630136 870
1747396228615 2.0 876
1747396228616 2.0 876
1747396230962 2.009132420091324 880
1747396230963 2.009132420091324 880
1747396233012 2.0319634703196345 890
1747396233013 2.0319634703196345 890
1747396235079 2.0547945205479454 900
1747396235080 2.0547945205479454 900
1747396237115 2.077625570776256 910
1747396237116 2.077625570776256 910
1747396239200 2.1004566210045663 920
1747396239201 2.1004566210045663 920
1747396241342 2.1232876712328768 930
1747396241346 2.1232876712328768 930
1747396243525 2.146118721461187 940
1747396243527 2.146118721461187 940
1747396245642 2.1689497716894977 950
1747396245641 2.1689497716894977 950
1747396251170 2.191780821917808 960
1747396251171 2.191780821917808 960
1747396253266 2.2146118721461185 970
1747396253267 2.2146118721461185 970
1747396255347 2.237442922374429 980
1747396255348 2.237442922374429 980
1747396257377 2.26027397260274 990
1747396257378 2.26027397260274 990
1747396259404 2.2831050228310503 1000
1747396259406 2.2831050228310503 1000
1747396261521 2.3059360730593608 1010
1747396261522 2.3059360730593608 1010
1747396263566 2.328767123287671 1020
1747396263567 2.328767123287671 1020
1747396265640 2.3515981735159817 1030
1747396265641 2.3515981735159817 1030
1747396269457 2.374429223744292 1040
1747396269458 2.374429223744292 1040
1747396271516 2.3972602739726026 1050
1747396271517 2.3972602739726026 1050
1747396273544 2.4200913242009134 1060
1747396273546 2.4200913242009134 1060
1747396275669 2.442922374429224 1070
1747396275670 2.442922374429224 1070
1747396277737 2.4657534246575343 1080
1747396277738 2.4657534246575343 1080
1747396279865 2.4885844748858448 1090
1747396279867 2.4885844748858448 1090
1747396282007 2.5114155251141552 1100
1747396282009 2.5114155251141552 1100
1747396284078 2.5342465753424657 1110
1747396284080 2.5342465753424657 1110
1747396286181 2.557077625570776 1120
1747396286183 2.557077625570776 1120
1747396288256 2.5799086757990866 1130
1747396288257 2.5799086757990866 1130
1747396290330 2.602739726027397 1140
1747396290332 2.602739726027397 1140
1747396292355 2.625570776255708 1150
1747396292356 2.625570776255708 1150
1747396294501 2.6484018264840183 1160
1747396294502 2.6484018264840183 1160
1747396296581 2.671232876712329 1170
1747396296582 2.671232876712329 1170
1747396298631 2.6940639269406392 1180
1747396298632 2.6940639269406392 1180
1747396300749 2.7168949771689497 1190
1747396300750 2.7168949771689497 1190
1747396302881 2.73972602739726 1200
1747396302883 2.73972602739726 1200
1747396304977 2.762557077625571 1210
1747396304978 2.762557077625571 1210
1747396307071 2.7853881278538815 1220
1747396307073 2.7853881278538815 1220
1747396309108 2.808219178082192 1230
1747396309109 2.808219178082192 1230
1747396312874 2.8310502283105023 1240
1747396312875 2.8310502283105023 1240
1747396314944 2.853881278538813 1250
1747396314946 2.853881278538813 1250
1747396317060 2.8767123287671232 1260
1747396317061 2.8767123287671232 1260
1747396319132 2.8995433789954337 1270
1747396319133 2.8995433789954337 1270
1747396321213 2.922374429223744 1280
1747396321214 2.922374429223744 1280
1747396323316 2.9452054794520546 1290
1747396323317 2.9452054794520546 1290
1747396325379 2.968036529680365 1300
1747396325381 2.968036529680365 1300
1747396327516 2.990867579908676 1310
1747396327518 2.990867579908676 1310
1747396334526 3.0 1314
1747396334527 3.0 1314
1747396337748 3.0136986301369864 1320
1747396337749 3.0136986301369864 1320
1747396339821 3.036529680365297 1330
1747396339819 3.036529680365297 1330
1747396341869 3.0593607305936072 1340
1747396341871 3.0593607305936072 1340
1747396343909 3.0821917808219177 1350
1747396343910 3.0821917808219177 1350
1747396345978 3.105022831050228 1360
1747396345979 3.105022831050228 1360
1747396348051 3.127853881278539 1370
1747396348050 3.127853881278539 1370
1747396350094 3.1506849315068495 1380
1747396350095 3.1506849315068495 1380
1747396352176 3.17351598173516 1390
1747396352177 3.17351598173516 1390
1747396354327 3.1963470319634704 1400
1747396354329 3.1963470319634704 1400
1747396356384 3.219178082191781 1410
1747396356385 3.219178082191781 1410
1747396358511 3.2420091324200913 1420
1747396358512 3.2420091324200913 1420
1747396360602 3.2648401826484017 1430
1747396360602 3.2648401826484017 1430
1747396362718 3.287671232876712 1440
1747396362720 3.287671232876712 1440
1747396364835 3.3105022831050226 1450
1747396364836 3.3105022831050226 1450
1747396366927 3.3333333333333335 1460
1747396366927 3.3333333333333335 1460
1747396370766 3.356164383561644 1470
1747396370770 3.356164383561644 1470
1747396372860 3.3789954337899544 1480
1747396372861 3.3789954337899544 1480
1747396374958 3.401826484018265 1490
1747396374959 3.401826484018265 1490
1747396377051 3.4246575342465753 1500
1747396377052 3.4246575342465753 1500
1747396379152 3.4474885844748857 1510
1747396379154 3.4474885844748857 1510
1747396381292 3.470319634703196 1520
1747396381291 3.470319634703196 1520
1747396383403 3.493150684931507 1530
1747396383400 3.493150684931507 1530
1747396385513 3.5159817351598175 1540
1747396385516 3.5159817351598175 1540
1747396387629 3.538812785388128 1550
1747396387630 3.538812785388128 1550
1747396389741 3.5616438356164384 1560
1747396389742 3.5616438356164384 1560
1747396391925 3.584474885844749 1570
1747396391927 3.584474885844749 1570
1747396395789 3.6073059360730593 1580
1747396395791 3.6073059360730593 1580
1747396398011 3.6301369863013697 1590
1747396398010 3.6301369863013697 1590
1747396400129 3.65296803652968 1600
1747396400128 3.65296803652968 1600
1747396402260 3.6757990867579906 1610
1747396402261 3.6757990867579906 1610
1747396404375 3.6986301369863015 1620
1747396404376 3.6986301369863015 1620
1747396406541 3.721461187214612 1630
1747396406542 3.721461187214612 1630
1747396408638 3.7442922374429224 1640
1747396408639 3.7442922374429224 1640
1747396410756 3.767123287671233 1650
1747396410758 3.767123287671233 1650
1747396412882 3.7899543378995433 1660
1747396412884 3.7899543378995433 1660
1747396414998 3.8127853881278537 1670
1747396415000 3.8127853881278537 1670
1747396417132 3.8356164383561646 1680
1747396417133 3.8356164383561646 1680
1747396419257 3.858447488584475 1690
1747396419258 3.858447488584475 1690
1747396421350 3.8812785388127855 1700
1747396421352 3.8812785388127855 1700
1747396423484 3.904109589041096 1710
1747396423485 3.904109589041096 1710
1747396425610 3.9269406392694064 1720
1747396425612 3.9269406392694064 1720
1747396427745 3.949771689497717 1730
1747396427747 3.949771689497717 1730
1747396429858 3.9726027397260273 1740
1747396429859 3.9726027397260273 1740
1747396431998 3.9954337899543377 1750
1747396431999 3.9954337899543377 1750
1747396438650 4.0 1752
1747396438651 4.0 1752
1747396442888 4.018264840182648 1760
1747396442892 4.018264840182648 1760
1747396445943 4.041095890410959 1770
1747396445944 4.041095890410959 1770
1747396448005 4.063926940639269 1780
1747396448006 4.063926940639269 1780
1747396450128 4.0867579908675795 1790
1747396450129 4.0867579908675795 1790
1747396452241 4.109589041095891 1800
1747396452242 4.109589041095891 1800
1747396454394 4.132420091324201 1810
1747396454395 4.132420091324201 1810
1747396456464 4.155251141552512 1820
1747396456465 4.155251141552512 1820
1747396458574 4.178082191780822 1830
1747396458575 4.178082191780822 1830
1747396460682 4.200913242009133 1840
1747396460684 4.200913242009133 1840
1747396462785 4.223744292237443 1850
1747396462784 4.223744292237443 1850
1747396464889 4.2465753424657535 1860
1747396464890 4.2465753424657535 1860
1747396466997 4.269406392694064 1870
1747396466998 4.269406392694064 1870
1747396469103 4.292237442922374 1880
1747396469105 4.292237442922374 1880
1747396471205 4.315068493150685 1890
1747396471206 4.315068493150685 1890
1747396474968 4.337899543378995 1900
1747396474969 4.337899543378995 1900
1747396477041 4.360730593607306 1910
1747396477042 4.360730593607306 1910
1747396479152 4.383561643835616 1920
1747396479153 4.383561643835616 1920
1747396481285 4.406392694063927 1930
1747396481284 4.406392694063927 1930
1747396483450 4.429223744292237 1940
1747396483449 4.429223744292237 1940
1747396485552 4.4520547945205475 1950
1747396485551 4.4520547945205475 1950
1747396487607 4.474885844748858 1960
1747396487608 4.474885844748858 1960
1747396489674 4.497716894977169 1970
1747396489675 4.497716894977169 1970
1747396491832 4.52054794520548 1980
1747396491833 4.52054794520548 1980
1747396493956 4.54337899543379 1990
1747396493958 4.54337899543379 1990
1747396496108 4.566210045662101 2000
1747396496109 4.566210045662101 2000
1747396498187 4.589041095890411 2010
1747396498189 4.589041095890411 2010
1747396500268 4.6118721461187215 2020
1747396500270 4.6118721461187215 2020
1747396502492 4.634703196347032 2030
1747396502494 4.634703196347032 2030
1747396504583 4.657534246575342 2040
1747396504584 4.657534246575342 2040
1747396506678 4.680365296803653 2050
1747396506679 4.680365296803653 2050
1747396508793 4.703196347031963 2060
1747396508794 4.703196347031963 2060
1747396510908 4.726027397260274 2070
1747396510909 4.726027397260274 2070
1747396513060 4.748858447488584 2080
1747396513062 4.748858447488584 2080
1747396515157 4.771689497716895 2090
1747396515158 4.771689497716895 2090
1747396517291 4.794520547945205 2100
1747396517289 4.794520547945205 2100
1747396519473 4.817351598173516 2110
1747396519474 4.817351598173516 2110
1747396521645 4.840182648401827 2120
1747396521646 4.840182648401827 2120
1747396523742 4.863013698630137 2130
1747396523743 4.863013698630137 2130
1747396525840 4.885844748858448 2140
1747396525840 4.885844748858448 2140
1747396528099 4.908675799086758 2150
1747396528100 4.908675799086758 2150
1747396530365 4.931506849315069 2160
1747396530366 4.931506849315069 2160
1747396532442 4.954337899543379 2170
1747396532444 4.954337899543379 2170
1747396534507 4.9771689497716896 2180
1747396534508 4.9771689497716896 2180
1747396536490 5.0 2190
1747396536491 5.0 2190
1747396542650 5.0 2190
1747396542649 5.0 2190
1747396544407 5.0 2190
1747396544408 5.0 2190
