1747396034901 2.9793713092803955 10
1747396034902 2.9793713092803955 10
1747396036879 2.6463844776153564 20
1747396036879 2.6463844776153564 20
1747396038766 4.583055019378662 30
1747396038766 4.583055019378662 30
1747396040687 2.426011323928833 40
1747396040689 2.426011323928833 40
1747396042674 0.29672110080718994 50
1747396042675 0.29672110080718994 50
1747396044722 0.46422746777534485 60
1747396044723 0.46422746777534485 60
1747396046670 5.509666919708252 70
1747396046670 5.509666919708252 70
1747396048615 7.00236177444458 80
1747396048616 7.00236177444458 80
1747396050541 1.0138797760009766 90
1747396050542 1.0138797760009766 90
1747396052569 10.502531051635742 100
1747396052570 10.502531051635742 100
1747396054567 2.051398992538452 110
1747396054568 2.051398992538452 110
1747396056528 3.830016613006592 120
1747396056529 3.830016613006592 120
1747396058493 0.3781719505786896 130
1747396058494 0.3781719505786896 130
1747396060482 9.364200592041016 140
1747396060483 9.364200592041016 140
1747396062464 0.07541816681623459 150
1747396062465 0.07541816681623459 150
1747396064412 0.08198817074298859 160
1747396064413 0.08198817074298859 160
1747396066368 1.2381038665771484 170
1747396066369 1.2381038665771484 170
1747396068337 4.109771728515625 180
1747396068337 4.109771728515625 180
1747396070287 0.04115692898631096 190
1747396070288 0.04115692898631096 190
1747396072299 0.03130943328142166 200
1747396072300 0.03130943328142166 200
1747396074266 26.43836784362793 210
1747396074268 26.43836784362793 210
1747396076262 12.538805961608887 220
1747396076263 12.538805961608887 220
1747396079950 1.4497661590576172 230
1747396079954 1.4497661590576172 230
1747396081977 0.04992017522454262 240
1747396081978 0.04992017522454262 240
1747396083954 0.08801621943712234 250
1747396083955 0.08801621943712234 250
1747396085929 1.8565605878829956 260
1747396085927 1.8565605878829956 260
1747396087924 0.10119807720184326 270
1747396087925 0.10119807720184326 270
1747396089919 4.289331436157227 280
1747396089920 4.289331436157227 280
1747396091919 13.702486991882324 290
1747396091918 13.702486991882324 290
1747396093925 15.130965232849121 300
1747396093927 15.130965232849121 300
1747396095944 0.19969762861728668 310
1747396095945 0.19969762861728668 310
1747396097916 9.979265213012695 320
1747396097917 9.979265213012695 320
1747396099900 0.0875081717967987 330
1747396099901 0.0875081717967987 330
1747396101942 0.13378731906414032 340
1747396101943 0.13378731906414032 340
1747396103956 10.873409271240234 350
1747396103957 10.873409271240234 350
1747396105962 0.058245282620191574 360
1747396105963 0.058245282620191574 360
1747396108010 16.14948272705078 370
1747396108012 16.14948272705078 370
1747396110062 0.04704000800848007 380
1747396110063 0.04704000800848007 380
1747396113825 6.398703575134277 390
1747396113827 6.398703575134277 390
1747396115846 0.021182216703891754 400
1747396115847 0.021182216703891754 400
1747396117874 1.4182195663452148 410
1747396117875 1.4182195663452148 410
1747396119888 0.05719979107379913 420
1747396119889 0.05719979107379913 420
1747396121913 3.5448505878448486 430
1747396121914 3.5448505878448486 430
1747396131443 0.12076380103826523 440
1747396131444 0.12076380103826523 440
1747396133542 0.018881341442465782 450
1747396133543 0.018881341442465782 450
1747396135564 0.1314781904220581 460
1747396135565 0.1314781904220581 460
1747396137587 0.014852115884423256 470
1747396137588 0.014852115884423256 470
1747396139623 10.024518013000488 480
1747396139624 10.024518013000488 480
1747396141635 0.013120069168508053 490
1747396141636 0.013120069168508053 490
1747396143630 0.008747220039367676 500
1747396143631 0.008747220039367676 500
1747396145647 0.009081004187464714 510
1747396145648 0.009081004187464714 510
1747396147712 0.010322422720491886 520
1747396147713 0.010322422720491886 520
1747396151353 0.0063502672128379345 530
1747396151355 0.0063502672128379345 530
1747396153355 0.12797239422798157 540
1747396153356 0.12797239422798157 540
1747396155355 0.22520513832569122 550
1747396155356 0.22520513832569122 550
1747396157367 0.005660237744450569 560
1747396157369 0.005660237744450569 560
1747396159407 0.013638813979923725 570
1747396159409 0.013638813979923725 570
1747396161510 0.025067739188671112 580
1747396161511 0.025067739188671112 580
1747396163595 0.011913655325770378 590
1747396163597 0.011913655325770378 590
1747396165637 0.007581080310046673 600
1747396165638 0.007581080310046673 600
1747396167667 0.006011756602674723 610
1747396167668 0.006011756602674723 610
1747396169730 7.7297282218933105 620
1747396169731 7.7297282218933105 620
1747396171796 0.008082904852926731 630
1747396171795 0.008082904852926731 630
1747396173867 0.011627214960753918 640
1747396173868 0.011627214960753918 640
1747396175932 0.01499308180063963 650
1747396175933 0.01499308180063963 650
1747396177996 0.014145245775580406 660
1747396177998 0.014145245775580406 660
1747396180086 0.01754867471754551 670
1747396180087 0.01754867471754551 670
1747396182143 0.009423680603504181 680
1747396182145 0.009423680603504181 680
1747396184203 0.009939339943230152 690
1747396184205 0.009939339943230152 690
1747396186263 0.9258259534835815 700
1747396186265 0.9258259534835815 700
1747396188348 0.0061273518949747086 710
1747396188349 0.0061273518949747086 710
1747396190435 0.023487398400902748 720
1747396190436 0.023487398400902748 720
1747396192521 0.6118064522743225 730
1747396192523 0.6118064522743225 730
1747396194572 0.01380033791065216 740
1747396194573 0.01380033791065216 740
1747396196651 0.04779254272580147 750
1747396196652 0.04779254272580147 750
1747396198714 0.022689297795295715 760
1747396198715 0.022689297795295715 760
1747396200818 0.18786586821079254 770
1747396200819 0.18786586821079254 770
1747396202906 18.0069580078125 780
1747396202907 18.0069580078125 780
1747396204981 0.006388431880623102 790
1747396204983 0.006388431880623102 790
1747396207048 0.007165918592363596 800
1747396207048 0.007165918592363596 800
1747396209087 0.004544306546449661 810
1747396209087 0.004544306546449661 810
1747396211149 0.04161824285984039 820
1747396211150 0.04161824285984039 820
1747396213218 6.146200656890869 830
1747396213219 6.146200656890869 830
1747396215236 0.009912725538015366 840
1747396215236 0.009912725538015366 840
1747396217276 0.011789116077125072 850
1747396217277 0.011789116077125072 850
1747396219287 0.005664901342242956 860
1747396219288 0.005664901342242956 860
1747396221319 0.01705707237124443 870
1747396221320 0.01705707237124443 870
1747396230962 0.0398852601647377 880
1747396230963 0.0398852601647377 880
1747396233012 0.028120409697294235 890
1747396233013 0.028120409697294235 890
1747396235079 0.013901489786803722 900
1747396235080 0.013901489786803722 900
1747396237115 0.036604754626750946 910
1747396237116 0.036604754626750946 910
1747396239200 0.02005758322775364 920
1747396239201 0.02005758322775364 920
1747396241342 0.005056380294263363 930
1747396241346 0.005056380294263363 930
1747396243525 0.005345424637198448 940
1747396243527 0.005345424637198448 940
1747396245642 0.005966101307421923 950
1747396245641 0.005966101307421923 950
1747396251170 0.03930187225341797 960
1747396251171 0.03930187225341797 960
1747396253266 0.003879779251292348 970
1747396253267 0.003879779251292348 970
1747396255347 0.004087303299456835 980
1747396255348 0.004087303299456835 980
1747396257377 0.0038926154375076294 990
1747396257378 0.0038926154375076294 990
1747396259404 0.002882643137127161 1000
1747396259406 0.002882643137127161 1000
1747396261521 0.0043468414805829525 1010
1747396261522 0.0043468414805829525 1010
1747396263566 0.0038487431593239307 1020
1747396263567 0.0038487431593239307 1020
1747396265640 0.03035896085202694 1030
1747396265641 0.03035896085202694 1030
1747396269457 0.038689590990543365 1040
1747396269458 0.038689590990543365 1040
1747396271516 0.0071697416715323925 1050
1747396271517 0.0071697416715323925 1050
1747396273544 27.63852882385254 1060
1747396273546 27.63852882385254 1060
1747396275669 0.005389000289142132 1070
1747396275670 0.005389000289142132 1070
1747396277737 0.003870334941893816 1080
1747396277738 0.003870334941893816 1080
1747396279865 0.004129033535718918 1090
1747396279867 0.004129033535718918 1090
1747396282007 0.003991443198174238 1100
1747396282009 0.003991443198174238 1100
1747396284078 0.002967879408970475 1110
1747396284080 0.002967879408970475 1110
1747396286181 0.0037749006878584623 1120
1747396286183 0.0037749006878584623 1120
1747396288256 7.598593235015869 1130
1747396288257 7.598593235015869 1130
1747396290330 0.004622042179107666 1140
1747396290332 0.004622042179107666 1140
1747396292355 0.010663779452443123 1150
1747396292356 0.010663779452443123 1150
1747396294501 9.859898567199707 1160
1747396294502 9.859898567199707 1160
1747396296581 0.003198502119630575 1170
1747396296582 0.003198502119630575 1170
1747396298631 0.0034454893320798874 1180
1747396298632 0.0034454893320798874 1180
1747396300749 0.05808056518435478 1190
1747396300750 0.05808056518435478 1190
1747396302881 12.16064739227295 1200
1747396302883 12.16064739227295 1200
1747396304977 0.0026797729078680277 1210
1747396304978 0.0026797729078680277 1210
1747396307071 0.0029061543755233288 1220
1747396307073 0.0029061543755233288 1220
1747396309108 0.0018186185043305159 1230
1747396309109 0.0018186185043305159 1230
1747396312874 0.034658290445804596 1240
1747396312875 0.034658290445804596 1240
1747396314944 0.0029723267070949078 1250
1747396314946 0.0029723267070949078 1250
1747396317060 0.00620223255828023 1260
1747396317061 0.00620223255828023 1260
1747396319132 0.058782730251550674 1270
1747396319133 0.058782730251550674 1270
1747396321213 0.0015630237758159637 1280
1747396321214 0.0015630237758159637 1280
1747396323316 0.0017319931648671627 1290
1747396323317 0.0017319931648671627 1290
1747396325379 0.0024705964606255293 1300
1747396325381 0.0024705964606255293 1300
1747396327516 0.004971747286617756 1310
1747396327518 0.004971747286617756 1310
1747396337748 0.002764762146398425 1320
1747396337749 0.002764762146398425 1320
1747396339821 53.00286102294922 1330
1747396339819 53.00286102294922 1330
1747396341869 1.508892297744751 1340
1747396341871 1.508892297744751 1340
1747396343909 0.0017309405375272036 1350
1747396343910 0.0017309405375272036 1350
1747396345978 0.0014527956955134869 1360
1747396345979 0.0014527956955134869 1360
1747396348051 0.0021282434463500977 1370
1747396348050 0.0021282434463500977 1370
1747396350094 0.005744634661823511 1380
1747396350095 0.005744634661823511 1380
1747396352176 1.9259028434753418 1390
1747396352177 1.9259028434753418 1390
1747396354327 0.0029094566125422716 1400
1747396354329 0.0029094566125422716 1400
1747396356384 0.005665963515639305 1410
1747396356385 0.005665963515639305 1410
1747396358511 0.0015505418414250016 1420
1747396358512 0.0015505418414250016 1420
1747396360602 0.0011780774220824242 1430
1747396360602 0.0011780774220824242 1430
1747396362718 0.05831737443804741 1440
1747396362720 0.05831737443804741 1440
1747396364835 0.003714189864695072 1450
1747396364836 0.003714189864695072 1450
1747396366927 0.001463879831135273 1460
1747396366927 0.001463879831135273 1460
1747396370766 35.13214874267578 1470
1747396370770 35.13214874267578 1470
1747396372860 0.0013004360953345895 1480
1747396372861 0.0013004360953345895 1480
1747396374958 0.0022663907147943974 1490
1747396374959 0.0022663907147943974 1490
1747396377051 0.001867717015556991 1500
1747396377052 0.001867717015556991 1500
1747396379152 0.006050491705536842 1510
1747396379154 0.006050491705536842 1510
1747396381292 0.0017386835534125566 1520
1747396381291 0.0017386835534125566 1520
1747396383403 0.0017977571114897728 1530
1747396383400 0.0017977571114897728 1530
1747396385513 0.002044083783403039 1540
1747396385516 0.002044083783403039 1540
1747396387629 7.587851524353027 1550
1747396387630 7.587851524353027 1550
1747396389741 0.0018310843734070659 1560
1747396389742 0.0018310843734070659 1560
1747396391925 0.0016377901192754507 1570
1747396391927 0.0016377901192754507 1570
1747396395789 0.0015848123002797365 1580
1747396395791 0.0015848123002797365 1580
1747396398011 0.001890667132101953 1590
1747396398010 0.001890667132101953 1590
1747396400129 0.0014694820856675506 1600
1747396400128 0.0014694820856675506 1600
1747396402260 0.0017004067776724696 1610
1747396402261 0.0017004067776724696 1610
1747396404375 0.012777520343661308 1620
1747396404376 0.012777520343661308 1620
1747396406541 0.0013680318370461464 1630
1747396406542 0.0013680318370461464 1630
1747396408638 0.002586703049018979 1640
1747396408639 0.002586703049018979 1640
1747396410756 0.0013012421550229192 1650
1747396410758 0.0013012421550229192 1650
1747396412882 0.0011331220157444477 1660
1747396412884 0.0011331220157444477 1660
1747396415000 0.004300548229366541 1670
1747396414998 0.004300548229366541 1670
1747396417132 0.004177439026534557 1680
1747396417133 0.004177439026534557 1680
1747396419257 0.0013173515908420086 1690
1747396419258 0.0013173515908420086 1690
1747396421350 0.0012531245592981577 1700
1747396421352 0.0012531245592981577 1700
1747396423484 0.0013921366771683097 1710
1747396423485 0.0013921366771683097 1710
1747396425610 0.017597628757357597 1720
1747396425612 0.017597628757357597 1720
1747396427745 0.006086656358093023 1730
1747396427747 0.006086656358093023 1730
1747396429858 0.0009988375240936875 1740
1747396429859 0.0009988375240936875 1740
1747396431998 0.0018625255906954408 1750
1747396431999 0.0018625255906954408 1750
1747396442888 0.0011388921411707997 1760
1747396442892 0.0011388921411707997 1760
1747396445943 0.0012193627189844847 1770
1747396445944 0.0012193627189844847 1770
1747396448005 0.000892697717063129 1780
1747396448006 0.000892697717063129 1780
1747396450128 0.001265062252059579 1790
1747396450129 0.001265062252059579 1790
1747396452241 0.0009156402666121721 1800
1747396452242 0.0009156402666121721 1800
1747396454394 0.06879371404647827 1810
1747396454395 0.06879371404647827 1810
1747396456464 0.0019597525242716074 1820
1747396456465 0.0019597525242716074 1820
1747396458574 0.001093847444280982 1830
1747396458575 0.001093847444280982 1830
1747396460682 0.00098662287928164 1840
1747396460684 0.00098662287928164 1840
1747396462784 0.0010904145892709494 1850
1747396462785 0.0010904145892709494 1850
1747396464889 0.0010052433935925364 1860
1747396464890 0.0010052433935925364 1860
1747396466997 0.012839460745453835 1870
1747396466998 0.012839460745453835 1870
1747396469103 0.0006636684411205351 1880
1747396469105 0.0006636684411205351 1880
1747396471205 0.0009925550548359752 1890
1747396471206 0.0009925550548359752 1890
1747396474968 0.0009334529167972505 1900
1747396474969 0.0009334529167972505 1900
1747396477041 0.0030015604570508003 1910
1747396477042 0.0030015604570508003 1910
1747396479152 0.0006921747699379921 1920
1747396479153 0.0006921747699379921 1920
1747396481284 0.0007879525073803961 1930
1747396481285 0.0007879525073803961 1930
1747396483450 0.0007565230480395257 1940
1747396483449 0.0007565230480395257 1940
1747396485552 0.0009359206887893379 1950
1747396485551 0.0009359206887893379 1950
1747396487607 0.0007614280912093818 1960
1747396487608 0.0007614280912093818 1960
1747396489674 0.0007581084500998259 1970
1747396489675 0.0007581084500998259 1970
1747396491832 0.0008928768220357597 1980
1747396491833 0.0008928768220357597 1980
1747396493956 0.0008413597824983299 1990
1747396493958 0.0008413597824983299 1990
1747396496108 0.000691583554726094 2000
1747396496109 0.000691583554726094 2000
1747396498187 0.011869504116475582 2010
1747396498189 0.011869504116475582 2010
1747396500268 0.0014737372985109687 2020
1747396500270 0.0014737372985109687 2020
1747396502492 0.0006934404955245554 2030
1747396502494 0.0006934404955245554 2030
1747396504583 0.0006922268075868487 2040
1747396504584 0.0006922268075868487 2040
1747396506678 0.0007590974564664066 2050
1747396506679 0.0007590974564664066 2050
1747396508793 0.000742937671020627 2060
1747396508794 0.000742937671020627 2060
1747396510908 0.0009536202414892614 2070
1747396510909 0.0009536202414892614 2070
1747396513060 33.7111930847168 2080
1747396513062 33.7111930847168 2080
1747396515157 0.0006530292448587716 2090
1747396515158 0.0006530292448587716 2090
1747396517291 0.0028570061549544334 2100
1747396517289 0.0028570061549544334 2100
1747396519473 0.0007151511963456869 2110
1747396519474 0.0007151511963456869 2110
1747396521645 0.0006352855125442147 2120
1747396521646 0.0006352855125442147 2120
1747396523742 0.0005716949817724526 2130
1747396523743 0.0005716949817724526 2130
1747396525840 0.0006344816065393388 2140
1747396525840 0.0006344816065393388 2140
1747396528099 0.0006355660734698176 2150
1747396528100 0.0006355660734698176 2150
1747396530365 0.0005376272602006793 2160
1747396530366 0.0005376272602006793 2160
1747396532442 0.0009240938816219568 2170
1747396532444 0.0009240938816219568 2170
1747396534507 0.0004933716263622046 2180
1747396534508 0.0004933716263622046 2180
1747396536490 0.0005757938488386571 2190
1747396536491 0.0005757938488386571 2190
