1747396034902 4.988584474885845e-05 10
1747396034901 4.988584474885845e-05 10
1747396036879 4.977168949771689e-05 20
1747396036879 4.977168949771689e-05 20
1747396038766 4.9657534246575346e-05 30
1747396038766 4.9657534246575346e-05 30
1747396040687 4.9543378995433794e-05 40
1747396040689 4.9543378995433794e-05 40
1747396042674 4.942922374429224e-05 50
1747396042675 4.942922374429224e-05 50
1747396044722 4.9315068493150684e-05 60
1747396044723 4.9315068493150684e-05 60
1747396046670 4.920091324200913e-05 70
1747396046670 4.920091324200913e-05 70
1747396048615 4.908675799086758e-05 80
1747396048616 4.908675799086758e-05 80
1747396050542 4.8972602739726034e-05 90
1747396050541 4.8972602739726034e-05 90
1747396052569 4.8858447488584476e-05 100
1747396052570 4.8858447488584476e-05 100
1747396054567 4.8744292237442924e-05 110
1747396054568 4.8744292237442924e-05 110
1747396056528 4.863013698630137e-05 120
1747396056529 4.863013698630137e-05 120
1747396058493 4.851598173515982e-05 130
1747396058494 4.851598173515982e-05 130
1747396060482 4.840182648401827e-05 140
1747396060483 4.840182648401827e-05 140
1747396062464 4.8287671232876716e-05 150
1747396062465 4.8287671232876716e-05 150
1747396064412 4.8173515981735164e-05 160
1747396064413 4.8173515981735164e-05 160
1747396066368 4.805936073059361e-05 170
1747396066369 4.805936073059361e-05 170
1747396068337 4.794520547945205e-05 180
1747396068337 4.794520547945205e-05 180
1747396070287 4.78310502283105e-05 190
1747396070288 4.78310502283105e-05 190
1747396072299 4.7716894977168955e-05 200
1747396072300 4.7716894977168955e-05 200
1747396074266 4.7602739726027403e-05 210
1747396074268 4.7602739726027403e-05 210
1747396076262 4.7488584474885845e-05 220
1747396076263 4.7488584474885845e-05 220
1747396079950 4.737442922374429e-05 230
1747396079954 4.737442922374429e-05 230
1747396081978 4.726027397260274e-05 240
1747396081977 4.726027397260274e-05 240
1747396083954 4.714611872146119e-05 250
1747396083955 4.714611872146119e-05 250
1747396085929 4.703196347031964e-05 260
1747396085927 4.703196347031964e-05 260
1747396087924 4.6917808219178085e-05 270
1747396087925 4.6917808219178085e-05 270
1747396089919 4.680365296803653e-05 280
1747396089920 4.680365296803653e-05 280
1747396091919 4.668949771689498e-05 290
1747396091918 4.668949771689498e-05 290
1747396093925 4.657534246575342e-05 300
1747396093927 4.657534246575342e-05 300
1747396095944 4.646118721461187e-05 310
1747396095945 4.646118721461187e-05 310
1747396097916 4.6347031963470325e-05 320
1747396097917 4.6347031963470325e-05 320
1747396099900 4.623287671232877e-05 330
1747396099901 4.623287671232877e-05 330
1747396101942 4.6118721461187214e-05 340
1747396101943 4.6118721461187214e-05 340
1747396103956 4.600456621004566e-05 350
1747396103957 4.600456621004566e-05 350
1747396105962 4.589041095890411e-05 360
1747396105963 4.589041095890411e-05 360
1747396108010 4.577625570776256e-05 370
1747396108012 4.577625570776256e-05 370
1747396110062 4.5662100456621006e-05 380
1747396110063 4.5662100456621006e-05 380
1747396113825 4.5547945205479454e-05 390
1747396113827 4.5547945205479454e-05 390
1747396115846 4.54337899543379e-05 400
1747396115847 4.54337899543379e-05 400
1747396117874 4.531963470319635e-05 410
1747396117875 4.531963470319635e-05 410
1747396119888 4.520547945205479e-05 420
1747396119889 4.520547945205479e-05 420
1747396121913 4.5091324200913246e-05 430
1747396121914 4.5091324200913246e-05 430
1747396131443 4.4977168949771694e-05 440
1747396131444 4.4977168949771694e-05 440
1747396133542 4.486301369863014e-05 450
1747396133543 4.486301369863014e-05 450
1747396135564 4.474885844748858e-05 460
1747396135565 4.474885844748858e-05 460
1747396137587 4.463470319634703e-05 470
1747396137588 4.463470319634703e-05 470
1747396139623 4.452054794520548e-05 480
1747396139624 4.452054794520548e-05 480
1747396141635 4.4406392694063934e-05 490
1747396141636 4.4406392694063934e-05 490
1747396143630 4.4292237442922375e-05 500
1747396143631 4.4292237442922375e-05 500
1747396145647 4.417808219178082e-05 510
1747396145648 4.417808219178082e-05 510
1747396147712 4.406392694063927e-05 520
1747396147713 4.406392694063927e-05 520
1747396151353 4.394977168949772e-05 530
1747396151355 4.394977168949772e-05 530
1747396153355 4.383561643835617e-05 540
1747396153356 4.383561643835617e-05 540
1747396155355 4.3721461187214615e-05 550
1747396155356 4.3721461187214615e-05 550
1747396157367 4.360730593607306e-05 560
1747396157369 4.360730593607306e-05 560
1747396159407 4.349315068493151e-05 570
1747396159409 4.349315068493151e-05 570
1747396161510 4.337899543378995e-05 580
1747396161511 4.337899543378995e-05 580
1747396163595 4.32648401826484e-05 590
1747396163597 4.32648401826484e-05 590
1747396165637 4.3150684931506855e-05 600
1747396165638 4.3150684931506855e-05 600
1747396167667 4.30365296803653e-05 610
1747396167668 4.30365296803653e-05 610
1747396169730 4.2922374429223744e-05 620
1747396169731 4.2922374429223744e-05 620
1747396171796 4.280821917808219e-05 630
1747396171795 4.280821917808219e-05 630
1747396173867 4.269406392694064e-05 640
1747396173868 4.269406392694064e-05 640
1747396175932 4.257990867579909e-05 650
1747396175933 4.257990867579909e-05 650
1747396177996 4.2465753424657536e-05 660
1747396177998 4.2465753424657536e-05 660
1747396180086 4.2351598173515984e-05 670
1747396180087 4.2351598173515984e-05 670
1747396182143 4.223744292237443e-05 680
1747396182145 4.223744292237443e-05 680
1747396184203 4.212328767123288e-05 690
1747396184205 4.212328767123288e-05 690
1747396186263 4.200913242009132e-05 700
1747396186265 4.200913242009132e-05 700
1747396188348 4.1894977168949776e-05 710
1747396188349 4.1894977168949776e-05 710
1747396190435 4.1780821917808224e-05 720
1747396190436 4.1780821917808224e-05 720
1747396192521 4.166666666666667e-05 730
1747396192523 4.166666666666667e-05 730
1747396194572 4.155251141552511e-05 740
1747396194573 4.155251141552511e-05 740
1747396196651 4.143835616438356e-05 750
1747396196652 4.143835616438356e-05 750
1747396198714 4.132420091324201e-05 760
1747396198715 4.132420091324201e-05 760
1747396200818 4.121004566210046e-05 770
1747396200819 4.121004566210046e-05 770
1747396202906 4.1095890410958905e-05 780
1747396202907 4.1095890410958905e-05 780
1747396204981 4.098173515981735e-05 790
1747396204983 4.098173515981735e-05 790
1747396207048 4.08675799086758e-05 800
1747396207048 4.08675799086758e-05 800
1747396209087 4.075342465753425e-05 810
1747396209087 4.075342465753425e-05 810
1747396211149 4.063926940639269e-05 820
1747396211150 4.063926940639269e-05 820
1747396213218 4.0525114155251145e-05 830
1747396213219 4.0525114155251145e-05 830
1747396215236 4.041095890410959e-05 840
1747396215236 4.041095890410959e-05 840
1747396217276 4.029680365296804e-05 850
1747396217277 4.029680365296804e-05 850
1747396219287 4.018264840182648e-05 860
1747396219288 4.018264840182648e-05 860
1747396221319 4.006849315068493e-05 870
1747396221320 4.006849315068493e-05 870
1747396230962 3.995433789954338e-05 880
1747396230963 3.995433789954338e-05 880
1747396233012 3.984018264840183e-05 890
1747396233013 3.984018264840183e-05 890
1747396235079 3.9726027397260274e-05 900
1747396235080 3.9726027397260274e-05 900
1747396237115 3.961187214611872e-05 910
1747396237116 3.961187214611872e-05 910
1747396239200 3.949771689497717e-05 920
1747396239201 3.949771689497717e-05 920
1747396241342 3.938356164383562e-05 930
1747396241346 3.938356164383562e-05 930
1747396243525 3.9269406392694066e-05 940
1747396243527 3.9269406392694066e-05 940
1747396245642 3.9155251141552514e-05 950
1747396245641 3.9155251141552514e-05 950
1747396251170 3.904109589041096e-05 960
1747396251171 3.904109589041096e-05 960
1747396253266 3.892694063926941e-05 970
1747396253267 3.892694063926941e-05 970
1747396255347 3.881278538812785e-05 980
1747396255348 3.881278538812785e-05 980
1747396257377 3.86986301369863e-05 990
1747396257378 3.86986301369863e-05 990
1747396259404 3.8584474885844754e-05 1000
1747396259406 3.8584474885844754e-05 1000
1747396261521 3.84703196347032e-05 1010
1747396261522 3.84703196347032e-05 1010
1747396263566 3.8356164383561644e-05 1020
1747396263567 3.8356164383561644e-05 1020
1747396265640 3.824200913242009e-05 1030
1747396265641 3.824200913242009e-05 1030
1747396269457 3.812785388127854e-05 1040
1747396269458 3.812785388127854e-05 1040
1747396271516 3.801369863013699e-05 1050
1747396271517 3.801369863013699e-05 1050
1747396273544 3.7899543378995436e-05 1060
1747396273546 3.7899543378995436e-05 1060
1747396275669 3.7785388127853884e-05 1070
1747396275670 3.7785388127853884e-05 1070
1747396277737 3.767123287671233e-05 1080
1747396277738 3.767123287671233e-05 1080
1747396279865 3.755707762557078e-05 1090
1747396279867 3.755707762557078e-05 1090
1747396282007 3.744292237442922e-05 1100
1747396282009 3.744292237442922e-05 1100
1747396284078 3.7328767123287675e-05 1110
1747396284080 3.7328767123287675e-05 1110
1747396286181 3.7214611872146123e-05 1120
1747396286183 3.7214611872146123e-05 1120
1747396288256 3.710045662100457e-05 1130
1747396288257 3.710045662100457e-05 1130
1747396290330 3.698630136986301e-05 1140
1747396290332 3.698630136986301e-05 1140
1747396292355 3.687214611872146e-05 1150
1747396292356 3.687214611872146e-05 1150
1747396294501 3.675799086757991e-05 1160
1747396294502 3.675799086757991e-05 1160
1747396296581 3.664383561643836e-05 1170
1747396296582 3.664383561643836e-05 1170
1747396298631 3.6529680365296805e-05 1180
1747396298632 3.6529680365296805e-05 1180
1747396300749 3.641552511415525e-05 1190
1747396300750 3.641552511415525e-05 1190
1747396302881 3.63013698630137e-05 1200
1747396302883 3.63013698630137e-05 1200
1747396304977 3.618721461187215e-05 1210
1747396304978 3.618721461187215e-05 1210
1747396307071 3.60730593607306e-05 1220
1747396307073 3.60730593607306e-05 1220
1747396309108 3.5958904109589045e-05 1230
1747396309109 3.5958904109589045e-05 1230
1747396312874 3.584474885844749e-05 1240
1747396312875 3.584474885844749e-05 1240
1747396314944 3.573059360730594e-05 1250
1747396314946 3.573059360730594e-05 1250
1747396317060 3.561643835616438e-05 1260
1747396317061 3.561643835616438e-05 1260
1747396319132 3.550228310502283e-05 1270
1747396319133 3.550228310502283e-05 1270
1747396321213 3.538812785388128e-05 1280
1747396321214 3.538812785388128e-05 1280
1747396323316 3.527397260273973e-05 1290
1747396323317 3.527397260273973e-05 1290
1747396325379 3.5159817351598174e-05 1300
1747396325381 3.5159817351598174e-05 1300
1747396327516 3.504566210045662e-05 1310
1747396327518 3.504566210045662e-05 1310
1747396337748 3.493150684931507e-05 1320
1747396337749 3.493150684931507e-05 1320
1747396339821 3.481735159817352e-05 1330
1747396339819 3.481735159817352e-05 1330
1747396341869 3.4703196347031966e-05 1340
1747396341871 3.4703196347031966e-05 1340
1747396343909 3.4589041095890414e-05 1350
1747396343910 3.4589041095890414e-05 1350
1747396345978 3.447488584474886e-05 1360
1747396345979 3.447488584474886e-05 1360
1747396348051 3.436073059360731e-05 1370
1747396348050 3.436073059360731e-05 1370
1747396350094 3.424657534246575e-05 1380
1747396350095 3.424657534246575e-05 1380
1747396352176 3.41324200913242e-05 1390
1747396352177 3.41324200913242e-05 1390
1747396354327 3.4018264840182654e-05 1400
1747396354329 3.4018264840182654e-05 1400
1747396356384 3.39041095890411e-05 1410
1747396356385 3.39041095890411e-05 1410
1747396358511 3.378995433789954e-05 1420
1747396358512 3.378995433789954e-05 1420
1747396360602 3.367579908675799e-05 1430
1747396360602 3.367579908675799e-05 1430
1747396362718 3.356164383561644e-05 1440
1747396362720 3.356164383561644e-05 1440
1747396364835 3.344748858447489e-05 1450
1747396364836 3.344748858447489e-05 1450
1747396366927 3.3333333333333335e-05 1460
1747396366927 3.3333333333333335e-05 1460
1747396370766 3.321917808219178e-05 1470
1747396370770 3.321917808219178e-05 1470
1747396372860 3.310502283105023e-05 1480
1747396372861 3.310502283105023e-05 1480
1747396374958 3.299086757990868e-05 1490
1747396374959 3.299086757990868e-05 1490
1747396377051 3.287671232876712e-05 1500
1747396377052 3.287671232876712e-05 1500
1747396379152 3.2762557077625575e-05 1510
1747396379154 3.2762557077625575e-05 1510
1747396381292 3.264840182648402e-05 1520
1747396381291 3.264840182648402e-05 1520
1747396383403 3.253424657534247e-05 1530
1747396383400 3.253424657534247e-05 1530
1747396385513 3.242009132420091e-05 1540
1747396385516 3.242009132420091e-05 1540
1747396387629 3.230593607305936e-05 1550
1747396387630 3.230593607305936e-05 1550
1747396389741 3.219178082191781e-05 1560
1747396389742 3.219178082191781e-05 1560
1747396391925 3.207762557077626e-05 1570
1747396391927 3.207762557077626e-05 1570
1747396395789 3.1963470319634704e-05 1580
1747396395791 3.1963470319634704e-05 1580
1747396398011 3.184931506849315e-05 1590
1747396398010 3.184931506849315e-05 1590
1747396400129 3.17351598173516e-05 1600
1747396400128 3.17351598173516e-05 1600
1747396402260 3.162100456621005e-05 1610
1747396402261 3.162100456621005e-05 1610
1747396404375 3.1506849315068496e-05 1620
1747396404376 3.1506849315068496e-05 1620
1747396406541 3.1392694063926944e-05 1630
1747396406542 3.1392694063926944e-05 1630
1747396408638 3.127853881278539e-05 1640
1747396408639 3.127853881278539e-05 1640
1747396410756 3.116438356164384e-05 1650
1747396410758 3.116438356164384e-05 1650
1747396412882 3.105022831050228e-05 1660
1747396412884 3.105022831050228e-05 1660
1747396415000 3.093607305936073e-05 1670
1747396414998 3.093607305936073e-05 1670
1747396417132 3.082191780821918e-05 1680
1747396417133 3.082191780821918e-05 1680
1747396419257 3.070776255707763e-05 1690
1747396419258 3.070776255707763e-05 1690
1747396421350 3.059360730593607e-05 1700
1747396421352 3.059360730593607e-05 1700
1747396423484 3.047945205479452e-05 1710
1747396423485 3.047945205479452e-05 1710
1747396425610 3.036529680365297e-05 1720
1747396425612 3.036529680365297e-05 1720
1747396427745 3.025114155251142e-05 1730
1747396427747 3.025114155251142e-05 1730
1747396429858 3.0136986301369862e-05 1740
1747396429859 3.0136986301369862e-05 1740
1747396431998 3.0022831050228313e-05 1750
1747396431999 3.0022831050228313e-05 1750
1747396442888 2.990867579908676e-05 1760
1747396442892 2.990867579908676e-05 1760
1747396445943 2.979452054794521e-05 1770
1747396445944 2.979452054794521e-05 1770
1747396448005 2.9680365296803654e-05 1780
1747396448006 2.9680365296803654e-05 1780
1747396450128 2.9566210045662102e-05 1790
1747396450129 2.9566210045662102e-05 1790
1747396452241 2.945205479452055e-05 1800
1747396452242 2.945205479452055e-05 1800
1747396454394 2.9337899543378998e-05 1810
1747396454395 2.9337899543378998e-05 1810
1747396456464 2.9223744292237442e-05 1820
1747396456465 2.9223744292237442e-05 1820
1747396458574 2.910958904109589e-05 1830
1747396458575 2.910958904109589e-05 1830
1747396460682 2.8995433789954342e-05 1840
1747396460684 2.8995433789954342e-05 1840
1747396462784 2.888127853881279e-05 1850
1747396462785 2.888127853881279e-05 1850
1747396464889 2.8767123287671234e-05 1860
1747396464890 2.8767123287671234e-05 1860
1747396466997 2.8652968036529682e-05 1870
1747396466998 2.8652968036529682e-05 1870
1747396469103 2.853881278538813e-05 1880
1747396469105 2.853881278538813e-05 1880
1747396471205 2.842465753424658e-05 1890
1747396471206 2.842465753424658e-05 1890
1747396474968 2.8310502283105023e-05 1900
1747396474969 2.8310502283105023e-05 1900
1747396477041 2.819634703196347e-05 1910
1747396477042 2.819634703196347e-05 1910
1747396479152 2.808219178082192e-05 1920
1747396479153 2.808219178082192e-05 1920
1747396481285 2.796803652968037e-05 1930
1747396481284 2.796803652968037e-05 1930
1747396483450 2.785388127853881e-05 1940
1747396483449 2.785388127853881e-05 1940
1747396485552 2.7739726027397263e-05 1950
1747396485551 2.7739726027397263e-05 1950
1747396487607 2.762557077625571e-05 1960
1747396487608 2.762557077625571e-05 1960
1747396489674 2.751141552511416e-05 1970
1747396489675 2.751141552511416e-05 1970
1747396491832 2.7397260273972603e-05 1980
1747396491833 2.7397260273972603e-05 1980
1747396493956 2.728310502283105e-05 1990
1747396493958 2.728310502283105e-05 1990
1747396496108 2.71689497716895e-05 2000
1747396496109 2.71689497716895e-05 2000
1747396498187 2.7054794520547947e-05 2010
1747396498189 2.7054794520547947e-05 2010
1747396500268 2.6940639269406392e-05 2020
1747396500270 2.6940639269406392e-05 2020
1747396502492 2.682648401826484e-05 2030
1747396502494 2.682648401826484e-05 2030
1747396504583 2.671232876712329e-05 2040
1747396504584 2.671232876712329e-05 2040
1747396506678 2.659817351598174e-05 2050
1747396506679 2.659817351598174e-05 2050
1747396508793 2.6484018264840184e-05 2060
1747396508794 2.6484018264840184e-05 2060
1747396510908 2.6369863013698632e-05 2070
1747396510909 2.6369863013698632e-05 2070
1747396513060 2.625570776255708e-05 2080
1747396513062 2.625570776255708e-05 2080
1747396515157 2.6141552511415528e-05 2090
1747396515158 2.6141552511415528e-05 2090
1747396517291 2.6027397260273973e-05 2100
1747396517289 2.6027397260273973e-05 2100
1747396519473 2.591324200913242e-05 2110
1747396519474 2.591324200913242e-05 2110
1747396521645 2.579908675799087e-05 2120
1747396521646 2.579908675799087e-05 2120
1747396523742 2.568493150684932e-05 2130
1747396523743 2.568493150684932e-05 2130
1747396525840 2.557077625570776e-05 2140
1747396525840 2.557077625570776e-05 2140
1747396528099 2.5456621004566213e-05 2150
1747396528100 2.5456621004566213e-05 2150
1747396530365 2.534246575342466e-05 2160
1747396530366 2.534246575342466e-05 2160
1747396532442 2.522831050228311e-05 2170
1747396532444 2.522831050228311e-05 2170
1747396534507 2.5114155251141553e-05 2180
1747396534508 2.5114155251141553e-05 2180
1747396536490 2.5e-05 2190
1747396536491 2.5e-05 2190
