1747396034901 0.6112 10
1747396034902 0.6112 10
1747396036879 0.3267 20
1747396036879 0.3267 20
1747396038766 0.1679 30
1747396038766 0.1679 30
1747396040687 0.2194 40
1747396040689 0.2194 40
1747396042674 0.235 50
1747396042675 0.235 50
1747396044722 0.1306 60
1747396044723 0.1306 60
1747396046670 0.1307 70
1747396046670 0.1307 70
1747396048615 0.1488 80
1747396048616 0.1488 80
1747396050541 0.0998 90
1747396050542 0.0998 90
1747396052569 0.1842 100
1747396052570 0.1842 100
1747396054567 0.0825 110
1747396054568 0.0825 110
1747396056528 0.0711 120
1747396056529 0.0711 120
1747396058493 0.0965 130
1747396058494 0.0965 130
1747396060482 0.1077 140
1747396060483 0.1077 140
1747396062464 0.1104 150
1747396062465 0.1104 150
1747396064412 0.046 160
1747396064413 0.046 160
1747396066368 0.1037 170
1747396066369 0.1037 170
1747396068337 0.0549 180
1747396068337 0.0549 180
1747396070287 0.091 190
1747396070288 0.091 190
1747396072299 0.0345 200
1747396072300 0.0345 200
1747396074266 0.1283 210
1747396074268 0.1283 210
1747396076262 0.1237 220
1747396076263 0.1237 220
1747396079950 0.1613 230
1747396079954 0.1613 230
1747396081977 0.0954 240
1747396081978 0.0954 240
1747396083954 0.0656 250
1747396083955 0.0656 250
1747396085929 0.0339 260
1747396085927 0.0339 260
1747396087924 0.0671 270
1747396087925 0.0671 270
1747396089919 0.0458 280
1747396089920 0.0458 280
1747396091919 0.0493 290
1747396091918 0.0493 290
1747396093925 0.0135 300
1747396093927 0.0135 300
1747396095944 0.0064 310
1747396095945 0.0064 310
1747396097916 0.0577 320
1747396097917 0.0577 320
1747396099900 0.1523 330
1747396099901 0.1523 330
1747396101942 0.0668 340
1747396101943 0.0668 340
1747396103956 0.0641 350
1747396103957 0.0641 350
1747396105962 0.0767 360
1747396105963 0.0767 360
1747396108010 0.0878 370
1747396108012 0.0878 370
1747396110062 0.0807 380
1747396110063 0.0807 380
1747396113825 0.0607 390
1747396113827 0.0607 390
1747396115846 0.0072 400
1747396115847 0.0072 400
1747396117874 0.0694 410
1747396117875 0.0694 410
1747396119888 0.1928 420
1747396119889 0.1928 420
1747396121913 0.1287 430
1747396121914 0.1287 430
1747396131444 0.0555 440
1747396131443 0.0555 440
1747396133542 0.0354 450
1747396133543 0.0354 450
1747396135564 0.0026 460
1747396135565 0.0026 460
1747396137587 0.0012 470
1747396137588 0.0012 470
1747396139623 0.0018 480
1747396139624 0.0018 480
1747396141635 0.0006 490
1747396141636 0.0006 490
1747396143630 0.0005 500
1747396143631 0.0005 500
1747396145647 0.0225 510
1747396145648 0.0225 510
1747396147712 0.0295 520
1747396147713 0.0295 520
1747396151353 0.0004 530
1747396151355 0.0004 530
1747396153355 0.0042 540
1747396153356 0.0042 540
1747396155355 0.0391 550
1747396155356 0.0391 550
1747396157367 0.0389 560
1747396157369 0.0389 560
1747396159407 0.0957 570
1747396159409 0.0957 570
1747396161510 0.0006 580
1747396161511 0.0006 580
1747396163595 0.0035 590
1747396163597 0.0035 590
1747396165637 0.0332 600
1747396165638 0.0332 600
1747396167667 0.0012 610
1747396167668 0.0012 610
1747396169730 0.0318 620
1747396169731 0.0318 620
1747396171796 0.0279 630
1747396171795 0.0279 630
1747396173867 0.0987 640
1747396173868 0.0987 640
1747396175932 0.0613 650
1747396175933 0.0613 650
1747396177996 0.0024 660
1747396177998 0.0024 660
1747396180086 0.0085 670
1747396180087 0.0085 670
1747396182143 0.0015 680
1747396182145 0.0015 680
1747396184203 0.0398 690
1747396184205 0.0398 690
1747396186263 0.0121 700
1747396186265 0.0121 700
1747396188348 0.0008 710
1747396188349 0.0008 710
1747396190435 0.0629 720
1747396190436 0.0629 720
1747396192521 0.0016 730
1747396192523 0.0016 730
1747396194572 0.0504 740
1747396194573 0.0504 740
1747396196651 0.0091 750
1747396196652 0.0091 750
1747396198714 0.0015 760
1747396198715 0.0015 760
1747396200818 0.0232 770
1747396200819 0.0232 770
1747396202906 0.0263 780
1747396202907 0.0263 780
1747396204981 0.0006 790
1747396204983 0.0006 790
1747396207048 0.0009 800
1747396207048 0.0009 800
1747396209087 0.0513 810
1747396209087 0.0513 810
1747396211149 0.0201 820
1747396211150 0.0201 820
1747396213218 0.0365 830
1747396213219 0.0365 830
1747396215236 0.0009 840
1747396215236 0.0009 840
1747396217276 0.0008 850
1747396217277 0.0008 850
1747396219287 0.0517 860
1747396219288 0.0517 860
1747396221319 0.0592 870
1747396221320 0.0592 870
1747396230962 0.0013 880
1747396230963 0.0013 880
1747396233012 0.009 890
1747396233013 0.009 890
1747396235079 0.0015 900
1747396235080 0.0015 900
1747396237115 0.0179 910
1747396237116 0.0179 910
1747396239200 0.0005 920
1747396239201 0.0005 920
1747396241342 0.0018 930
1747396241346 0.0018 930
1747396243525 0.0021 940
1747396243527 0.0021 940
1747396245641 0.0003 950
1747396245642 0.0003 950
1747396251170 0.0003 960
1747396251171 0.0003 960
1747396253266 0.0002 970
1747396253267 0.0002 970
1747396255347 0.0002 980
1747396255348 0.0002 980
1747396257377 0.0002 990
1747396257378 0.0002 990
1747396259404 0.0004 1000
1747396259406 0.0004 1000
1747396261521 0.0002 1010
1747396261522 0.0002 1010
1747396263566 0.0534 1020
1747396263567 0.0534 1020
1747396265640 0.0003 1030
1747396265641 0.0003 1030
1747396269457 0.0005 1040
1747396269458 0.0005 1040
1747396271516 0.0162 1050
1747396271517 0.0162 1050
1747396273544 0.0071 1060
1747396273546 0.0071 1060
1747396275669 0.0281 1070
1747396275670 0.0281 1070
1747396277737 0.0003 1080
1747396277738 0.0003 1080
1747396279865 0.0002 1090
1747396279867 0.0002 1090
1747396282007 0.0515 1100
1747396282009 0.0515 1100
1747396284078 0.0002 1110
1747396284080 0.0002 1110
1747396286181 0.0002 1120
1747396286183 0.0002 1120
1747396288256 0.0015 1130
1747396288257 0.0015 1130
1747396290332 0.0002 1140
1747396292355 0.0003 1150
1747396292356 0.0003 1150
1747396294501 0.0354 1160
1747396294502 0.0354 1160
1747396296581 0.001 1170
1747396296582 0.001 1170
1747396298631 0.0002 1180
1747396298632 0.0002 1180
1747396300749 0.0005 1190
1747396300750 0.0005 1190
1747396302881 0.0339 1200
1747396302883 0.0339 1200
1747396304977 0.0391 1210
1747396304978 0.0391 1210
1747396307071 0.0002 1220
1747396307073 0.0002 1220
1747396309108 0.0002 1230
1747396309109 0.0002 1230
1747396312874 0.0099 1240
1747396312875 0.0099 1240
1747396314944 0.0157 1250
1747396314946 0.0157 1250
1747396317060 0.0002 1260
1747396317061 0.0002 1260
1747396319132 0.0002 1270
1747396319133 0.0002 1270
1747396321213 0.0144 1280
1747396321214 0.0144 1280
1747396323316 0.0007 1290
1747396323317 0.0007 1290
1747396325379 0.0001 1300
1747396325381 0.0001 1300
1747396327516 0.0153 1310
1747396327518 0.0153 1310
1747396337748 0.0001 1320
1747396337749 0.0001 1320
1747396339819 0.0546 1330
1747396339821 0.0546 1330
1747396341869 0.0003 1340
1747396341871 0.0003 1340
1747396343909 0.0001 1350
1747396343910 0.0001 1350
1747396345978 0.0001 1360
1747396345979 0.0001 1360
1747396348051 0.0001 1370
1747396348050 0.0001 1370
1747396350094 0.0001 1380
1747396350095 0.0001 1380
1747396352176 0.011 1390
1747396352177 0.011 1390
1747396354329 0.0031 1400
1747396354327 0.0031 1400
1747396356384 0.0002 1410
1747396356385 0.0002 1410
1747396358511 0.0003 1420
1747396358512 0.0003 1420
1747396360602 0.0101 1430
1747396360602 0.0101 1430
1747396362718 0.0001 1440
1747396362720 0.0001 1440
1747396364835 0.0001 1450
1747396364836 0.0001 1450
1747396366927 0.0001 1460
1747396366927 0.0001 1460
1747396370766 0.0442 1470
1747396370770 0.0442 1470
1747396372860 0.0001 1480
1747396372861 0.0001 1480
1747396374958 0.0001 1490
1747396374959 0.0001 1490
1747396377051 0.0337 1500
1747396377052 0.0337 1500
1747396379152 0.0008 1510
1747396379154 0.0008 1510
1747396381292 0.0562 1520
1747396381291 0.0562 1520
1747396383400 0.0001 1530
1747396383403 0.0001 1530
1747396385513 0.0001 1540
1747396385516 0.0001 1540
1747396387629 0.0015 1550
1747396387630 0.0015 1550
1747396389741 0.0001 1560
1747396389742 0.0001 1560
1747396391925 0.0357 1570
1747396391927 0.0357 1570
1747396395789 0.0001 1580
1747396395791 0.0001 1580
1747396398011 0.0001 1590
1747396398010 0.0001 1590
1747396400129 0.0252 1600
1747396400128 0.0252 1600
1747396402260 0.0001 1610
1747396402261 0.0001 1610
1747396404375 0.0001 1620
1747396404376 0.0001 1620
1747396406541 0.0001 1630
1747396406542 0.0001 1630
1747396408638 0.0001 1640
1747396408639 0.0001 1640
1747396410756 0.0136 1650
1747396410758 0.0136 1650
1747396412882 0.0178 1660
1747396412884 0.0178 1660
1747396414998 0.0023 1670
1747396415000 0.0023 1670
1747396417132 0.0001 1680
1747396417133 0.0001 1680
1747396419257 0.0001 1690
1747396419258 0.0001 1690
1747396421350 0.0001 1700
1747396421352 0.0001 1700
1747396423484 0.0001 1710
1747396423485 0.0001 1710
1747396425610 0.0001 1720
1747396425612 0.0001 1720
1747396427745 0.0302 1730
1747396427747 0.0302 1730
1747396429858 0.0001 1740
1747396429859 0.0001 1740
1747396431998 0.0001 1750
1747396431999 0.0001 1750
1747396442888 0.0001 1760
1747396442892 0.0001 1760
1747396445943 0.0006 1770
1747396445944 0.0006 1770
1747396448005 0.0 1780
1747396448006 0.0 1780
1747396450128 0.0001 1790
1747396450129 0.0001 1790
1747396452241 0.0025 1800
1747396452242 0.0025 1800
1747396454394 0.0001 1810
1747396454395 0.0001 1810
1747396456464 0.0806 1820
1747396456465 0.0806 1820
1747396458574 0.0 1830
1747396458575 0.0 1830
1747396460682 0.0 1840
1747396460684 0.0 1840
1747396462784 0.0 1850
1747396462785 0.0 1850
1747396464889 0.0 1860
1747396464890 0.0 1860
1747396466997 0.0 1870
1747396466998 0.0 1870
1747396469103 0.0 1880
1747396469105 0.0 1880
1747396471205 0.0 1890
1747396471206 0.0 1890
1747396474968 0.0 1900
1747396474969 0.0 1900
1747396477041 0.0 1910
1747396477042 0.0 1910
1747396479152 0.0 1920
1747396479153 0.0 1920
1747396481284 0.0 1930
1747396481285 0.0 1930
1747396483449 0.0 1940
1747396483450 0.0 1940
1747396485552 0.0 1950
1747396485551 0.0 1950
1747396487607 0.0 1960
1747396487608 0.0 1960
1747396489674 0.0 1970
1747396489675 0.0 1970
1747396491832 0.0 1980
1747396491833 0.0 1980
1747396493956 0.0 1990
1747396493958 0.0 1990
1747396496108 0.0 2000
1747396496109 0.0 2000
1747396498187 0.0283 2010
1747396498189 0.0283 2010
1747396500268 0.0001 2020
1747396500270 0.0001 2020
1747396502492 0.001 2030
1747396502494 0.001 2030
1747396504583 0.0 2040
1747396504584 0.0 2040
1747396506678 0.0 2050
1747396506679 0.0 2050
1747396508793 0.0001 2060
1747396508794 0.0001 2060
1747396510908 0.0 2070
1747396510909 0.0 2070
1747396513060 0.0128 2080
1747396513062 0.0128 2080
1747396515157 0.0001 2090
1747396515158 0.0001 2090
1747396517291 0.0001 2100
1747396517289 0.0001 2100
1747396519473 0.0007 2110
1747396519474 0.0007 2110
1747396521645 0.0 2120
1747396521646 0.0 2120
1747396523742 0.0344 2130
1747396523743 0.0344 2130
1747396525840 0.0 2140
1747396525840 0.0 2140
1747396528099 0.0563 2150
1747396528100 0.0563 2150
1747396530365 0.0 2160
1747396530366 0.0 2160
1747396532442 0.0015 2170
1747396532444 0.0015 2170
1747396534507 0.0 2180
1747396534508 0.0 2180
1747396536490 0.0106 2190
1747396536491 0.0106 2190
