1747403229562 0.22727272727272727 10
1747403229563 0.22727272727272727 10
1747403231487 0.45454545454545453 20
1747403231489 0.45454545454545453 20
1747403233431 0.6818181818181818 30
1747403233431 0.6818181818181818 30
1747403235360 0.9090909090909091 40
1747403235364 0.9090909090909091 40
1747403236682 1.0 44
1747403236681 1.0 44
1747403239020 1.1363636363636362 50
1747403239020 1.1363636363636362 50
1747403240954 1.3636363636363638 60
1747403240954 1.3636363636363638 60
1747403242879 1.5909090909090908 70
1747403242895 1.5909090909090908 70
1747403244775 1.8181818181818183 80
1747403244775 1.8181818181818183 80
1747403248382 2.0 88
1747403248382 2.0 88
1747403249883 2.0454545454545454 90
1747403249883 2.0454545454545454 90
1747403251762 2.2727272727272725 100
1747403251762 2.2727272727272725 100
1747403253705 2.5 110
1747403253705 2.5 110
1747403255603 2.7272727272727275 120
1747403255603 2.7272727272727275 120
1747403257490 2.9545454545454546 130
1747403257490 2.9545454545454546 130
1747403259566 3.0 132
1747403259566 3.0 132
1747403262709 3.1818181818181817 140
1747403262709 3.1818181818181817 140
1747403264594 3.409090909090909 150
1747403264594 3.409090909090909 150
1747403266447 3.6363636363636362 160
1747403266447 3.6363636363636362 160
1747403269941 3.8636363636363638 170
1747403269941 3.8636363636363638 170
1747403271586 4.0 176
1747403271586 4.0 176
1747403273247 4.090909090909091 180
1747403273247 4.090909090909091 180
1747403275158 4.318181818181818 190
1747403275158 4.318181818181818 190
1747403278723 4.545454545454545 200
1747403278723 4.545454545454545 200
1747403282242 4.7727272727272725 210
1747403282242 4.7727272727272725 210
1747403285678 5.0 220
1747403285678 5.0 220
1747403286244 5.0 220
1747403286244 5.0 220
1747403287198 5.0 220
1747403287198 5.0 220
