1747403229562 2.568549394607544 10
1747403229563 2.568549394607544 10
1747403231487 1.3475193977355957 20
1747403231489 1.3475193977355957 20
1747403233431 5.330790042877197 30
1747403233431 5.330790042877197 30
1747403235360 3.6095755100250244 40
1747403235364 3.6095755100250244 40
1747403239020 5.955496788024902 50
1747403239020 5.955496788024902 50
1747403240954 2.3407201766967773 60
1747403240954 2.3407201766967773 60
1747403242879 8.700943946838379 70
1747403242895 8.700943946838379 70
1747403244775 9.634963035583496 80
1747403244775 9.634963035583496 80
1747403249883 12.853415489196777 90
1747403249883 12.853415489196777 90
1747403251762 5.596394062042236 100
1747403251762 5.596394062042236 100
1747403253705 15.412925720214844 110
1747403253705 15.412925720214844 110
1747403255603 5.4641923904418945 120
1747403255603 5.4641923904418945 120
1747403257490 9.691106796264648 130
1747403257490 9.691106796264648 130
1747403262709 2.3512156009674072 140
1747403262709 2.3512156009674072 140
1747403264594 6.498438358306885 150
1747403264594 6.498438358306885 150
1747403266447 7.135861873626709 160
1747403266447 7.135861873626709 160
1747403269941 10.041053771972656 170
1747403269941 10.041053771972656 170
1747403273247 0.15287847816944122 180
1747403273247 0.15287847816944122 180
1747403275158 1.894015908241272 190
1747403275158 1.894015908241272 190
1747403278723 9.431218147277832 200
1747403278723 9.431218147277832 200
1747403282242 5.267117977142334 210
1747403282242 5.267117977142334 210
1747403285678 2.681319236755371 220
1747403285678 2.681319236755371 220
