1747403229562 4.886363636363637e-05 10
1747403229563 4.886363636363637e-05 10
1747403231487 4.772727272727273e-05 20
1747403231489 4.772727272727273e-05 20
1747403233431 4.659090909090909e-05 30
1747403233431 4.659090909090909e-05 30
1747403235360 4.545454545454546e-05 40
1747403235364 4.545454545454546e-05 40
1747403239020 4.431818181818182e-05 50
1747403239020 4.431818181818182e-05 50
1747403240954 4.318181818181819e-05 60
1747403240954 4.318181818181819e-05 60
1747403242879 4.204545454545455e-05 70
1747403242895 4.204545454545455e-05 70
1747403244775 4.0909090909090915e-05 80
1747403244775 4.0909090909090915e-05 80
1747403249883 3.9772727272727275e-05 90
1747403249883 3.9772727272727275e-05 90
1747403251762 3.8636363636363636e-05 100
1747403251762 3.8636363636363636e-05 100
1747403253705 3.7500000000000003e-05 110
1747403253705 3.7500000000000003e-05 110
1747403255603 3.6363636363636364e-05 120
1747403255603 3.6363636363636364e-05 120
1747403257490 3.522727272727273e-05 130
1747403257490 3.522727272727273e-05 130
1747403262709 3.409090909090909e-05 140
1747403262709 3.409090909090909e-05 140
1747403264594 3.295454545454545e-05 150
1747403264594 3.295454545454545e-05 150
1747403266447 3.181818181818182e-05 160
1747403266447 3.181818181818182e-05 160
1747403269941 3.068181818181818e-05 170
1747403269941 3.068181818181818e-05 170
1747403273247 2.954545454545455e-05 180
1747403273247 2.954545454545455e-05 180
1747403275158 2.8409090909090912e-05 190
1747403275158 2.8409090909090912e-05 190
1747403278723 2.7272727272727273e-05 200
1747403278723 2.7272727272727273e-05 200
1747403282242 2.6136363636363637e-05 210
1747403282242 2.6136363636363637e-05 210
1747403285678 2.5e-05 220
1747403285678 2.5e-05 220
