1747403229562 0.6936 10
1747403229563 0.6936 10
1747403231487 0.6864 20
1747403231489 0.6864 20
1747403233431 0.6227 30
1747403233431 0.6227 30
1747403235360 0.58 40
1747403235364 0.58 40
1747403239020 0.5912 50
1747403239020 0.5912 50
1747403240954 0.4904 60
1747403240954 0.4904 60
1747403242879 0.4358 70
1747403242895 0.4358 70
1747403244775 0.3136 80
1747403244775 0.3136 80
1747403249883 0.3748 90
1747403249883 0.3748 90
1747403251762 0.2856 100
1747403251762 0.2856 100
1747403253705 0.2894 110
1747403253705 0.2894 110
1747403255603 0.2959 120
1747403255603 0.2959 120
1747403257490 0.2285 130
1747403257490 0.2285 130
1747403262709 0.1756 140
1747403262709 0.1756 140
1747403264594 0.1742 150
1747403264594 0.1742 150
1747403266447 0.2293 160
1747403266447 0.2293 160
1747403269941 0.2202 170
1747403269941 0.2202 170
1747403273247 0.1071 180
1747403273247 0.1071 180
1747403275158 0.1184 190
1747403275158 0.1184 190
1747403278723 0.1463 200
1747403278723 0.1463 200
1747403282242 0.2905 210
1747403282242 0.2905 210
1747403285678 0.2018 220
1747403285678 0.2018 220
