1747352971207 1.0 5
1747352971208 1.0 5
1747352975481 2.0 10
1747352975482 2.0 10
1747352975621 2.0 10
1747352975622 2.0 10
1747352983116 3.0 15
1747352983118 3.0 15
1747352987577 4.0 20
1747352987576 4.0 20
1747352987711 4.0 20
1747352987711 4.0 20
1747352993791 5.0 25
1747352993792 5.0 25
1747352998859 6.0 30
1747352998860 6.0 30
1747352998996 6.0 30
1747352998995 6.0 30
1747353003339 7.0 35
1747353003340 7.0 35
1747353009325 8.0 40
1747353009326 8.0 40
1747353009460 8.0 40
1747353009461 8.0 40
1747353011502 8.0 40
1747353011503 8.0 40
