1747234020846 0.5263157894736842 10
1747234020850 0.5263157894736842 10
1747234025068 1.0 19
1747234025068 1.0 19
1747234026893 1.0526315789473684 20
1747234026893 1.0526315789473684 20
1747234031025 1.5789473684210527 30
1747234031025 1.5789473684210527 30
1747234034760 2.0 38
1747234034760 2.0 38
1747234037828 2.1052631578947367 40
1747234037828 2.1052631578947367 40
1747234043616 2.6315789473684212 50
1747234043616 2.6315789473684212 50
1747234046880 3.0 57
1747234046880 3.0 57
1747234049345 3.1578947368421053 60
1747234049345 3.1578947368421053 60
1747234055184 3.6842105263157894 70
1747234055184 3.6842105263157894 70
1747234058077 4.0 76
1747234058077 4.0 76
1747234061015 4.2105263157894735 80
1747234061015 4.2105263157894735 80
1747234068469 4.7368421052631575 90
1747234068469 4.7368421052631575 90
1747234070936 5.0 95
1747234070936 5.0 95
1747234074248 5.2631578947368425 100
1747234074248 5.2631578947368425 100
1747234080145 5.7894736842105265 110
1747234080145 5.7894736842105265 110
1747234082210 6.0 114
1747234082210 6.0 114
1747234086078 6.315789473684211 120
1747234086078 6.315789473684211 120
1747234090174 6.842105263157895 130
1747234090174 6.842105263157895 130
1747234091818 7.0 133
1747234091818 7.0 133
1747234095865 7.368421052631579 140
1747234095865 7.368421052631579 140
1747234100067 7.894736842105263 150
1747234100067 7.894736842105263 150
1747234101324 8.0 152
1747234101324 8.0 152
1747234105982 8.421052631578947 160
1747234105982 8.421052631578947 160
1747234113379 8.947368421052632 170
1747234113384 8.947368421052632 170
1747234114331 9.0 171
1747234114331 9.0 171
1747234115579 9.0 171
1747234115579 9.0 171
