1747234020846 6.489732265472412 10
1747234020850 6.489732265472412 10
1747234026893 0.8603394627571106 20
1747234026893 0.8603394627571106 20
1747234031025 2.0360653400421143 30
1747234031025 2.0360653400421143 30
1747234037828 0.11921762675046921 40
1747234037828 0.11921762675046921 40
1747234043616 0.0392644964158535 50
1747234043616 0.0392644964158535 50
1747234049345 0.0245136097073555 60
1747234049345 0.0245136097073555 60
1747234055184 0.0156716275960207 70
1747234055184 0.0156716275960207 70
1747234061015 0.011296438984572887 80
1747234061015 0.011296438984572887 80
1747234068469 0.010176016017794609 90
1747234068469 0.010176016017794609 90
1747234074248 0.010604491457343102 100
1747234074248 0.010604491457343102 100
1747234080145 0.008885551244020462 110
1747234080145 0.008885551244020462 110
1747234086078 0.00761107774451375 120
1747234086078 0.00761107774451375 120
1747234090174 0.007784199435263872 130
1747234090174 0.007784199435263872 130
1747234095865 0.009580114856362343 140
1747234095865 0.009580114856362343 140
1747234100067 0.009473947808146477 150
1747234100067 0.009473947808146477 150
1747234105982 0.007100316230207682 160
1747234105982 0.007100316230207682 160
1747234113379 0.007085141725838184 170
1747234113384 0.007085141725838184 170
