1747234020846 9.473684210526316e-05 10
1747234020850 9.473684210526316e-05 10
1747234026893 8.947368421052632e-05 20
1747234026893 8.947368421052632e-05 20
1747234031025 8.421052631578948e-05 30
1747234031025 8.421052631578948e-05 30
1747234037828 7.894736842105263e-05 40
1747234037828 7.894736842105263e-05 40
1747234043616 7.368421052631579e-05 50
1747234043616 7.368421052631579e-05 50
1747234049345 6.842105263157895e-05 60
1747234049345 6.842105263157895e-05 60
1747234055184 6.31578947368421e-05 70
1747234055184 6.31578947368421e-05 70
1747234061015 5.789473684210527e-05 80
1747234061015 5.789473684210527e-05 80
1747234068469 5.2631578947368424e-05 90
1747234068469 5.2631578947368424e-05 90
1747234074248 4.736842105263158e-05 100
1747234074248 4.736842105263158e-05 100
1747234080145 4.210526315789474e-05 110
1747234080145 4.210526315789474e-05 110
1747234086078 3.6842105263157895e-05 120
1747234086078 3.6842105263157895e-05 120
1747234090174 3.157894736842105e-05 130
1747234090174 3.157894736842105e-05 130
1747234095865 2.6315789473684212e-05 140
1747234095865 2.6315789473684212e-05 140
1747234100067 2.105263157894737e-05 150
1747234100067 2.105263157894737e-05 150
1747234105982 1.5789473684210526e-05 160
1747234105982 1.5789473684210526e-05 160
1747234113379 1.0526315789473684e-05 170
1747234113384 1.0526315789473684e-05 170
