1747234020846 0.5936 10
1747234020850 0.5936 10
1747234026893 0.2593 20
1747234026893 0.2593 20
1747234031025 0.0815 30
1747234031025 0.0815 30
1747234037828 0.0428 40
1747234037828 0.0428 40
1747234043616 0.0818 50
1747234043616 0.0818 50
1747234049345 0.0021 60
1747234049345 0.0021 60
1747234055184 0.001 70
1747234055184 0.001 70
1747234061015 0.0008 80
1747234061015 0.0008 80
1747234068469 0.0006 90
1747234068469 0.0006 90
1747234074248 0.0006 100
1747234074248 0.0006 100
1747234080145 0.0005 110
1747234080145 0.0005 110
1747234086078 0.0005 120
1747234086078 0.0005 120
1747234090174 0.0004 130
1747234090174 0.0004 130
1747234095865 0.0004 140
1747234095865 0.0004 140
1747234100067 0.0004 150
1747234100067 0.0004 150
1747234105982 0.0003 160
1747234105982 0.0003 160
1747234113379 0.0003 170
1747234113384 0.0003 170
