1746956679309 0.5555555555555556 10
1746956679310 0.5555555555555556 10
1746956692949 1.0 18
1746956692949 1.0 18
1746956696204 1.1111111111111112 20
1746956696205 1.1111111111111112 20
1746956707534 1.6666666666666665 30
1746956707535 1.6666666666666665 30
1746956718261 2.0 36
1746956718261 2.0 36
1746956723032 2.2222222222222223 40
1746956723033 2.2222222222222223 40
1746956736121 2.7777777777777777 50
1746956736124 2.7777777777777777 50
1746956746920 3.0 54
1746956746921 3.0 54
1746956753568 3.3333333333333335 60
1746956753570 3.3333333333333335 60
1746956763481 3.888888888888889 70
1746956763482 3.888888888888889 70
1746956772636 4.0 72
1746956772637 4.0 72
1746956782529 4.444444444444445 80
1746956782530 4.444444444444445 80
1746956793873 5.0 90
1746956793874 5.0 90
1746956800055 5.0 90
1746956800056 5.0 90
1746956811637 5.555555555555555 100
1746956811638 5.555555555555555 100
1746956830738 6.0 108
1746956830739 6.0 108
1746956834171 6.111111111111111 110
1746956834172 6.111111111111111 110
1746956847303 6.666666666666667 120
1746956847304 6.666666666666667 120
1746956858268 7.0 126
1746956858268 7.0 126
1746956863252 7.222222222222222 130
1746956863253 7.222222222222222 130
1746956873222 7.777777777777778 140
1746956873223 7.777777777777778 140
1746956885889 8.0 144
1746956885890 8.0 144
1746956894142 8.333333333333334 150
1746956894143 8.333333333333334 150
1746956905519 8.88888888888889 160
1746956905520 8.88888888888889 160
1746956916263 9.0 162
1746956916264 9.0 162
1746956929321 9.444444444444445 170
1746956929325 9.444444444444445 170
1746956938950 10.0 180
1746956938951 10.0 180
1746956943432 10.0 180
1746956943433 10.0 180
1746956944870 10.0 180
1746956944870 10.0 180
