1746956679309 3.2371625900268555 10
1746956679310 3.2371625900268555 10
1746956696204 4.37310266494751 20
1746956696205 4.37310266494751 20
1746956707534 6.037753105163574 30
1746956707535 6.037753105163574 30
1746956723032 3.134808301925659 40
1746956723033 3.134808301925659 40
1746956736121 7.174007415771484 50
1746956736124 7.174007415771484 50
1746956753568 3.3943593502044678 60
1746956753570 3.3943593502044678 60
1746956763481 8.600574493408203 70
1746956763482 8.600574493408203 70
1746956782529 2.085662364959717 80
1746956782530 2.085662364959717 80
1746956793873 4.150803089141846 90
1746956793874 4.150803089141846 90
1746956811637 3.0320346355438232 100
1746956811638 3.0320346355438232 100
1746956834171 10.990631103515625 110
1746956834172 10.990631103515625 110
1746956847303 3.567812204360962 120
1746956847304 3.567812204360962 120
1746956863252 2.938966751098633 130
1746956863253 2.938966751098633 130
1746956873222 2.520955801010132 140
1746956873223 2.520955801010132 140
1746956894142 4.76162576675415 150
1746956894143 4.76162576675415 150
1746956905519 3.646975040435791 160
1746956905520 3.646975040435791 160
1746956929321 3.0347609519958496 170
1746956929325 3.0347609519958496 170
1746956938950 2.1587369441986084 180
1746956938951 2.1587369441986084 180
