1746956679309 4.722222222222222e-05 10
1746956679310 4.722222222222222e-05 10
1746956696204 4.4444444444444447e-05 20
1746956696205 4.4444444444444447e-05 20
1746956707534 4.166666666666667e-05 30
1746956707535 4.166666666666667e-05 30
1746956723032 3.888888888888889e-05 40
1746956723033 3.888888888888889e-05 40
1746956736121 3.611111111111111e-05 50
1746956736124 3.611111111111111e-05 50
1746956753568 3.3333333333333335e-05 60
1746956753570 3.3333333333333335e-05 60
1746956763481 3.055555555555556e-05 70
1746956763482 3.055555555555556e-05 70
1746956782529 2.777777777777778e-05 80
1746956782530 2.777777777777778e-05 80
1746956793873 2.5e-05 90
1746956793874 2.5e-05 90
1746956811637 2.2222222222222223e-05 100
1746956811638 2.2222222222222223e-05 100
1746956834171 1.9444444444444445e-05 110
1746956834172 1.9444444444444445e-05 110
1746956847303 1.6666666666666667e-05 120
1746956847304 1.6666666666666667e-05 120
1746956863252 1.388888888888889e-05 130
1746956863253 1.388888888888889e-05 130
1746956873222 1.1111111111111112e-05 140
1746956873223 1.1111111111111112e-05 140
1746956894142 8.333333333333334e-06 150
1746956894143 8.333333333333334e-06 150
1746956905519 5.555555555555556e-06 160
1746956905520 5.555555555555556e-06 160
1746956929321 2.777777777777778e-06 170
1746956929325 2.777777777777778e-06 170
1746956938950 0.0 180
1746956938951 0.0 180
