1746956679309 0.6421 10
1746956679310 0.6421 10
1746956696204 0.6858 20
1746956696205 0.6858 20
1746956707534 0.6514 30
1746956707535 0.6514 30
1746956723032 0.6033 40
1746956723033 0.6033 40
1746956736121 0.7527 50
1746956736124 0.7527 50
1746956753568 0.6353 60
1746956753570 0.6353 60
1746956763482 0.6958 70
1746956782529 0.629 80
1746956782530 0.629 80
1746956793873 0.6244 90
1746956793874 0.6244 90
1746956811637 0.6624 100
1746956811638 0.6624 100
1746956834171 0.6687 110
1746956834172 0.6687 110
1746956847303 0.6214 120
1746956847304 0.6214 120
1746956863252 0.5961 130
1746956863253 0.5961 130
1746956873222 0.7171 140
1746956873223 0.7171 140
1746956894142 0.657 150
1746956894143 0.657 150
1746956905519 0.6288 160
1746956905520 0.6288 160
1746956929321 0.6091 170
1746956929325 0.6091 170
1746956938950 0.6405 180
1746956938951 0.6405 180
