1747230987315 0.5555555555555556 10
1747230987331 0.5555555555555556 10
1747230994475 1.0 18
1747230994474 1.0 18
1747230998984 1.1111111111111112 20
1747230998986 1.1111111111111112 20
1747231007031 1.6666666666666665 30
1747231007032 1.6666666666666665 30
1747231012504 2.0 36
1747231012504 2.0 36
1747231017039 2.2222222222222223 40
1747231017039 2.2222222222222223 40
1747231028385 2.7777777777777777 50
1747231028385 2.7777777777777777 50
1747231033958 3.0 54
1747231033958 3.0 54
1747231040106 3.3333333333333335 60
1747231040106 3.3333333333333335 60
1747231049736 3.888888888888889 70
1747231049736 3.888888888888889 70
1747231052768 4.0 72
1747231052768 4.0 72
1747231054972 4.0 72
1747231054972 4.0 72
