1747230987315 9.444444444444444e-05 10
1747230987331 9.444444444444444e-05 10
1747230998984 8.888888888888889e-05 20
1747230998986 8.888888888888889e-05 20
1747231007031 8.333333333333334e-05 30
1747231007032 8.333333333333334e-05 30
1747231017039 7.777777777777778e-05 40
1747231017039 7.777777777777778e-05 40
1747231028385 7.222222222222222e-05 50
1747231028385 7.222222222222222e-05 50
1747231040106 6.666666666666667e-05 60
1747231040106 6.666666666666667e-05 60
1747231049736 6.111111111111112e-05 70
1747231049736 6.111111111111112e-05 70
