1747229392815 0.5555555555555556 10
1747229392814 0.5555555555555556 10
1747229401950 1.0 18
1747229401950 1.0 18
1747229405012 1.1111111111111112 20
1747229405012 1.1111111111111112 20
1747229416626 1.6666666666666665 30
1747229416626 1.6666666666666665 30
1747229424026 2.0 36
1747229424027 2.0 36
1747229428926 2.2222222222222223 40
1747229428927 2.2222222222222223 40
1747229442200 2.7777777777777777 50
1747229442200 2.7777777777777777 50
1747229446258 3.0 54
1747229446259 3.0 54
1747229455933 3.3333333333333335 60
1747229455933 3.3333333333333335 60
1747229467570 3.888888888888889 70
1747229467571 3.888888888888889 70
1747229470977 4.0 72
1747229470980 4.0 72
1747229483019 4.444444444444445 80
1747229483020 4.444444444444445 80
1747229494391 5.0 90
1747229494392 5.0 90
1747229495377 5.0 90
1747229495378 5.0 90
1747229496901 5.0 90
1747229496901 5.0 90
