1747229392815 2.3425135612487793 10
1747229392814 2.3425135612487793 10
1747229405012 6.43171501159668 20
1747229405012 6.43171501159668 20
1747229416626 8.0866117477417 30
1747229416626 8.0866117477417 30
1747229428926 10.23317813873291 40
1747229428927 10.23317813873291 40
1747229442200 1.936081886291504 50
1747229442200 1.936081886291504 50
1747229455933 2.1224260330200195 60
1747229455933 2.1224260330200195 60
1747229467570 7.274658203125 70
1747229467571 7.274658203125 70
1747229483019 2.345794439315796 80
1747229483020 2.345794439315796 80
1747229494391 5.778547763824463 90
1747229494392 5.778547763824463 90
