1747229392815 4.722222222222222e-05 10
1747229392814 4.722222222222222e-05 10
1747229405012 4.4444444444444447e-05 20
1747229405012 4.4444444444444447e-05 20
1747229416626 4.166666666666667e-05 30
1747229416626 4.166666666666667e-05 30
1747229428926 3.888888888888889e-05 40
1747229428927 3.888888888888889e-05 40
1747229442200 3.611111111111111e-05 50
1747229442200 3.611111111111111e-05 50
1747229455933 3.3333333333333335e-05 60
1747229455933 3.3333333333333335e-05 60
1747229467570 3.055555555555556e-05 70
1747229467571 3.055555555555556e-05 70
1747229483019 2.777777777777778e-05 80
1747229483020 2.777777777777778e-05 80
1747229494391 2.5e-05 90
1747229494392 2.5e-05 90
