1747233872050 0.5263157894736842 10
1747233872053 0.5263157894736842 10
1747233876289 1.0 19
1747233876289 1.0 19
1747233877787 1.0526315789473684 20
1747233877788 1.0526315789473684 20
1747233882382 1.5789473684210527 30
1747233882384 1.5789473684210527 30
1747233886146 2.0 38
1747233886147 2.0 38
1747233888444 2.1052631578947367 40
1747233888445 2.1052631578947367 40
1747233894582 2.6315789473684212 50
1747233894583 2.6315789473684212 50
1747233898032 3.0 57
1747233898033 3.0 57
1747233902532 3.1578947368421053 60
1747233902530 3.1578947368421053 60
1747233908521 3.6842105263157894 70
1747233908522 3.6842105263157894 70
1747233914655 4.0 76
1747233914656 4.0 76
1747233915845 4.0 76
1747233915845 4.0 76
