1747233872050 3.9611644744873047 10
1747233872053 3.9611644744873047 10
1747233877787 0.12061222642660141 20
1747233877788 0.12061222642660141 20
1747233882382 0.035196248441934586 30
1747233882384 0.035196248441934586 30
1747233888444 0.022780323401093483 40
1747233888445 0.022780323401093483 40
1747233894582 0.011243907734751701 50
1747233894583 0.011243907734751701 50
1747233902532 0.01021738350391388 60
1747233902530 0.01021738350391388 60
1747233908521 0.007599256467074156 70
1747233908522 0.007599256467074156 70
