1747233872050 9.473684210526316e-05 10
1747233872053 9.473684210526316e-05 10
1747233877787 8.947368421052632e-05 20
1747233877788 8.947368421052632e-05 20
1747233882382 8.421052631578948e-05 30
1747233882384 8.421052631578948e-05 30
1747233888444 7.894736842105263e-05 40
1747233888445 7.894736842105263e-05 40
1747233894582 7.368421052631579e-05 50
1747233894583 7.368421052631579e-05 50
1747233902532 6.842105263157895e-05 60
1747233902530 6.842105263157895e-05 60
1747233908521 6.31578947368421e-05 70
1747233908522 6.31578947368421e-05 70
