1747400396616 0.0228310502283105 10
1747400396616 0.0228310502283105 10
1747400400245 0.045662100456621 20
1747400400245 0.045662100456621 20
1747400403889 0.0684931506849315 30
1747400403889 0.0684931506849315 30
1747400409150 0.091324200913242 40
1747400409150 0.091324200913242 40
1747400412840 0.1141552511415525 50
1747400412840 0.1141552511415525 50
1747400416527 0.136986301369863 60
1747400416527 0.136986301369863 60
1747400420313 0.1598173515981735 70
1747400420313 0.1598173515981735 70
1747400425716 0.182648401826484 80
1747400425717 0.182648401826484 80
1747400429396 0.2054794520547945 90
1747400429396 0.2054794520547945 90
1747400433124 0.228310502283105 100
1747400433124 0.228310502283105 100
1747400436814 0.2511415525114155 110
1747400436814 0.2511415525114155 110
1747400440495 0.273972602739726 120
1747400440495 0.273972602739726 120
1747400444188 0.2968036529680365 130
1747400444186 0.2968036529680365 130
1747400447881 0.319634703196347 140
1747400447881 0.319634703196347 140
1747400451597 0.3424657534246575 150
1747400451597 0.3424657534246575 150
1747400455280 0.365296803652968 160
1747400455280 0.365296803652968 160
1747400458981 0.3881278538812785 170
1747400458981 0.3881278538812785 170
1747400462683 0.410958904109589 180
1747400462683 0.410958904109589 180
1747400466384 0.4337899543378995 190
1747400466384 0.4337899543378995 190
1747400470100 0.45662100456621 200
1747400470100 0.45662100456621 200
1747400473800 0.4794520547945205 210
1747400473800 0.4794520547945205 210
1747400477518 0.502283105022831 220
1747400477518 0.502283105022831 220
1747400481236 0.5251141552511416 230
1747400481236 0.5251141552511416 230
1747400484966 0.547945205479452 240
1747400484966 0.547945205479452 240
1747400488683 0.5707762557077626 250
1747400488683 0.5707762557077626 250
1747400492399 0.593607305936073 260
1747400492399 0.593607305936073 260
1747400496131 0.6164383561643836 270
1747400496131 0.6164383561643836 270
1747400499863 0.639269406392694 280
1747400499863 0.639269406392694 280
1747400503595 0.6621004566210046 290
1747400503595 0.6621004566210046 290
1747400507345 0.684931506849315 300
1747400507345 0.684931506849315 300
1747400512709 0.7077625570776256 310
1747400512709 0.7077625570776256 310
1747400516426 0.730593607305936 320
1747400516426 0.730593607305936 320
1747400520161 0.7534246575342466 330
1747400520161 0.7534246575342466 330
1747400523907 0.776255707762557 340
1747400523907 0.776255707762557 340
1747400527639 0.7990867579908676 350
1747400527639 0.7990867579908676 350
1747400531393 0.821917808219178 360
1747400531394 0.821917808219178 360
1747400535144 0.8447488584474886 370
1747400535144 0.8447488584474886 370
1747400538889 0.867579908675799 380
1747400538889 0.867579908675799 380
1747400542641 0.8904109589041096 390
1747400542641 0.8904109589041096 390
1747400546373 0.91324200913242 400
1747400546373 0.91324200913242 400
1747400550136 0.9360730593607306 410
1747400550136 0.9360730593607306 410
1747400553903 0.958904109589041 420
1747400553908 0.958904109589041 420
1747400557666 0.9817351598173516 430
1747400557666 0.9817351598173516 430
1747400573713 1.0 438
1747400573713 1.0 438
1747400575789 1.004566210045662 440
1747400575789 1.004566210045662 440
1747400579656 1.0273972602739727 450
1747400579656 1.0273972602739727 450
1747400583506 1.0502283105022832 460
1747400583515 1.0502283105022832 460
1747400589064 1.0730593607305936 470
1747400589064 1.0730593607305936 470
1747400592931 1.095890410958904 480
1747400592931 1.095890410958904 480
1747400596770 1.1187214611872145 490
1747400596770 1.1187214611872145 490
1747400600601 1.1415525114155252 500
1747400600601 1.1415525114155252 500
1747400604446 1.1643835616438356 510
1747400604440 1.1643835616438356 510
1747400608300 1.187214611872146 520
1747400608300 1.187214611872146 520
1747400612124 1.2100456621004567 530
1747400612124 1.2100456621004567 530
1747400615957 1.2328767123287672 540
1747400615957 1.2328767123287672 540
1747400619821 1.2557077625570776 550
1747400619821 1.2557077625570776 550
1747400623695 1.278538812785388 560
1747400623695 1.278538812785388 560
1747400627558 1.3013698630136985 570
1747400627558 1.3013698630136985 570
1747400631418 1.3242009132420092 580
1747400631418 1.3242009132420092 580
1747400635277 1.3470319634703196 590
1747400635277 1.3470319634703196 590
1747400639129 1.36986301369863 600
1747400639129 1.36986301369863 600
1747400643049 1.3926940639269407 610
1747400643051 1.3926940639269407 610
1747400646926 1.4155251141552512 620
1747400646926 1.4155251141552512 620
1747400650821 1.4383561643835616 630
1747400650821 1.4383561643835616 630
1747400657373 1.461187214611872 640
1747400657378 1.461187214611872 640
1747400663868 1.4840182648401825 650
1747400663869 1.4840182648401825 650
1747400668100 1.5068493150684932 660
1747400668101 1.5068493150684932 660
1747400672109 1.5296803652968036 670
1747400672109 1.5296803652968036 670
1747400675991 1.5525114155251143 680
1747400675991 1.5525114155251143 680
1747400680022 1.5753424657534247 690
1747400680023 1.5753424657534247 690
1747400683985 1.5981735159817352 700
1747400683987 1.5981735159817352 700
1747400687961 1.6210045662100456 710
1747400687962 1.6210045662100456 710
1747400691870 1.643835616438356 720
1747400691870 1.643835616438356 720
1747400695754 1.6666666666666665 730
1747400695755 1.6666666666666665 730
1747400701484 1.6894977168949772 740
1747400701485 1.6894977168949772 740
1747400705389 1.7123287671232876 750
1747400705390 1.7123287671232876 750
1747400709327 1.7351598173515983 760
1747400709328 1.7351598173515983 760
1747400713205 1.7579908675799087 770
1747400713205 1.7579908675799087 770
1747400717029 1.7808219178082192 780
1747400717029 1.7808219178082192 780
1747400720875 1.8036529680365296 790
1747400720875 1.8036529680365296 790
1747400724741 1.82648401826484 800
1747400724742 1.82648401826484 800
1747400728634 1.8493150684931505 810
1747400728634 1.8493150684931505 810
1747400732473 1.8721461187214612 820
1747400732474 1.8721461187214612 820
1747400736360 1.8949771689497716 830
1747400736360 1.8949771689497716 830
1747400740302 1.9178082191780823 840
1747400740303 1.9178082191780823 840
1747400744337 1.9406392694063928 850
1747400744337 1.9406392694063928 850
1747400748447 1.9634703196347032 860
1747400748448 1.9634703196347032 860
1747400752362 1.9863013698630136 870
1747400752362 1.9863013698630136 870
1747400766462 2.0 876
1747400766463 2.0 876
1747400768927 2.009132420091324 880
1747400768927 2.009132420091324 880
1747400772799 2.0319634703196345 890
1747400772800 2.0319634703196345 890
1747400778540 2.0547945205479454 900
1747400778542 2.0547945205479454 900
1747400785735 2.077625570776256 910
1747400785730 2.077625570776256 910
1747400789641 2.1004566210045663 920
1747400789642 2.1004566210045663 920
1747400793507 2.1232876712328768 930
1747400793507 2.1232876712328768 930
1747400797437 2.146118721461187 940
1747400797437 2.146118721461187 940
1747400801315 2.1689497716894977 950
1747400801315 2.1689497716894977 950
1747400805212 2.191780821917808 960
1747400805212 2.191780821917808 960
1747400809167 2.2146118721461185 970
1747400809167 2.2146118721461185 970
1747400813163 2.237442922374429 980
1747400813163 2.237442922374429 980
1747400817001 2.26027397260274 990
1747400817001 2.26027397260274 990
1747400821151 2.2831050228310503 1000
1747400821151 2.2831050228310503 1000
1747400826666 2.3059360730593608 1010
1747400826666 2.3059360730593608 1010
1747400830791 2.328767123287671 1020
1747400830791 2.328767123287671 1020
1747400834607 2.3515981735159817 1030
1747400834607 2.3515981735159817 1030
1747400838497 2.374429223744292 1040
1747400838499 2.374429223744292 1040
1747400842419 2.3972602739726026 1050
1747400842420 2.3972602739726026 1050
1747400846402 2.4200913242009134 1060
1747400846403 2.4200913242009134 1060
1747400851975 2.442922374429224 1070
1747400851976 2.442922374429224 1070
1747400855800 2.4657534246575343 1080
1747400855801 2.4657534246575343 1080
1747400859654 2.4885844748858448 1090
1747400859655 2.4885844748858448 1090
1747400863517 2.5114155251141552 1100
1747400863518 2.5114155251141552 1100
1747400867449 2.5342465753424657 1110
1747400867449 2.5342465753424657 1110
1747400871395 2.557077625570776 1120
1747400871395 2.557077625570776 1120
1747400875214 2.5799086757990866 1130
1747400875214 2.5799086757990866 1130
1747400879060 2.602739726027397 1140
1747400879060 2.602739726027397 1140
1747400882895 2.625570776255708 1150
1747400882895 2.625570776255708 1150
1747400886728 2.6484018264840183 1160
1747400886728 2.6484018264840183 1160
1747400890569 2.671232876712329 1170
1747400890569 2.671232876712329 1170
1747400894393 2.6940639269406392 1180
1747400894393 2.6940639269406392 1180
1747400898231 2.7168949771689497 1190
1747400898231 2.7168949771689497 1190
1747400902058 2.73972602739726 1200
1747400902058 2.73972602739726 1200
1747400905886 2.762557077625571 1210
1747400905886 2.762557077625571 1210
1747400909712 2.7853881278538815 1220
1747400909712 2.7853881278538815 1220
1747400913549 2.808219178082192 1230
1747400913549 2.808219178082192 1230
1747400917378 2.8310502283105023 1240
1747400917378 2.8310502283105023 1240
1747400921189 2.853881278538813 1250
1747400921189 2.853881278538813 1250
1747400925033 2.8767123287671232 1260
1747400925033 2.8767123287671232 1260
1747400928861 2.8995433789954337 1270
1747400928861 2.8995433789954337 1270
1747400932682 2.922374429223744 1280
1747400932682 2.922374429223744 1280
1747400936509 2.9452054794520546 1290
1747400936509 2.9452054794520546 1290
1747400940338 2.968036529680365 1300
1747400940338 2.968036529680365 1300
1747400944163 2.990867579908676 1310
1747400944163 2.990867579908676 1310
1747400957135 3.0 1314
1747400957136 3.0 1314
1747400960541 3.0136986301369864 1320
1747400960541 3.0136986301369864 1320
1747400964438 3.036529680365297 1330
1747400964438 3.036529680365297 1330
1747400968381 3.0593607305936072 1340
1747400968383 3.0593607305936072 1340
1747400972391 3.0821917808219177 1350
1747400972391 3.0821917808219177 1350
1747400977974 3.105022831050228 1360
1747400977974 3.105022831050228 1360
1747400981885 3.127853881278539 1370
1747400981886 3.127853881278539 1370
1747400987522 3.1506849315068495 1380
1747400987523 3.1506849315068495 1380
1747400991375 3.17351598173516 1390
1747400991375 3.17351598173516 1390
1747400995206 3.1963470319634704 1400
1747400995206 3.1963470319634704 1400
1747400999093 3.219178082191781 1410
1747400999093 3.219178082191781 1410
1747401003005 3.2420091324200913 1420
1747401003005 3.2420091324200913 1420
1747401006900 3.2648401826484017 1430
1747401006900 3.2648401826484017 1430
1747401010775 3.287671232876712 1440
1747401010776 3.287671232876712 1440
1747401014656 3.3105022831050226 1450
1747401014656 3.3105022831050226 1450
1747401018549 3.3333333333333335 1460
1747401018549 3.3333333333333335 1460
1747401022441 3.356164383561644 1470
1747401022441 3.356164383561644 1470
1747401026332 3.3789954337899544 1480
1747401026332 3.3789954337899544 1480
1747401030271 3.401826484018265 1490
1747401030273 3.401826484018265 1490
1747401034238 3.4246575342465753 1500
1747401034240 3.4246575342465753 1500
1747401038190 3.4474885844748857 1510
1747401038191 3.4474885844748857 1510
1747401042161 3.470319634703196 1520
1747401042162 3.470319634703196 1520
1747401046024 3.493150684931507 1530
1747401046025 3.493150684931507 1530
1747401050033 3.5159817351598175 1540
1747401050032 3.5159817351598175 1540
1747401053963 3.538812785388128 1550
1747401053964 3.538812785388128 1550
1747401058042 3.5616438356164384 1560
1747401058042 3.5616438356164384 1560
1747401061966 3.584474885844749 1570
1747401061967 3.584474885844749 1570
1747401065863 3.6073059360730593 1580
1747401065864 3.6073059360730593 1580
1747401069824 3.6301369863013697 1590
1747401069825 3.6301369863013697 1590
1747401073788 3.65296803652968 1600
1747401073787 3.65296803652968 1600
1747401077806 3.6757990867579906 1610
1747401077804 3.6757990867579906 1610
1747401081821 3.6986301369863015 1620
1747401081822 3.6986301369863015 1620
1747401086097 3.721461187214612 1630
1747401086098 3.721461187214612 1630
1747401090056 3.7442922374429224 1640
1747401090057 3.7442922374429224 1640
1747401094071 3.767123287671233 1650
1747401094073 3.767123287671233 1650
1747401098089 3.7899543378995433 1660
1747401098090 3.7899543378995433 1660
1747401102299 3.8127853881278537 1670
1747401102300 3.8127853881278537 1670
1747401106425 3.8356164383561646 1680
1747401106426 3.8356164383561646 1680
1747401110396 3.858447488584475 1690
1747401110397 3.858447488584475 1690
1747401114437 3.8812785388127855 1700
1747401114438 3.8812785388127855 1700
1747401118530 3.904109589041096 1710
1747401118531 3.904109589041096 1710
1747401122545 3.9269406392694064 1720
1747401122546 3.9269406392694064 1720
1747401126689 3.949771689497717 1730
1747401126690 3.949771689497717 1730
1747401130796 3.9726027397260273 1740
1747401130797 3.9726027397260273 1740
1747401134720 3.9954337899543377 1750
1747401134722 3.9954337899543377 1750
1747401147135 4.0 1752
1747401147136 4.0 1752
1747401151639 4.018264840182648 1760
1747401151640 4.018264840182648 1760
1747401155516 4.041095890410959 1770
1747401155517 4.041095890410959 1770
1747401159386 4.063926940639269 1780
1747401159387 4.063926940639269 1780
1747401163255 4.0867579908675795 1790
1747401163254 4.0867579908675795 1790
1747401167111 4.109589041095891 1800
1747401167111 4.109589041095891 1800
1747401170980 4.132420091324201 1810
1747401170981 4.132420091324201 1810
1747401174844 4.155251141552512 1820
1747401174844 4.155251141552512 1820
1747401178704 4.178082191780822 1830
1747401178705 4.178082191780822 1830
1747401182558 4.200913242009133 1840
1747401182559 4.200913242009133 1840
1747401186421 4.223744292237443 1850
1747401186422 4.223744292237443 1850
1747401190273 4.2465753424657535 1860
1747401190274 4.2465753424657535 1860
1747401194129 4.269406392694064 1870
1747401194129 4.269406392694064 1870
1747401197980 4.292237442922374 1880
1747401197981 4.292237442922374 1880
1747401201834 4.315068493150685 1890
1747401201834 4.315068493150685 1890
1747401205690 4.337899543378995 1900
1747401205690 4.337899543378995 1900
1747401209541 4.360730593607306 1910
1747401209542 4.360730593607306 1910
1747401213389 4.383561643835616 1920
1747401213389 4.383561643835616 1920
1747401217242 4.406392694063927 1930
1747401217242 4.406392694063927 1930
1747401221092 4.429223744292237 1940
1747401221092 4.429223744292237 1940
1747401224942 4.4520547945205475 1950
1747401224943 4.4520547945205475 1950
1747401228788 4.474885844748858 1960
1747401228788 4.474885844748858 1960
1747401232634 4.497716894977169 1970
1747401232634 4.497716894977169 1970
1747401236478 4.52054794520548 1980
1747401236479 4.52054794520548 1980
1747401240312 4.54337899543379 1990
1747401240313 4.54337899543379 1990
1747401244155 4.566210045662101 2000
1747401244155 4.566210045662101 2000
1747401248024 4.589041095890411 2010
1747401248025 4.589041095890411 2010
1747401251924 4.6118721461187215 2020
1747401251923 4.6118721461187215 2020
1747401255807 4.634703196347032 2030
1747401255807 4.634703196347032 2030
1747401259703 4.657534246575342 2040
1747401259703 4.657534246575342 2040
1747401263580 4.680365296803653 2050
1747401263580 4.680365296803653 2050
1747401267466 4.703196347031963 2060
1747401267465 4.703196347031963 2060
1747401271362 4.726027397260274 2070
1747401271363 4.726027397260274 2070
1747401275248 4.748858447488584 2080
1747401275249 4.748858447488584 2080
1747401279141 4.771689497716895 2090
1747401279141 4.771689497716895 2090
1747401283041 4.794520547945205 2100
1747401283042 4.794520547945205 2100
1747401286964 4.817351598173516 2110
1747401286965 4.817351598173516 2110
1747401290946 4.840182648401827 2120
1747401290946 4.840182648401827 2120
1747401294841 4.863013698630137 2130
1747401294841 4.863013698630137 2130
1747401300445 4.885844748858448 2140
1747401300446 4.885844748858448 2140
1747401304408 4.908675799086758 2150
1747401304409 4.908675799086758 2150
1747401308293 4.931506849315069 2160
1747401308294 4.931506849315069 2160
1747401312295 4.954337899543379 2170
1747401312296 4.954337899543379 2170
1747401316213 4.9771689497716896 2180
1747401316214 4.9771689497716896 2180
1747401319905 5.0 2190
1747401319906 5.0 2190
1747401331700 5.0 2190
1747401331700 5.0 2190
1747401339999 5.0228310502283104 2200
1747401339999 5.0228310502283104 2200
1747401343889 5.045662100456621 2210
1747401343889 5.045662100456621 2210
1747401349560 5.068493150684931 2220
1747401349560 5.068493150684931 2220
1747401353666 5.091324200913242 2230
1747401353666 5.091324200913242 2230
1747401357633 5.114155251141552 2240
1747401357633 5.114155251141552 2240
1747401363302 5.136986301369863 2250
1747401363304 5.136986301369863 2250
1747401367212 5.159817351598173 2260
1747401367223 5.159817351598173 2260
1747401371117 5.182648401826484 2270
1747401371117 5.182648401826484 2270
1747401375044 5.205479452054795 2280
1747401375044 5.205479452054795 2280
1747401378971 5.228310502283105 2290
1747401378971 5.228310502283105 2290
1747401383007 5.251141552511416 2300
1747401383007 5.251141552511416 2300
1747401387002 5.273972602739726 2310
1747401387002 5.273972602739726 2310
1747401390964 5.296803652968037 2320
1747401390964 5.296803652968037 2320
1747401395051 5.319634703196347 2330
1747401395056 5.319634703196347 2330
1747401400526 5.342465753424658 2340
1747401400528 5.342465753424658 2340
1747401404768 5.365296803652968 2350
1747401404768 5.365296803652968 2350
1747401410008 5.3881278538812785 2360
1747401410008 5.3881278538812785 2360
1747401415631 5.410958904109589 2370
1747401415631 5.410958904109589 2370
1747401419492 5.433789954337899 2380
1747401419494 5.433789954337899 2380
1747401423414 5.45662100456621 2390
1747401423414 5.45662100456621 2390
1747401427361 5.47945205479452 2400
1747401427361 5.47945205479452 2400
1747401431322 5.502283105022831 2410
1747401431322 5.502283105022831 2410
1747401436966 5.525114155251142 2420
1747401436980 5.525114155251142 2420
1747401442468 5.5479452054794525 2430
1747401442468 5.5479452054794525 2430
1747401446471 5.570776255707763 2440
1747401446471 5.570776255707763 2440
1747401450341 5.593607305936073 2450
1747401450343 5.593607305936073 2450
1747401455889 5.616438356164384 2460
1747401455889 5.616438356164384 2460
1747401459812 5.639269406392694 2470
1747401459812 5.639269406392694 2470
1747401463718 5.662100456621005 2480
1747401463718 5.662100456621005 2480
1747401467669 5.684931506849315 2490
1747401467669 5.684931506849315 2490
1747401473256 5.707762557077626 2500
1747401473256 5.707762557077626 2500
1747401477258 5.730593607305936 2510
1747401477258 5.730593607305936 2510
1747401481120 5.7534246575342465 2520
1747401481121 5.7534246575342465 2520
1747401485073 5.776255707762557 2530
1747401485074 5.776255707762557 2530
1747401489043 5.799086757990867 2540
1747401489043 5.799086757990867 2540
1747401493025 5.821917808219178 2550
1747401493025 5.821917808219178 2550
1747401496946 5.844748858447488 2560
1747401496946 5.844748858447488 2560
1747401500906 5.867579908675799 2570
1747401500906 5.867579908675799 2570
1747401504829 5.890410958904109 2580
1747401504831 5.890410958904109 2580
1747401508732 5.91324200913242 2590
1747401508732 5.91324200913242 2590
1747401512630 5.936073059360731 2600
1747401512630 5.936073059360731 2600
1747401516606 5.958904109589041 2610
1747401516606 5.958904109589041 2610
1747401520475 5.981735159817352 2620
1747401520476 5.981735159817352 2620
1747401535388 6.0 2628
1747401535386 6.0 2628
1747401537832 6.0 2628
1747401537834 6.0 2628
