1747400396616 2.4098165035247803 10
1747400396616 2.4098165035247803 10
1747400400245 1.6826509237289429 20
1747400400245 1.6826509237289429 20
1747400403889 1.2164027690887451 30
1747400403889 1.2164027690887451 30
1747400409150 6.144166469573975 40
1747400409150 6.144166469573975 40
1747400412840 4.303328990936279 50
1747400412840 4.303328990936279 50
1747400416527 4.268213272094727 60
1747400416527 4.268213272094727 60
1747400420313 0.12034828215837479 70
1747400420313 0.12034828215837479 70
1747400425716 5.110252857208252 80
1747400425717 5.110252857208252 80
1747400429396 7.041972637176514 90
1747400429396 7.041972637176514 90
1747400433124 0.1750430166721344 100
1747400433124 0.1750430166721344 100
1747400436814 0.31673210859298706 110
1747400436814 0.31673210859298706 110
1747400440495 33.13169479370117 120
1747400440495 33.13169479370117 120
1747400444188 1.8205933570861816 130
1747400444186 1.8205933570861816 130
1747400447881 0.2658149302005768 140
1747400447881 0.2658149302005768 140
1747400451597 0.20875807106494904 150
1747400451597 0.20875807106494904 150
1747400455280 4.375311374664307 160
1747400455280 4.375311374664307 160
1747400458981 8.5068941116333 170
1747400458981 8.5068941116333 170
1747400462683 0.1137283444404602 180
1747400462683 0.1137283444404602 180
1747400466384 2.8855631351470947 190
1747400466384 2.8855631351470947 190
1747400470100 1.6857174634933472 200
1747400470100 1.6857174634933472 200
1747400473800 7.443384170532227 210
1747400473800 7.443384170532227 210
1747400477518 0.15816256403923035 220
1747400477518 0.15816256403923035 220
1747400481236 0.26427188515663147 230
1747400481236 0.26427188515663147 230
1747400484966 0.06678400188684464 240
1747400484966 0.06678400188684464 240
1747400488683 0.045656345784664154 250
1747400488683 0.045656345784664154 250
1747400492399 0.04765196889638901 260
1747400492399 0.04765196889638901 260
1747400496131 0.1106916218996048 270
1747400496131 0.1106916218996048 270
1747400499863 0.13874492049217224 280
1747400499863 0.13874492049217224 280
1747400503595 1.0667320489883423 290
1747400503595 1.0667320489883423 290
1747400507345 8.189042091369629 300
1747400507345 8.189042091369629 300
1747400512709 0.0436893105506897 310
1747400512709 0.0436893105506897 310
1747400516426 0.08145081251859665 320
1747400516426 0.08145081251859665 320
1747400520161 5.752996921539307 330
1747400520161 5.752996921539307 330
1747400523907 0.0322255864739418 340
1747400523907 0.0322255864739418 340
1747400527639 0.027099743485450745 350
1747400527639 0.027099743485450745 350
1747400531393 0.4611109793186188 360
1747400531394 0.4611109793186188 360
1747400535144 10.986226081848145 370
1747400535144 10.986226081848145 370
1747400538889 0.2586631178855896 380
1747400538889 0.2586631178855896 380
1747400542641 0.0463239811360836 390
1747400542641 0.0463239811360836 390
1747400546373 0.31791287660598755 400
1747400546373 0.31791287660598755 400
1747400550136 0.10184942930936813 410
1747400550136 0.10184942930936813 410
1747400553903 4.737527370452881 420
1747400553908 4.737527370452881 420
1747400557666 9.401408195495605 430
1747400557666 9.401408195495605 430
1747400575789 0.027930868789553642 440
1747400575789 0.027930868789553642 440
1747400579656 0.028582831844687462 450
1747400579656 0.028582831844687462 450
1747400583506 0.01808173581957817 460
1747400583515 0.01808173581957817 460
1747400589064 0.12781354784965515 470
1747400589064 0.12781354784965515 470
1747400592931 0.013815077021718025 480
1747400592931 0.013815077021718025 480
1747400596770 0.3860812187194824 490
1747400596770 0.3860812187194824 490
1747400600601 0.022862764075398445 500
1747400600601 0.022862764075398445 500
1747400604440 0.012742766179144382 510
1747400604446 0.012742766179144382 510
1747400608300 2.1133317947387695 520
1747400608300 2.1133317947387695 520
1747400612124 0.010095532983541489 530
1747400612124 0.010095532983541489 530
1747400615957 0.0059948572888970375 540
1747400615957 0.0059948572888970375 540
1747400619821 0.016296429559588432 550
1747400619821 0.016296429559588432 550
1747400623695 9.542223930358887 560
1747400623695 9.542223930358887 560
1747400627558 0.012653171084821224 570
1747400627558 0.012653171084821224 570
1747400631418 0.04764258861541748 580
1747400631418 0.04764258861541748 580
1747400635277 0.02659669890999794 590
1747400635277 0.02659669890999794 590
1747400639129 0.09426897764205933 600
1747400639129 0.09426897764205933 600
1747400643049 18.954980850219727 610
1747400643051 18.954980850219727 610
1747400646926 6.902222633361816 620
1747400646926 6.902222633361816 620
1747400650821 0.12148752808570862 630
1747400650821 0.12148752808570862 630
1747400657373 0.028065474703907967 640
1747400657378 0.028065474703907967 640
1747400663868 0.006726262159645557 650
1747400663869 0.006726262159645557 650
1747400668100 9.145885467529297 660
1747400668101 9.145885467529297 660
1747400672109 0.01854253187775612 670
1747400672109 0.01854253187775612 670
1747400675991 9.28558349609375 680
1747400675991 9.28558349609375 680
1747400680022 0.017575381323695183 690
1747400680023 0.017575381323695183 690
1747400683985 0.009647172875702381 700
1747400683987 0.009647172875702381 700
1747400687961 14.997068405151367 710
1747400687962 14.997068405151367 710
1747400691870 13.42851448059082 720
1747400691870 13.42851448059082 720
1747400695754 0.012636272236704826 730
1747400695755 0.012636272236704826 730
1747400701484 0.013968367129564285 740
1747400701485 0.013968367129564285 740
1747400705389 0.03089362196624279 750
1747400705390 0.03089362196624279 750
1747400709327 0.023864643648266792 760
1747400709328 0.023864643648266792 760
1747400713205 0.009628800675272942 770
1747400713205 0.009628800675272942 770
1747400717029 0.014076687395572662 780
1747400717029 0.014076687395572662 780
1747400720875 0.023276766762137413 790
1747400720875 0.023276766762137413 790
1747400724741 0.007817556150257587 800
1747400724742 0.007817556150257587 800
1747400728634 0.014408731833100319 810
1747400728634 0.014408731833100319 810
1747400732473 0.02303217351436615 820
1747400732474 0.02303217351436615 820
1747400736360 0.014519155025482178 830
1747400736360 0.014519155025482178 830
1747400740302 0.01684746891260147 840
1747400740303 0.01684746891260147 840
1747400744337 0.00616488978266716 850
1747400744337 0.00616488978266716 850
1747400748447 0.22544556856155396 860
1747400748448 0.22544556856155396 860
1747400752362 0.008414797484874725 870
1747400752362 0.008414797484874725 870
1747400768927 0.011128215119242668 880
1747400768927 0.011128215119242668 880
1747400772799 0.03569324314594269 890
1747400772800 0.03569324314594269 890
1747400778540 0.008907129988074303 900
1747400778542 0.008907129988074303 900
1747400785735 0.006213753949850798 910
1747400785730 0.006213753949850798 910
1747400789641 0.006138802506029606 920
1747400789642 0.006138802506029606 920
1747400793507 0.24556340277194977 930
1747400793507 0.24556340277194977 930
1747400797437 0.0043484210036695 940
1747400797437 0.0043484210036695 940
1747400801315 0.03472977876663208 950
1747400801315 0.03472977876663208 950
1747400805212 0.003775082528591156 960
1747400805212 0.003775082528591156 960
1747400809167 0.27527549862861633 970
1747400809167 0.27527549862861633 970
1747400813163 0.003696717321872711 980
1747400813163 0.003696717321872711 980
1747400817001 0.008348158560693264 990
1747400817001 0.008348158560693264 990
1747400821151 0.006436374969780445 1000
1747400821151 0.006436374969780445 1000
1747400826666 0.1761513203382492 1010
1747400826666 0.1761513203382492 1010
1747400830791 0.0249323733150959 1020
1747400830791 0.0249323733150959 1020
1747400834607 0.0099413450807333 1030
1747400834607 0.0099413450807333 1030
1747400838497 0.0035853481385856867 1040
1747400838499 0.0035853481385856867 1040
1747400842419 4.454154968261719 1050
1747400842420 4.454154968261719 1050
1747400846402 8.279272079467773 1060
1747400846403 8.279272079467773 1060
1747400851975 0.018242664635181427 1070
1747400851976 0.018242664635181427 1070
1747400855800 0.005579943768680096 1080
1747400855801 0.005579943768680096 1080
1747400859654 0.003432528581470251 1090
1747400859655 0.003432528581470251 1090
1747400863517 0.0029855617322027683 1100
1747400863518 0.0029855617322027683 1100
1747400867449 0.002232471015304327 1110
1747400867449 0.002232471015304327 1110
1747400871395 0.003105970798060298 1120
1747400871395 0.003105970798060298 1120
1747400875214 0.015331113710999489 1130
1747400875214 0.015331113710999489 1130
1747400879060 7.31906795501709 1140
1747400879060 7.31906795501709 1140
1747400882895 0.028165647760033607 1150
1747400882895 0.028165647760033607 1150
1747400886728 15.602819442749023 1160
1747400886728 15.602819442749023 1160
1747400890569 0.07408985495567322 1170
1747400890569 0.07408985495567322 1170
1747400894393 0.004923174157738686 1180
1747400894393 0.004923174157738686 1180
1747400898231 0.003148586256429553 1190
1747400898231 0.003148586256429553 1190
1747400902058 0.024484695866703987 1200
1747400902058 0.024484695866703987 1200
1747400905886 0.010805035941302776 1210
1747400905886 0.010805035941302776 1210
1747400909712 0.006124897859990597 1220
1747400909712 0.006124897859990597 1220
1747400913549 0.0034920931793749332 1230
1747400913549 0.0034920931793749332 1230
1747400917378 0.06328094005584717 1240
1747400917378 0.06328094005584717 1240
1747400921189 0.0022204529959708452 1250
1747400921189 0.0022204529959708452 1250
1747400925033 0.04698185250163078 1260
1747400925033 0.04698185250163078 1260
1747400928861 0.0035639218986034393 1270
1747400928861 0.0035639218986034393 1270
1747400932682 0.0024864054284989834 1280
1747400932682 0.0024864054284989834 1280
1747400936509 0.0023106872104108334 1290
1747400936509 0.0023106872104108334 1290
1747400940338 0.02001204527914524 1300
1747400940338 0.02001204527914524 1300
1747400944163 0.0039907582104206085 1310
1747400944163 0.0039907582104206085 1310
1747400960541 0.005402142181992531 1320
1747400960541 0.005402142181992531 1320
1747400964438 0.004228726029396057 1330
1747400964438 0.004228726029396057 1330
1747400968381 0.0018110134406015277 1340
1747400968383 0.0018110134406015277 1340
1747400972391 0.023336373269557953 1350
1747400972391 0.023336373269557953 1350
1747400977974 0.011617038398981094 1360
1747400977974 0.011617038398981094 1360
1747400981885 0.0019470950355753303 1370
1747400981886 0.0019470950355753303 1370
1747400987522 0.02257869392633438 1380
1747400987523 0.02257869392633438 1380
1747400991375 0.0021815868094563484 1390
1747400991375 0.0021815868094563484 1390
1747400995206 0.002765200100839138 1400
1747400995206 0.002765200100839138 1400
1747400999093 0.0025518087204545736 1410
1747400999093 0.0025518087204545736 1410
1747401003005 0.0018745206762105227 1420
1747401003005 0.0018745206762105227 1420
1747401006900 0.002573753707110882 1430
1747401006900 0.002573753707110882 1430
1747401010775 0.002061382867395878 1440
1747401010776 0.002061382867395878 1440
1747401014656 0.0021293608006089926 1450
1747401014656 0.0021293608006089926 1450
1747401018549 0.0052156285382807255 1460
1747401018549 0.0052156285382807255 1460
1747401022441 0.005982707720249891 1470
1747401022441 0.005982707720249891 1470
1747401026332 0.01329090353101492 1480
1747401026332 0.01329090353101492 1480
1747401030271 0.00329008256085217 1490
1747401030273 0.00329008256085217 1490
1747401034238 0.00919959507882595 1500
1747401034240 0.00919959507882595 1500
1747401038190 0.0014619907597079873 1510
1747401038191 0.0014619907597079873 1510
1747401042161 0.0032031377777457237 1520
1747401042162 0.0032031377777457237 1520
1747401046024 0.0009992900304496288 1530
1747401046025 0.0009992900304496288 1530
1747401050033 0.01703471876680851 1540
1747401050032 0.01703471876680851 1540
1747401053963 17.295257568359375 1550
1747401053964 17.295257568359375 1550
1747401058042 0.0015328164445236325 1560
1747401058042 0.0015328164445236325 1560
1747401061966 0.0012190926354378462 1570
1747401061967 0.0012190926354378462 1570
1747401065863 0.0021928574424237013 1580
1747401065864 0.0021928574424237013 1580
1747401069824 0.0015053084352985024 1590
1747401069825 0.0015053084352985024 1590
1747401073787 0.006874570623040199 1600
1747401073788 0.006874570623040199 1600
1747401077806 0.0012210003333166242 1610
1747401077804 0.0012210003333166242 1610
1747401081821 0.9804877042770386 1620
1747401081822 0.9804877042770386 1620
1747401086097 0.0009509202791377902 1630
1747401086098 0.0009509202791377902 1630
1747401090056 0.0009101973264478147 1640
1747401090057 0.0009101973264478147 1640
1747401094071 0.003758850274607539 1650
1747401094073 0.003758850274607539 1650
1747401098089 0.04514336585998535 1660
1747401098090 0.04514336585998535 1660
1747401102299 0.0023131005000323057 1670
1747401102300 0.0023131005000323057 1670
1747401106425 0.0009716176427900791 1680
1747401106426 0.0009716176427900791 1680
1747401110396 0.001404452952556312 1690
1747401110397 0.001404452952556312 1690
1747401114437 0.0014375466853380203 1700
1747401114438 0.0014375466853380203 1700
1747401118530 0.0011627987259998918 1710
1747401118531 0.0011627987259998918 1710
1747401122545 0.0010729150380939245 1720
1747401122546 0.0010729150380939245 1720
1747401126689 0.0009889531647786498 1730
1747401126690 0.0009889531647786498 1730
1747401130796 0.00261493818834424 1740
1747401130797 0.00261493818834424 1740
1747401134720 0.04608341306447983 1750
1747401134722 0.04608341306447983 1750
1747401151639 0.003770998911932111 1760
1747401151640 0.003770998911932111 1760
1747401155516 0.006559111177921295 1770
1747401155517 0.006559111177921295 1770
1747401159386 0.005119204521179199 1780
1747401159387 0.005119204521179199 1780
1747401163255 0.016905365511775017 1790
1747401163254 0.016905365511775017 1790
1747401167111 0.003090925281867385 1800
1747401167111 0.003090925281867385 1800
1747401170980 0.21492965519428253 1810
1747401170981 0.21492965519428253 1810
1747401174844 0.0016386413481086493 1820
1747401174844 0.0016386413481086493 1820
1747401178704 0.002275217790156603 1830
1747401178705 0.002275217790156603 1830
1747401182558 0.002558779902756214 1840
1747401182559 0.002558779902756214 1840
1747401186421 0.0021189297549426556 1850
1747401186422 0.0021189297549426556 1850
1747401190273 0.0022720880806446075 1860
1747401190274 0.0022720880806446075 1860
1747401194129 0.0010900046909227967 1870
1747401194129 0.0010900046909227967 1870
1747401197980 0.0013596222270280123 1880
1747401197981 0.0013596222270280123 1880
1747401201834 0.0015350013272836804 1890
1747401201834 0.0015350013272836804 1890
1747401205690 0.0009480558219365776 1900
1747401205690 0.0009480558219365776 1900
1747401209541 0.0016699929255992174 1910
1747401209542 0.0016699929255992174 1910
1747401213389 0.0011807421687990427 1920
1747401213389 0.0011807421687990427 1920
1747401217242 0.0012357196537777781 1930
1747401217242 0.0012357196537777781 1930
1747401221092 0.0036626432556658983 1940
1747401221092 0.0036626432556658983 1940
1747401224942 0.0011543921427801251 1950
1747401224943 0.0011543921427801251 1950
1747401228788 0.0013788104988634586 1960
1747401228788 0.0013788104988634586 1960
1747401232634 0.0013124154647812247 1970
1747401232634 0.0013124154647812247 1970
1747401236478 0.0008902706322260201 1980
1747401236479 0.0008902706322260201 1980
1747401240312 0.0008185196202248335 1990
1747401240313 0.0008185196202248335 1990
1747401244155 0.0008654700359329581 2000
1747401244155 0.0008654700359329581 2000
1747401248024 0.0008519481052644551 2010
1747401248025 0.0008519481052644551 2010
1747401251924 0.0008632474928162992 2020
1747401251923 0.0008632474928162992 2020
1747401255807 0.0007388931699097157 2030
1747401255807 0.0007388931699097157 2030
1747401259703 0.000864717410877347 2040
1747401259703 0.000864717410877347 2040
1747401263580 0.0008545314194634557 2050
1747401263580 0.0008545314194634557 2050
1747401267466 0.0009470383520238101 2060
1747401267465 0.0009470383520238101 2060
1747401271362 0.002246431540697813 2070
1747401271363 0.002246431540697813 2070
1747401275248 0.0010497953044250607 2080
1747401275249 0.0010497953044250607 2080
1747401279141 0.0011328515829518437 2090
1747401279141 0.0011328515829518437 2090
1747401283041 0.001173854572698474 2100
1747401283042 0.001173854572698474 2100
1747401286964 0.0013025904772803187 2110
1747401286965 0.0013025904772803187 2110
1747401290946 0.002195383422076702 2120
1747401290946 0.002195383422076702 2120
1747401294841 0.001153087941929698 2130
1747401294841 0.001153087941929698 2130
1747401300445 0.010796986520290375 2140
1747401300446 0.010796986520290375 2140
1747401304408 0.03544235602021217 2150
1747401304409 0.03544235602021217 2150
1747401308293 0.0012670365395024419 2160
1747401308294 0.0012670365395024419 2160
1747401312295 0.0010364011395722628 2170
1747401312296 0.0010364011395722628 2170
1747401316213 0.19020652770996094 2180
1747401316214 0.19020652770996094 2180
1747401319905 0.00201045093126595 2190
1747401319906 0.00201045093126595 2190
1747401339999 0.0007419087341986597 2200
1747401339999 0.0007419087341986597 2200
1747401343889 0.0009094846900552511 2210
1747401343889 0.0009094846900552511 2210
1747401349560 0.0010638099629431963 2220
1747401349560 0.0010638099629431963 2220
1747401353666 0.00816161185503006 2230
1747401353666 0.00816161185503006 2230
1747401357633 0.0011362716322764754 2240
1747401357633 0.0011362716322764754 2240
1747401363302 0.000806898286100477 2250
1747401363304 0.000806898286100477 2250
1747401367212 0.0013069264823570848 2260
1747401367223 0.0013069264823570848 2260
1747401371117 0.0008876812062226236 2270
1747401371117 0.0008876812062226236 2270
1747401375044 28.309064865112305 2280
1747401375044 28.309064865112305 2280
1747401378971 0.0009736246429383755 2290
1747401378971 0.0009736246429383755 2290
1747401383007 0.000900954648386687 2300
1747401383007 0.000900954648386687 2300
1747401387002 0.0007502780645154417 2310
1747401387002 0.0007502780645154417 2310
1747401390964 0.002153098350390792 2320
1747401390964 0.002153098350390792 2320
1747401395051 0.007749720476567745 2330
1747401395056 0.007749720476567745 2330
1747401400526 0.0010960507206618786 2340
1747401400528 0.0010960507206618786 2340
1747401404768 0.0008934695506468415 2350
1747401404768 0.0008934695506468415 2350
1747401410008 0.0008893290068954229 2360
1747401410008 0.0008893290068954229 2360
1747401415631 0.0006757757510058582 2370
1747401415631 0.0006757757510058582 2370
1747401419492 0.0008090602932497859 2380
1747401419494 0.0008090602932497859 2380
1747401423414 0.0007581058307550848 2390
1747401423414 0.0007581058307550848 2390
1747401427361 0.0006733424961566925 2400
1747401427361 0.0006733424961566925 2400
1747401431322 0.0009453012025915086 2410
1747401431322 0.0009453012025915086 2410
1747401436966 0.0007712835795246065 2420
1747401436980 0.0007712835795246065 2420
1747401442468 0.0006673643365502357 2430
1747401442468 0.0006673643365502357 2430
1747401446471 0.0006708701839670539 2440
1747401446471 0.0006708701839670539 2440
1747401450341 0.000613074516877532 2450
1747401450343 0.000613074516877532 2450
1747401455889 0.0005772636504843831 2460
1747401455889 0.0005772636504843831 2460
1747401459812 0.0007215075893327594 2470
1747401459812 0.0007215075893327594 2470
1747401463718 0.000623085186816752 2480
1747401463718 0.000623085186816752 2480
1747401467669 0.0007096271147020161 2490
1747401467669 0.0007096271147020161 2490
1747401473256 0.0005437331274151802 2500
1747401473256 0.0005437331274151802 2500
1747401477258 0.0004922713269479573 2510
1747401477258 0.0004922713269479573 2510
1747401481120 0.0005526782479137182 2520
1747401481121 0.0005526782479137182 2520
1747401485073 0.000570675649214536 2530
1747401485074 0.000570675649214536 2530
1747401489043 0.000574028876144439 2540
1747401489043 0.000574028876144439 2540
1747401493025 0.12678253650665283 2550
1747401493025 0.12678253650665283 2550
1747401496946 0.0007616322254762053 2560
1747401496946 0.0007616322254762053 2560
1747401500906 0.21596848964691162 2570
1747401500906 0.21596848964691162 2570
1747401504829 0.0005595948896370828 2580
1747401504831 0.0005595948896370828 2580
1747401508732 0.0005976984393782914 2590
1747401508732 0.0005976984393782914 2590
1747401512630 0.0005880910321138799 2600
1747401512630 0.0005880910321138799 2600
1747401516606 0.0006173998117446899 2610
1747401516606 0.0006173998117446899 2610
1747401520475 0.0005876437644474208 2620
1747401520476 0.0005876437644474208 2620
