1747400396616 4.988584474885845e-05 10
1747400396616 4.988584474885845e-05 10
1747400400245 4.977168949771689e-05 20
1747400400245 4.977168949771689e-05 20
1747400403889 4.9657534246575346e-05 30
1747400403889 4.9657534246575346e-05 30
1747400409150 4.9543378995433794e-05 40
1747400409150 4.9543378995433794e-05 40
1747400412840 4.942922374429224e-05 50
1747400412840 4.942922374429224e-05 50
1747400416527 4.9315068493150684e-05 60
1747400416527 4.9315068493150684e-05 60
1747400420313 4.920091324200913e-05 70
1747400420313 4.920091324200913e-05 70
1747400425716 4.908675799086758e-05 80
1747400425717 4.908675799086758e-05 80
1747400429396 4.8972602739726034e-05 90
1747400429396 4.8972602739726034e-05 90
1747400433124 4.8858447488584476e-05 100
1747400433124 4.8858447488584476e-05 100
1747400436814 4.8744292237442924e-05 110
1747400436814 4.8744292237442924e-05 110
1747400440495 4.863013698630137e-05 120
1747400440495 4.863013698630137e-05 120
1747400444188 4.851598173515982e-05 130
1747400444186 4.851598173515982e-05 130
1747400447881 4.840182648401827e-05 140
1747400447881 4.840182648401827e-05 140
1747400451597 4.8287671232876716e-05 150
1747400451597 4.8287671232876716e-05 150
1747400455280 4.8173515981735164e-05 160
1747400455280 4.8173515981735164e-05 160
1747400458981 4.805936073059361e-05 170
1747400458981 4.805936073059361e-05 170
1747400462683 4.794520547945205e-05 180
1747400462683 4.794520547945205e-05 180
1747400466384 4.78310502283105e-05 190
1747400466384 4.78310502283105e-05 190
1747400470100 4.7716894977168955e-05 200
1747400470100 4.7716894977168955e-05 200
1747400473800 4.7602739726027403e-05 210
1747400473800 4.7602739726027403e-05 210
1747400477518 4.7488584474885845e-05 220
1747400477518 4.7488584474885845e-05 220
1747400481236 4.737442922374429e-05 230
1747400481236 4.737442922374429e-05 230
1747400484966 4.726027397260274e-05 240
1747400484966 4.726027397260274e-05 240
1747400488683 4.714611872146119e-05 250
1747400488683 4.714611872146119e-05 250
1747400492399 4.703196347031964e-05 260
1747400492399 4.703196347031964e-05 260
1747400496131 4.6917808219178085e-05 270
1747400496131 4.6917808219178085e-05 270
1747400499863 4.680365296803653e-05 280
1747400499863 4.680365296803653e-05 280
1747400503595 4.668949771689498e-05 290
1747400503595 4.668949771689498e-05 290
1747400507345 4.657534246575342e-05 300
1747400507345 4.657534246575342e-05 300
1747400512709 4.646118721461187e-05 310
1747400512709 4.646118721461187e-05 310
1747400516426 4.6347031963470325e-05 320
1747400516426 4.6347031963470325e-05 320
1747400520161 4.623287671232877e-05 330
1747400520161 4.623287671232877e-05 330
1747400523907 4.6118721461187214e-05 340
1747400523907 4.6118721461187214e-05 340
1747400527639 4.600456621004566e-05 350
1747400527639 4.600456621004566e-05 350
1747400531393 4.589041095890411e-05 360
1747400531394 4.589041095890411e-05 360
1747400535144 4.577625570776256e-05 370
1747400535144 4.577625570776256e-05 370
1747400538889 4.5662100456621006e-05 380
1747400538889 4.5662100456621006e-05 380
1747400542641 4.5547945205479454e-05 390
1747400542641 4.5547945205479454e-05 390
1747400546373 4.54337899543379e-05 400
1747400546373 4.54337899543379e-05 400
1747400550136 4.531963470319635e-05 410
1747400550136 4.531963470319635e-05 410
1747400553903 4.520547945205479e-05 420
1747400553908 4.520547945205479e-05 420
1747400557666 4.5091324200913246e-05 430
1747400557666 4.5091324200913246e-05 430
1747400575789 4.4977168949771694e-05 440
1747400575789 4.4977168949771694e-05 440
1747400579656 4.486301369863014e-05 450
1747400579656 4.486301369863014e-05 450
1747400583506 4.474885844748858e-05 460
1747400583515 4.474885844748858e-05 460
1747400589064 4.463470319634703e-05 470
1747400589064 4.463470319634703e-05 470
1747400592931 4.452054794520548e-05 480
1747400592931 4.452054794520548e-05 480
1747400596770 4.4406392694063934e-05 490
1747400596770 4.4406392694063934e-05 490
1747400600601 4.4292237442922375e-05 500
1747400600601 4.4292237442922375e-05 500
1747400604440 4.417808219178082e-05 510
1747400604446 4.417808219178082e-05 510
1747400608300 4.406392694063927e-05 520
1747400608300 4.406392694063927e-05 520
1747400612124 4.394977168949772e-05 530
1747400612124 4.394977168949772e-05 530
1747400615957 4.383561643835617e-05 540
1747400615957 4.383561643835617e-05 540
1747400619821 4.3721461187214615e-05 550
1747400619821 4.3721461187214615e-05 550
1747400623695 4.360730593607306e-05 560
1747400623695 4.360730593607306e-05 560
1747400627558 4.349315068493151e-05 570
1747400627558 4.349315068493151e-05 570
1747400631418 4.337899543378995e-05 580
1747400631418 4.337899543378995e-05 580
1747400635277 4.32648401826484e-05 590
1747400635277 4.32648401826484e-05 590
1747400639129 4.3150684931506855e-05 600
1747400639129 4.3150684931506855e-05 600
1747400643049 4.30365296803653e-05 610
1747400643051 4.30365296803653e-05 610
1747400646926 4.2922374429223744e-05 620
1747400646926 4.2922374429223744e-05 620
1747400650821 4.280821917808219e-05 630
1747400650821 4.280821917808219e-05 630
1747400657373 4.269406392694064e-05 640
1747400657378 4.269406392694064e-05 640
1747400663868 4.257990867579909e-05 650
1747400663869 4.257990867579909e-05 650
1747400668100 4.2465753424657536e-05 660
1747400668101 4.2465753424657536e-05 660
1747400672109 4.2351598173515984e-05 670
1747400672109 4.2351598173515984e-05 670
1747400675991 4.223744292237443e-05 680
1747400675991 4.223744292237443e-05 680
1747400680022 4.212328767123288e-05 690
1747400680023 4.212328767123288e-05 690
1747400683985 4.200913242009132e-05 700
1747400683987 4.200913242009132e-05 700
1747400687961 4.1894977168949776e-05 710
1747400687962 4.1894977168949776e-05 710
1747400691870 4.1780821917808224e-05 720
1747400691870 4.1780821917808224e-05 720
1747400695754 4.166666666666667e-05 730
1747400695755 4.166666666666667e-05 730
1747400701484 4.155251141552511e-05 740
1747400701485 4.155251141552511e-05 740
1747400705389 4.143835616438356e-05 750
1747400705390 4.143835616438356e-05 750
1747400709327 4.132420091324201e-05 760
1747400709328 4.132420091324201e-05 760
1747400713205 4.121004566210046e-05 770
1747400713205 4.121004566210046e-05 770
1747400717029 4.1095890410958905e-05 780
1747400717029 4.1095890410958905e-05 780
1747400720875 4.098173515981735e-05 790
1747400720875 4.098173515981735e-05 790
1747400724741 4.08675799086758e-05 800
1747400724742 4.08675799086758e-05 800
1747400728634 4.075342465753425e-05 810
1747400728634 4.075342465753425e-05 810
1747400732473 4.063926940639269e-05 820
1747400732474 4.063926940639269e-05 820
1747400736360 4.0525114155251145e-05 830
1747400736360 4.0525114155251145e-05 830
1747400740302 4.041095890410959e-05 840
1747400740303 4.041095890410959e-05 840
1747400744337 4.029680365296804e-05 850
1747400744337 4.029680365296804e-05 850
1747400748447 4.018264840182648e-05 860
1747400748448 4.018264840182648e-05 860
1747400752362 4.006849315068493e-05 870
1747400752362 4.006849315068493e-05 870
1747400768927 3.995433789954338e-05 880
1747400768927 3.995433789954338e-05 880
1747400772799 3.984018264840183e-05 890
1747400772800 3.984018264840183e-05 890
1747400778540 3.9726027397260274e-05 900
1747400778542 3.9726027397260274e-05 900
1747400785735 3.961187214611872e-05 910
1747400785730 3.961187214611872e-05 910
1747400789641 3.949771689497717e-05 920
1747400789642 3.949771689497717e-05 920
1747400793507 3.938356164383562e-05 930
1747400793507 3.938356164383562e-05 930
1747400797437 3.9269406392694066e-05 940
1747400797437 3.9269406392694066e-05 940
1747400801315 3.9155251141552514e-05 950
1747400801315 3.9155251141552514e-05 950
1747400805212 3.904109589041096e-05 960
1747400805212 3.904109589041096e-05 960
1747400809167 3.892694063926941e-05 970
1747400809167 3.892694063926941e-05 970
1747400813163 3.881278538812785e-05 980
1747400813163 3.881278538812785e-05 980
1747400817001 3.86986301369863e-05 990
1747400817001 3.86986301369863e-05 990
1747400821151 3.8584474885844754e-05 1000
1747400821151 3.8584474885844754e-05 1000
1747400826666 3.84703196347032e-05 1010
1747400826666 3.84703196347032e-05 1010
1747400830791 3.8356164383561644e-05 1020
1747400830791 3.8356164383561644e-05 1020
1747400834607 3.824200913242009e-05 1030
1747400834607 3.824200913242009e-05 1030
1747400838497 3.812785388127854e-05 1040
1747400838499 3.812785388127854e-05 1040
1747400842419 3.801369863013699e-05 1050
1747400842420 3.801369863013699e-05 1050
1747400846402 3.7899543378995436e-05 1060
1747400846403 3.7899543378995436e-05 1060
1747400851975 3.7785388127853884e-05 1070
1747400851976 3.7785388127853884e-05 1070
1747400855800 3.767123287671233e-05 1080
1747400855801 3.767123287671233e-05 1080
1747400859654 3.755707762557078e-05 1090
1747400859655 3.755707762557078e-05 1090
1747400863517 3.744292237442922e-05 1100
1747400863518 3.744292237442922e-05 1100
1747400867449 3.7328767123287675e-05 1110
1747400867449 3.7328767123287675e-05 1110
1747400871395 3.7214611872146123e-05 1120
1747400871395 3.7214611872146123e-05 1120
1747400875214 3.710045662100457e-05 1130
1747400875214 3.710045662100457e-05 1130
1747400879060 3.698630136986301e-05 1140
1747400879060 3.698630136986301e-05 1140
1747400882895 3.687214611872146e-05 1150
1747400882895 3.687214611872146e-05 1150
1747400886728 3.675799086757991e-05 1160
1747400886728 3.675799086757991e-05 1160
1747400890569 3.664383561643836e-05 1170
1747400890569 3.664383561643836e-05 1170
1747400894393 3.6529680365296805e-05 1180
1747400894393 3.6529680365296805e-05 1180
1747400898231 3.641552511415525e-05 1190
1747400898231 3.641552511415525e-05 1190
1747400902058 3.63013698630137e-05 1200
1747400902058 3.63013698630137e-05 1200
1747400905886 3.618721461187215e-05 1210
1747400905886 3.618721461187215e-05 1210
1747400909712 3.60730593607306e-05 1220
1747400909712 3.60730593607306e-05 1220
1747400913549 3.5958904109589045e-05 1230
1747400913549 3.5958904109589045e-05 1230
1747400917378 3.584474885844749e-05 1240
1747400917378 3.584474885844749e-05 1240
1747400921189 3.573059360730594e-05 1250
1747400921189 3.573059360730594e-05 1250
1747400925033 3.561643835616438e-05 1260
1747400925033 3.561643835616438e-05 1260
1747400928861 3.550228310502283e-05 1270
1747400928861 3.550228310502283e-05 1270
1747400932682 3.538812785388128e-05 1280
1747400932682 3.538812785388128e-05 1280
1747400936509 3.527397260273973e-05 1290
1747400936509 3.527397260273973e-05 1290
1747400940338 3.5159817351598174e-05 1300
1747400940338 3.5159817351598174e-05 1300
1747400944163 3.504566210045662e-05 1310
1747400944163 3.504566210045662e-05 1310
1747400960541 3.493150684931507e-05 1320
1747400960541 3.493150684931507e-05 1320
1747400964438 3.481735159817352e-05 1330
1747400964438 3.481735159817352e-05 1330
1747400968381 3.4703196347031966e-05 1340
1747400968383 3.4703196347031966e-05 1340
1747400972391 3.4589041095890414e-05 1350
1747400972391 3.4589041095890414e-05 1350
1747400977974 3.447488584474886e-05 1360
1747400977974 3.447488584474886e-05 1360
1747400981885 3.436073059360731e-05 1370
1747400981886 3.436073059360731e-05 1370
1747400987522 3.424657534246575e-05 1380
1747400987523 3.424657534246575e-05 1380
1747400991375 3.41324200913242e-05 1390
1747400991375 3.41324200913242e-05 1390
1747400995206 3.4018264840182654e-05 1400
1747400995206 3.4018264840182654e-05 1400
1747400999093 3.39041095890411e-05 1410
1747400999093 3.39041095890411e-05 1410
1747401003005 3.378995433789954e-05 1420
1747401003005 3.378995433789954e-05 1420
1747401006900 3.367579908675799e-05 1430
1747401006900 3.367579908675799e-05 1430
1747401010775 3.356164383561644e-05 1440
1747401010776 3.356164383561644e-05 1440
1747401014656 3.344748858447489e-05 1450
1747401014656 3.344748858447489e-05 1450
1747401018549 3.3333333333333335e-05 1460
1747401018549 3.3333333333333335e-05 1460
1747401022441 3.321917808219178e-05 1470
1747401022441 3.321917808219178e-05 1470
1747401026332 3.310502283105023e-05 1480
1747401026332 3.310502283105023e-05 1480
1747401030271 3.299086757990868e-05 1490
1747401030273 3.299086757990868e-05 1490
1747401034238 3.287671232876712e-05 1500
1747401034240 3.287671232876712e-05 1500
1747401038190 3.2762557077625575e-05 1510
1747401038191 3.2762557077625575e-05 1510
1747401042161 3.264840182648402e-05 1520
1747401042162 3.264840182648402e-05 1520
1747401046024 3.253424657534247e-05 1530
1747401046025 3.253424657534247e-05 1530
1747401050033 3.242009132420091e-05 1540
1747401050032 3.242009132420091e-05 1540
1747401053963 3.230593607305936e-05 1550
1747401053964 3.230593607305936e-05 1550
1747401058042 3.219178082191781e-05 1560
1747401058042 3.219178082191781e-05 1560
1747401061966 3.207762557077626e-05 1570
1747401061967 3.207762557077626e-05 1570
1747401065863 3.1963470319634704e-05 1580
1747401065864 3.1963470319634704e-05 1580
1747401069824 3.184931506849315e-05 1590
1747401069825 3.184931506849315e-05 1590
1747401073787 3.17351598173516e-05 1600
1747401073788 3.17351598173516e-05 1600
1747401077806 3.162100456621005e-05 1610
1747401077804 3.162100456621005e-05 1610
1747401081821 3.1506849315068496e-05 1620
1747401081822 3.1506849315068496e-05 1620
1747401086097 3.1392694063926944e-05 1630
1747401086098 3.1392694063926944e-05 1630
1747401090056 3.127853881278539e-05 1640
1747401090057 3.127853881278539e-05 1640
1747401094071 3.116438356164384e-05 1650
1747401094073 3.116438356164384e-05 1650
1747401098089 3.105022831050228e-05 1660
1747401098090 3.105022831050228e-05 1660
1747401102299 3.093607305936073e-05 1670
1747401102300 3.093607305936073e-05 1670
1747401106425 3.082191780821918e-05 1680
1747401106426 3.082191780821918e-05 1680
1747401110396 3.070776255707763e-05 1690
1747401110397 3.070776255707763e-05 1690
1747401114437 3.059360730593607e-05 1700
1747401114438 3.059360730593607e-05 1700
1747401118530 3.047945205479452e-05 1710
1747401118531 3.047945205479452e-05 1710
1747401122545 3.036529680365297e-05 1720
1747401122546 3.036529680365297e-05 1720
1747401126689 3.025114155251142e-05 1730
1747401126690 3.025114155251142e-05 1730
1747401130796 3.0136986301369862e-05 1740
1747401130797 3.0136986301369862e-05 1740
1747401134720 3.0022831050228313e-05 1750
1747401134722 3.0022831050228313e-05 1750
1747401151639 2.990867579908676e-05 1760
1747401151640 2.990867579908676e-05 1760
1747401155516 2.979452054794521e-05 1770
1747401155517 2.979452054794521e-05 1770
1747401159386 2.9680365296803654e-05 1780
1747401159387 2.9680365296803654e-05 1780
1747401163255 2.9566210045662102e-05 1790
1747401163254 2.9566210045662102e-05 1790
1747401167111 2.945205479452055e-05 1800
1747401167111 2.945205479452055e-05 1800
1747401170980 2.9337899543378998e-05 1810
1747401170981 2.9337899543378998e-05 1810
1747401174844 2.9223744292237442e-05 1820
1747401174844 2.9223744292237442e-05 1820
1747401178704 2.910958904109589e-05 1830
1747401178705 2.910958904109589e-05 1830
1747401182558 2.8995433789954342e-05 1840
1747401182559 2.8995433789954342e-05 1840
1747401186421 2.888127853881279e-05 1850
1747401186422 2.888127853881279e-05 1850
1747401190273 2.8767123287671234e-05 1860
1747401190274 2.8767123287671234e-05 1860
1747401194129 2.8652968036529682e-05 1870
1747401194129 2.8652968036529682e-05 1870
1747401197980 2.853881278538813e-05 1880
1747401197981 2.853881278538813e-05 1880
1747401201834 2.842465753424658e-05 1890
1747401201834 2.842465753424658e-05 1890
1747401205690 2.8310502283105023e-05 1900
1747401205690 2.8310502283105023e-05 1900
1747401209541 2.819634703196347e-05 1910
1747401209542 2.819634703196347e-05 1910
1747401213389 2.808219178082192e-05 1920
1747401213389 2.808219178082192e-05 1920
1747401217242 2.796803652968037e-05 1930
1747401217242 2.796803652968037e-05 1930
1747401221092 2.785388127853881e-05 1940
1747401221092 2.785388127853881e-05 1940
1747401224942 2.7739726027397263e-05 1950
1747401224943 2.7739726027397263e-05 1950
1747401228788 2.762557077625571e-05 1960
1747401228788 2.762557077625571e-05 1960
1747401232634 2.751141552511416e-05 1970
1747401232634 2.751141552511416e-05 1970
1747401236478 2.7397260273972603e-05 1980
1747401236479 2.7397260273972603e-05 1980
1747401240312 2.728310502283105e-05 1990
1747401240313 2.728310502283105e-05 1990
1747401244155 2.71689497716895e-05 2000
1747401244155 2.71689497716895e-05 2000
1747401248024 2.7054794520547947e-05 2010
1747401248025 2.7054794520547947e-05 2010
1747401251924 2.6940639269406392e-05 2020
1747401251923 2.6940639269406392e-05 2020
1747401255807 2.682648401826484e-05 2030
1747401255807 2.682648401826484e-05 2030
1747401259703 2.671232876712329e-05 2040
1747401259703 2.671232876712329e-05 2040
1747401263580 2.659817351598174e-05 2050
1747401263580 2.659817351598174e-05 2050
1747401267466 2.6484018264840184e-05 2060
1747401267465 2.6484018264840184e-05 2060
1747401271362 2.6369863013698632e-05 2070
1747401271363 2.6369863013698632e-05 2070
1747401275248 2.625570776255708e-05 2080
1747401275249 2.625570776255708e-05 2080
1747401279141 2.6141552511415528e-05 2090
1747401279141 2.6141552511415528e-05 2090
1747401283041 2.6027397260273973e-05 2100
1747401283042 2.6027397260273973e-05 2100
1747401286964 2.591324200913242e-05 2110
1747401286965 2.591324200913242e-05 2110
1747401290946 2.579908675799087e-05 2120
1747401290946 2.579908675799087e-05 2120
1747401294841 2.568493150684932e-05 2130
1747401294841 2.568493150684932e-05 2130
1747401300445 2.557077625570776e-05 2140
1747401300446 2.557077625570776e-05 2140
1747401304408 2.5456621004566213e-05 2150
1747401304409 2.5456621004566213e-05 2150
1747401308293 2.534246575342466e-05 2160
1747401308294 2.534246575342466e-05 2160
1747401312296 2.522831050228311e-05 2170
1747401312295 2.522831050228311e-05 2170
1747401316213 2.5114155251141553e-05 2180
1747401316214 2.5114155251141553e-05 2180
1747401319905 2.5e-05 2190
1747401319906 2.5e-05 2190
1747401339999 2.4885844748858446e-05 2200
1747401339999 2.4885844748858446e-05 2200
1747401343889 2.4771689497716897e-05 2210
1747401343889 2.4771689497716897e-05 2210
1747401349560 2.4657534246575342e-05 2220
1747401349560 2.4657534246575342e-05 2220
1747401353666 2.454337899543379e-05 2230
1747401353666 2.454337899543379e-05 2230
1747401357633 2.4429223744292238e-05 2240
1747401357633 2.4429223744292238e-05 2240
1747401363302 2.4315068493150686e-05 2250
1747401363304 2.4315068493150686e-05 2250
1747401367212 2.4200913242009134e-05 2260
1747401367223 2.4200913242009134e-05 2260
1747401371117 2.4086757990867582e-05 2270
1747401371117 2.4086757990867582e-05 2270
1747401375044 2.3972602739726026e-05 2280
1747401375044 2.3972602739726026e-05 2280
1747401378971 2.3858447488584478e-05 2290
1747401378971 2.3858447488584478e-05 2290
1747401383007 2.3744292237442922e-05 2300
1747401383007 2.3744292237442922e-05 2300
1747401387002 2.363013698630137e-05 2310
1747401387002 2.363013698630137e-05 2310
1747401390964 2.351598173515982e-05 2320
1747401390964 2.351598173515982e-05 2320
1747401395051 2.3401826484018266e-05 2330
1747401395056 2.3401826484018266e-05 2330
1747401400526 2.328767123287671e-05 2340
1747401400528 2.328767123287671e-05 2340
1747401404768 2.3173515981735162e-05 2350
1747401404768 2.3173515981735162e-05 2350
1747401410008 2.3059360730593607e-05 2360
1747401410008 2.3059360730593607e-05 2360
1747401415631 2.2945205479452055e-05 2370
1747401415631 2.2945205479452055e-05 2370
1747401419492 2.2831050228310503e-05 2380
1747401419494 2.2831050228310503e-05 2380
1747401423414 2.271689497716895e-05 2390
1747401423414 2.271689497716895e-05 2390
1747401427361 2.2602739726027396e-05 2400
1747401427361 2.2602739726027396e-05 2400
1747401431322 2.2488584474885847e-05 2410
1747401431322 2.2488584474885847e-05 2410
1747401436966 2.237442922374429e-05 2420
1747401436980 2.237442922374429e-05 2420
1747401442468 2.226027397260274e-05 2430
1747401442468 2.226027397260274e-05 2430
1747401446471 2.2146118721461187e-05 2440
1747401446471 2.2146118721461187e-05 2440
1747401450341 2.2031963470319635e-05 2450
1747401450343 2.2031963470319635e-05 2450
1747401455889 2.1917808219178083e-05 2460
1747401455889 2.1917808219178083e-05 2460
1747401459812 2.180365296803653e-05 2470
1747401459812 2.180365296803653e-05 2470
1747401463718 2.1689497716894976e-05 2480
1747401463718 2.1689497716894976e-05 2480
1747401467669 2.1575342465753427e-05 2490
1747401467669 2.1575342465753427e-05 2490
1747401473256 2.1461187214611872e-05 2500
1747401473256 2.1461187214611872e-05 2500
1747401477258 2.134703196347032e-05 2510
1747401477258 2.134703196347032e-05 2510
1747401481120 2.1232876712328768e-05 2520
1747401481121 2.1232876712328768e-05 2520
1747401485073 2.1118721461187216e-05 2530
1747401485074 2.1118721461187216e-05 2530
1747401489043 2.100456621004566e-05 2540
1747401489043 2.100456621004566e-05 2540
1747401493025 2.0890410958904112e-05 2550
1747401493025 2.0890410958904112e-05 2550
1747401496946 2.0776255707762557e-05 2560
1747401496946 2.0776255707762557e-05 2560
1747401500906 2.0662100456621005e-05 2570
1747401500906 2.0662100456621005e-05 2570
1747401504829 2.0547945205479453e-05 2580
1747401504831 2.0547945205479453e-05 2580
1747401508732 2.04337899543379e-05 2590
1747401508732 2.04337899543379e-05 2590
1747401512630 2.0319634703196345e-05 2600
1747401512630 2.0319634703196345e-05 2600
1747401516606 2.0205479452054797e-05 2610
1747401516606 2.0205479452054797e-05 2610
1747401520475 2.009132420091324e-05 2620
1747401520476 2.009132420091324e-05 2620
