1747400396616 0.617 10
1747400396616 0.617 10
1747400400245 0.2986 20
1747400400245 0.2986 20
1747400403889 0.1693 30
1747400403889 0.1693 30
1747400409150 0.2304 40
1747400409150 0.2304 40
1747400412840 0.1693 50
1747400412840 0.1693 50
1747400416527 0.1401 60
1747400416527 0.1401 60
1747400420313 0.0917 70
1747400420313 0.0917 70
1747400425716 0.241 80
1747400425717 0.241 80
1747400429396 0.0592 90
1747400429396 0.0592 90
1747400433124 0.1514 100
1747400433124 0.1514 100
1747400436814 0.0699 110
1747400436814 0.0699 110
1747400440495 0.0893 120
1747400440495 0.0893 120
1747400444188 0.2632 130
1747400444186 0.2632 130
1747400447881 0.1395 140
1747400447881 0.1395 140
1747400451597 0.1079 150
1747400451597 0.1079 150
1747400455280 0.1977 160
1747400455280 0.1977 160
1747400458981 0.1959 170
1747400458981 0.1959 170
1747400462683 0.1167 180
1747400462683 0.1167 180
1747400466384 0.1686 190
1747400466384 0.1686 190
1747400470100 0.2071 200
1747400470100 0.2071 200
1747400473800 0.1022 210
1747400473800 0.1022 210
1747400477518 0.1469 220
1747400477518 0.1469 220
1747400481236 0.0361 230
1747400481236 0.0361 230
1747400484966 0.0606 240
1747400484966 0.0606 240
1747400488683 0.0657 250
1747400488683 0.0657 250
1747400492399 0.0594 260
1747400492399 0.0594 260
1747400496131 0.0902 270
1747400496131 0.0902 270
1747400499863 0.0617 280
1747400499863 0.0617 280
1747400503595 0.0802 290
1747400503595 0.0802 290
1747400507345 0.0981 300
1747400507345 0.0981 300
1747400512709 0.108 310
1747400512709 0.108 310
1747400516426 0.038 320
1747400516426 0.038 320
1747400520161 0.0788 330
1747400520161 0.0788 330
1747400523907 0.0362 340
1747400523907 0.0362 340
1747400527639 0.0099 350
1747400527639 0.0099 350
1747400531393 0.0679 360
1747400531394 0.0679 360
1747400535144 0.0981 370
1747400535144 0.0981 370
1747400538889 0.0291 380
1747400538889 0.0291 380
1747400542641 0.0397 390
1747400542641 0.0397 390
1747400546373 0.1553 400
1747400546373 0.1553 400
1747400550136 0.0287 410
1747400550136 0.0287 410
1747400553903 0.0616 420
1747400553908 0.0616 420
1747400557666 0.0576 430
1747400557666 0.0576 430
1747400575789 0.0315 440
1747400575789 0.0315 440
1747400579656 0.0053 450
1747400579656 0.0053 450
1747400583506 0.001 460
1747400583515 0.001 460
1747400589064 0.001 470
1747400589064 0.001 470
1747400592931 0.0219 480
1747400592931 0.0219 480
1747400596770 0.045 490
1747400596770 0.045 490
1747400600601 0.0008 500
1747400600601 0.0008 500
1747400604440 0.0006 510
1747400604446 0.0006 510
1747400608300 0.0009 520
1747400608300 0.0009 520
1747400612124 0.0008 530
1747400612124 0.0008 530
1747400615957 0.0008 540
1747400615957 0.0008 540
1747400619821 0.0828 550
1747400619821 0.0828 550
1747400623695 0.0431 560
1747400623695 0.0431 560
1747400627558 0.0119 570
1747400627558 0.0119 570
1747400631418 0.0008 580
1747400631418 0.0008 580
1747400635277 0.172 590
1747400635277 0.172 590
1747400639129 0.0071 600
1747400639129 0.0071 600
1747400643049 0.0162 610
1747400643051 0.0162 610
1747400646926 0.0286 620
1747400646926 0.0286 620
1747400650821 0.0145 630
1747400650821 0.0145 630
1747400657373 0.0011 640
1747400657378 0.0011 640
1747400663868 0.0013 650
1747400663869 0.0013 650
1747400668100 0.0941 660
1747400668101 0.0941 660
1747400672109 0.0039 670
1747400672109 0.0039 670
1747400675991 0.0395 680
1747400675991 0.0395 680
1747400680022 0.0246 690
1747400680023 0.0246 690
1747400683985 0.0009 700
1747400683987 0.0009 700
1747400687961 0.0483 710
1747400687962 0.0483 710
1747400691870 0.1759 720
1747400691870 0.1759 720
1747400695754 0.0185 730
1747400695755 0.0185 730
1747400701484 0.0043 740
1747400701485 0.0043 740
1747400705389 0.0888 750
1747400705390 0.0888 750
1747400709327 0.0147 760
1747400709328 0.0147 760
1747400713205 0.0724 770
1747400713205 0.0724 770
1747400717029 0.0831 780
1747400717029 0.0831 780
1747400720875 0.003 790
1747400720875 0.003 790
1747400724741 0.0016 800
1747400724742 0.0016 800
1747400728634 0.0083 810
1747400728634 0.0083 810
1747400732473 0.0135 820
1747400732474 0.0135 820
1747400736360 0.0167 830
1747400736360 0.0167 830
1747400740302 0.091 840
1747400740303 0.091 840
1747400744337 0.0037 850
1747400744337 0.0037 850
1747400748447 0.0012 860
1747400748448 0.0012 860
1747400752362 0.0185 870
1747400752362 0.0185 870
1747400768927 0.0361 880
1747400768927 0.0361 880
1747400772799 0.0458 890
1747400772800 0.0458 890
1747400778540 0.0004 900
1747400778542 0.0004 900
1747400785735 0.0009 910
1747400785730 0.0009 910
1747400789641 0.0004 920
1747400789642 0.0004 920
1747400793507 0.0004 930
1747400793507 0.0004 930
1747400797437 0.0002 940
1747400797437 0.0002 940
1747400801315 0.0158 950
1747400801315 0.0158 950
1747400805212 0.0006 960
1747400805212 0.0006 960
1747400809167 0.0005 970
1747400809167 0.0005 970
1747400813163 0.079 980
1747400813163 0.079 980
1747400817001 0.0419 990
1747400817001 0.0419 990
1747400821151 0.0004 1000
1747400821151 0.0004 1000
1747400826666 0.0358 1010
1747400826666 0.0358 1010
1747400830791 0.0005 1020
1747400830791 0.0005 1020
1747400834607 0.0002 1030
1747400834607 0.0002 1030
1747400838497 0.0003 1040
1747400838499 0.0003 1040
1747400842419 0.0669 1050
1747400842420 0.0669 1050
1747400846402 0.0016 1060
1747400846403 0.0016 1060
1747400851975 0.0006 1070
1747400851976 0.0006 1070
1747400855800 0.0003 1080
1747400855801 0.0003 1080
1747400859654 0.0003 1090
1747400859655 0.0003 1090
1747400863517 0.0002 1100
1747400863518 0.0002 1100
1747400867449 0.024 1110
1747400867449 0.024 1110
1747400871395 0.0374 1120
1747400871395 0.0374 1120
1747400875214 0.1038 1130
1747400875214 0.1038 1130
1747400879060 0.0025 1140
1747400879060 0.0025 1140
1747400882895 0.0007 1150
1747400882895 0.0007 1150
1747400886728 0.0269 1160
1747400886728 0.0269 1160
1747400890569 0.0277 1170
1747400890569 0.0277 1170
1747400894393 0.0015 1180
1747400894393 0.0015 1180
1747400898231 0.0062 1190
1747400898231 0.0062 1190
1747400902058 0.0868 1200
1747400902058 0.0868 1200
1747400905886 0.0002 1210
1747400905886 0.0002 1210
1747400909712 0.0003 1220
1747400909712 0.0003 1220
1747400913549 0.0301 1230
1747400913549 0.0301 1230
1747400917378 0.0002 1240
1747400917378 0.0002 1240
1747400921189 0.0001 1250
1747400921189 0.0001 1250
1747400925033 0.0001 1260
1747400925033 0.0001 1260
1747400928861 0.0001 1270
1747400928861 0.0001 1270
1747400932682 0.0001 1280
1747400932682 0.0001 1280
1747400936509 0.0001 1290
1747400936509 0.0001 1290
1747400940338 0.0372 1300
1747400940338 0.0372 1300
1747400944163 0.0003 1310
1747400944163 0.0003 1310
1747400960541 0.0002 1320
1747400960541 0.0002 1320
1747400964438 0.0003 1330
1747400964438 0.0003 1330
1747400968381 0.0002 1340
1747400968383 0.0002 1340
1747400972391 0.0002 1350
1747400972391 0.0002 1350
1747400977974 0.0001 1360
1747400977974 0.0001 1360
1747400981885 0.0061 1370
1747400981886 0.0061 1370
1747400987522 0.0002 1380
1747400987523 0.0002 1380
1747400991375 0.0483 1390
1747400991375 0.0483 1390
1747400995206 0.0001 1400
1747400995206 0.0001 1400
1747400999093 0.0001 1410
1747400999093 0.0001 1410
1747401003005 0.0025 1420
1747401003005 0.0025 1420
1747401006900 0.0001 1430
1747401006900 0.0001 1430
1747401010775 0.0001 1440
1747401010776 0.0001 1440
1747401014656 0.0001 1450
1747401014656 0.0001 1450
1747401018549 0.0001 1460
1747401018549 0.0001 1460
1747401022441 0.0001 1470
1747401022441 0.0001 1470
1747401026332 0.0001 1480
1747401026332 0.0001 1480
1747401030271 0.0002 1490
1747401030273 0.0002 1490
1747401034238 0.0001 1500
1747401034240 0.0001 1500
1747401038190 0.0001 1510
1747401038191 0.0001 1510
1747401042161 0.0001 1520
1747401042162 0.0001 1520
1747401046024 0.001 1530
1747401046025 0.001 1530
1747401050033 0.0002 1540
1747401050032 0.0002 1540
1747401053963 0.0231 1550
1747401053964 0.0231 1550
1747401058042 0.024 1560
1747401058042 0.024 1560
1747401061966 0.0001 1570
1747401061967 0.0001 1570
1747401065863 0.0001 1580
1747401065864 0.0001 1580
1747401069824 0.0001 1590
1747401069825 0.0001 1590
1747401073787 0.0001 1600
1747401073788 0.0001 1600
1747401077806 0.0068 1610
1747401077804 0.0068 1610
1747401081821 0.0005 1620
1747401081822 0.0005 1620
1747401086097 0.019 1630
1747401086098 0.019 1630
1747401090056 0.0001 1640
1747401090057 0.0001 1640
1747401094071 0.0348 1650
1747401094073 0.0348 1650
1747401098089 0.0035 1660
1747401098090 0.0035 1660
1747401102299 0.0019 1670
1747401102300 0.0019 1670
1747401106425 0.0001 1680
1747401106426 0.0001 1680
1747401110396 0.0001 1690
1747401110397 0.0001 1690
1747401114437 0.0195 1700
1747401114438 0.0195 1700
1747401118530 0.0002 1710
1747401118531 0.0002 1710
1747401122545 0.0001 1720
1747401122546 0.0001 1720
1747401126689 0.0001 1730
1747401126690 0.0001 1730
1747401130796 0.0001 1740
1747401130797 0.0001 1740
1747401134720 0.0656 1750
1747401134722 0.0656 1750
1747401151639 0.0002 1760
1747401151640 0.0002 1760
1747401155516 0.0002 1770
1747401155517 0.0002 1770
1747401159386 0.0002 1780
1747401159387 0.0002 1780
1747401163255 0.0002 1790
1747401163254 0.0002 1790
1747401167111 0.0027 1800
1747401167111 0.0027 1800
1747401170980 0.0002 1810
1747401170981 0.0002 1810
1747401174844 0.0067 1820
1747401174844 0.0067 1820
1747401178704 0.0001 1830
1747401178705 0.0001 1830
1747401182558 0.0012 1840
1747401182559 0.0012 1840
1747401186422 0.0001 1850
1747401186421 0.0001 1850
1747401190273 0.0005 1860
1747401190274 0.0005 1860
1747401194129 0.0001 1870
1747401194129 0.0001 1870
1747401197980 0.0001 1880
1747401197981 0.0001 1880
1747401201834 0.0001 1890
1747401201834 0.0001 1890
1747401205690 0.0001 1900
1747401205690 0.0001 1900
1747401209541 0.0039 1910
1747401209542 0.0039 1910
1747401213389 0.0001 1920
1747401213389 0.0001 1920
1747401217242 0.0108 1930
1747401217242 0.0108 1930
1747401221092 0.0001 1940
1747401221092 0.0001 1940
1747401224942 0.0001 1950
1747401224943 0.0001 1950
1747401228788 0.032 1960
1747401228788 0.032 1960
1747401232634 0.0001 1970
1747401232634 0.0001 1970
1747401236478 0.0001 1980
1747401236479 0.0001 1980
1747401240312 0.0001 1990
1747401240313 0.0001 1990
1747401244155 0.0 2000
1747401244155 0.0 2000
1747401248024 0.0 2010
1747401248025 0.0 2010
1747401251923 0.0001 2020
1747401251924 0.0001 2020
1747401255807 0.0 2030
1747401255807 0.0 2030
1747401259703 0.0 2040
1747401259703 0.0 2040
1747401263580 0.0 2050
1747401263580 0.0 2050
1747401267466 0.0 2060
1747401267465 0.0 2060
1747401271362 0.0333 2070
1747401271363 0.0333 2070
1747401275248 0.0 2080
1747401275249 0.0 2080
1747401279141 0.0001 2090
1747401279141 0.0001 2090
1747401283041 0.0521 2100
1747401283042 0.0521 2100
1747401286964 0.0001 2110
1747401286965 0.0001 2110
1747401290946 0.024 2120
1747401290946 0.024 2120
1747401294841 0.0001 2130
1747401294841 0.0001 2130
1747401300445 0.0001 2140
1747401300446 0.0001 2140
1747401304408 0.0001 2150
1747401304409 0.0001 2150
1747401308293 0.0008 2160
1747401308294 0.0008 2160
1747401312295 0.0001 2170
1747401312296 0.0001 2170
1747401316213 0.0001 2180
1747401316214 0.0001 2180
1747401319905 0.0057 2190
1747401319906 0.0057 2190
1747401339999 0.0 2200
1747401339999 0.0 2200
1747401343889 0.0001 2210
1747401343889 0.0001 2210
1747401349560 0.0001 2220
1747401349560 0.0001 2220
1747401353666 0.0001 2230
1747401353666 0.0001 2230
1747401357633 0.0001 2240
1747401357633 0.0001 2240
1747401363302 0.0 2250
1747401363304 0.0 2250
1747401367212 0.0 2260
1747401367223 0.0 2260
1747401371117 0.0119 2270
1747401371117 0.0119 2270
1747401375044 0.0094 2280
1747401375044 0.0094 2280
1747401378971 0.0 2290
1747401378971 0.0 2290
1747401383007 0.0001 2300
1747401383007 0.0001 2300
1747401387002 0.0 2310
1747401387002 0.0 2310
1747401390964 0.0 2320
1747401390964 0.0 2320
1747401395051 0.0 2330
1747401395056 0.0 2330
1747401400526 0.0 2340
1747401400528 0.0 2340
1747401404768 0.0 2350
1747401404768 0.0 2350
1747401410008 0.0 2360
1747401410008 0.0 2360
1747401415631 0.0 2370
1747401415631 0.0 2370
1747401419492 0.0 2380
1747401419494 0.0 2380
1747401423414 0.0 2390
1747401423414 0.0 2390
1747401427361 0.0 2400
1747401427361 0.0 2400
1747401431322 0.0001 2410
1747401431322 0.0001 2410
1747401436966 0.0001 2420
1747401436980 0.0001 2420
1747401442468 0.0 2430
1747401442468 0.0 2430
1747401446471 0.0 2440
1747401446471 0.0 2440
1747401450341 0.0 2450
1747401450343 0.0 2450
1747401455889 0.0 2460
1747401455889 0.0 2460
1747401459812 0.0 2470
1747401459812 0.0 2470
1747401463718 0.0 2480
1747401463718 0.0 2480
1747401467669 0.0 2490
1747401467669 0.0 2490
1747401473256 0.0 2500
1747401473256 0.0 2500
1747401477258 0.0001 2510
1747401477258 0.0001 2510
1747401481120 0.0 2520
1747401481121 0.0 2520
1747401485073 0.0 2530
1747401485074 0.0 2530
1747401489043 0.0 2540
1747401489043 0.0 2540
1747401493025 0.0001 2550
1747401493025 0.0001 2550
1747401496946 0.0118 2560
1747401496946 0.0118 2560
1747401500906 0.0001 2570
1747401500906 0.0001 2570
1747401504829 0.0 2580
1747401504831 0.0 2580
1747401508732 0.0 2590
1747401508732 0.0 2590
1747401512630 0.0 2600
1747401512630 0.0 2600
1747401516606 0.0 2610
1747401516606 0.0 2610
1747401520475 0.0239 2620
1747401520476 0.0239 2620
