1744292221114 4.906367041198502e-05 10
1744292221113 4.906367041198502e-05 10
1744292224948 4.812734082397004e-05 20
1744292224949 4.812734082397004e-05 20
1744292228789 4.719101123595506e-05 30
1744292228790 4.719101123595506e-05 30
1744292232648 4.625468164794008e-05 40
1744292232650 4.625468164794008e-05 40
1744292236555 4.531835205992509e-05 50
1744292236556 4.531835205992509e-05 50
1744292240450 4.438202247191011e-05 60
1744292240450 4.438202247191011e-05 60
1744292244342 4.344569288389513e-05 70
1744292244341 4.344569288389513e-05 70
1744292248231 4.250936329588015e-05 80
1744292248231 4.250936329588015e-05 80
1744292252150 4.157303370786517e-05 90
1744292252151 4.157303370786517e-05 90
1744292256046 4.063670411985019e-05 100
1744292256047 4.063670411985019e-05 100
1744292261475 3.970037453183521e-05 110
1744292261475 3.970037453183521e-05 110
1744292265408 3.876404494382023e-05 120
1744292265407 3.876404494382023e-05 120
1744292270761 3.782771535580524e-05 130
1744292270764 3.782771535580524e-05 130
1744292274913 3.689138576779027e-05 140
1744292274914 3.689138576779027e-05 140
1744292278850 3.595505617977528e-05 150
1744292278851 3.595505617977528e-05 150
1744292282821 3.5018726591760305e-05 160
1744292282820 3.5018726591760305e-05 160
1744292288376 3.408239700374532e-05 170
1744292288377 3.408239700374532e-05 170
1744292298460 3.314606741573034e-05 180
1744292298461 3.314606741573034e-05 180
1744292302450 3.220973782771536e-05 190
1744292302451 3.220973782771536e-05 190
1744292308039 3.1273408239700376e-05 200
1744292308040 3.1273408239700376e-05 200
1744292313388 3.0337078651685396e-05 210
1744292313389 3.0337078651685396e-05 210
1744292317394 2.940074906367041e-05 220
1744292317394 2.940074906367041e-05 220
1744292323009 2.846441947565543e-05 230
1744292323010 2.846441947565543e-05 230
1744292327045 2.752808988764045e-05 240
1744292327043 2.752808988764045e-05 240
1744292332676 2.6591760299625466e-05 250
1744292332677 2.6591760299625466e-05 250
1744292336661 2.565543071161049e-05 260
1744292336662 2.565543071161049e-05 260
1744292343928 2.4719101123595505e-05 270
1744292343929 2.4719101123595505e-05 270
1744292347915 2.3782771535580524e-05 280
1744292347916 2.3782771535580524e-05 280
1744292351927 2.2846441947565544e-05 290
1744292351928 2.2846441947565544e-05 290
1744292355957 2.1910112359550563e-05 300
1744292355957 2.1910112359550563e-05 300
1744292361402 2.0973782771535582e-05 310
1744292361403 2.0973782771535582e-05 310
1744292367062 2.00374531835206e-05 320
1744292367062 2.00374531835206e-05 320
1744292371091 1.9101123595505618e-05 330
1744292371091 1.9101123595505618e-05 330
1744292376734 1.8164794007490637e-05 340
1744292376735 1.8164794007490637e-05 340
1744292382351 1.7228464419475657e-05 350
1744292382352 1.7228464419475657e-05 350
1744292395926 1.6292134831460676e-05 360
1744292395927 1.6292134831460676e-05 360
1744292401534 1.5355805243445692e-05 370
1744292401535 1.5355805243445692e-05 370
1744292407205 1.4419475655430711e-05 380
1744292407206 1.4419475655430711e-05 380
1744292411219 1.348314606741573e-05 390
1744292411220 1.348314606741573e-05 390
1744292416908 1.254681647940075e-05 400
1744292416909 1.254681647940075e-05 400
1744292422481 1.161048689138577e-05 410
1744292422481 1.161048689138577e-05 410
1744292428101 1.0674157303370787e-05 420
1744292428102 1.0674157303370787e-05 420
1744292432308 9.737827715355806e-06 430
1744292432307 9.737827715355806e-06 430
1744292436359 8.801498127340826e-06 440
1744292436359 8.801498127340826e-06 440
1744292440385 7.865168539325843e-06 450
1744292440386 7.865168539325843e-06 450
1744292446039 6.928838951310862e-06 460
1744292446040 6.928838951310862e-06 460
1744292450095 5.9925093632958805e-06 470
1744292450096 5.9925093632958805e-06 470
1744292455728 5.056179775280899e-06 480
1744292455729 5.056179775280899e-06 480
1744292459753 4.1198501872659175e-06 490
1744292459754 4.1198501872659175e-06 490
1744292463842 3.1835205992509364e-06 500
1744292463843 3.1835205992509364e-06 500
1744292470838 2.247191011235955e-06 510
1744292470839 2.247191011235955e-06 510
1744292476616 1.310861423220974e-06 520
1744292476617 1.310861423220974e-06 520
1744292480996 3.7453183520599253e-07 530
1744292480997 3.7453183520599253e-07 530
1744565056804 4.906367041198502e-05 10
1744565056806 4.906367041198502e-05 10
1744565060602 4.812734082397004e-05 20
1744565060603 4.812734082397004e-05 20
1744565066032 4.719101123595506e-05 30
1744565066033 4.719101123595506e-05 30
1744565069910 4.625468164794008e-05 40
1744565069911 4.625468164794008e-05 40
