1744292221114 0.6942 10
1744292221113 0.6942 10
1744292224948 0.6074 20
1744292224949 0.6074 20
1744292228789 0.5127 30
1744292228790 0.5127 30
1744292232648 0.6905 40
1744292232650 0.6905 40
1744292236555 0.4598 50
1744292236556 0.4598 50
1744292240450 0.5226 60
1744292240450 0.5226 60
1744292244341 0.4693 70
1744292244342 0.4693 70
1744292248231 0.5512 80
1744292248231 0.5512 80
1744292252150 0.4547 90
1744292252151 0.4547 90
1744292256046 0.3628 100
1744292256047 0.3628 100
1744292261475 0.4925 110
1744292261475 0.4925 110
1744292265407 0.3553 120
1744292265408 0.3553 120
1744292270761 0.4952 130
1744292270764 0.4952 130
1744292274913 0.5131 140
1744292274914 0.5131 140
1744292278850 0.3826 150
1744292278851 0.3826 150
1744292282820 0.3324 160
1744292282821 0.3324 160
1744292288376 0.3934 170
1744292298460 0.5447 180
1744292298461 0.5447 180
1744292302450 0.2355 190
1744292302451 0.2355 190
1744292308039 0.1376 200
1744292308040 0.1376 200
1744292313388 0.1042 210
1744292313389 0.1042 210
1744292317394 0.2602 220
1744292317394 0.2602 220
1744292323009 0.2648 230
1744292323010 0.2648 230
1744292327045 0.3924 240
1744292327043 0.3924 240
1744292332676 0.3065 250
1744292332677 0.3065 250
1744292336661 0.2611 260
1744292336662 0.2611 260
1744292343928 0.3064 270
1744292343929 0.3064 270
1744292347915 0.2016 280
1744292347916 0.2016 280
1744292351927 0.2339 290
1744292351928 0.2339 290
1744292355957 0.2295 300
1744292355957 0.2295 300
1744292361402 0.1835 310
1744292361403 0.1835 310
1744292367062 0.1586 320
1744292367062 0.1586 320
1744292371091 0.2326 330
1744292371091 0.2326 330
1744292376734 0.4 340
1744292376735 0.4 340
1744292382351 0.5261 350
1744292382352 0.5261 350
1744292395926 0.1506 360
1744292395927 0.1506 360
1744292401534 0.1879 370
1744292401535 0.1879 370
1744292407205 0.0311 380
1744292407206 0.0311 380
1744292411219 0.0179 390
1744292411220 0.0179 390
1744292416908 0.0043 400
1744292416909 0.0043 400
1744292422481 0.0668 410
1744292422481 0.0668 410
1744292428101 0.077 420
1744292428102 0.077 420
1744292432308 0.0053 430
1744292432307 0.0053 430
1744292436359 0.2783 440
1744292436359 0.2783 440
1744292440385 0.0055 450
1744292440386 0.0055 450
1744292446039 0.0045 460
1744292446040 0.0045 460
1744292450095 0.2156 470
1744292450096 0.2156 470
1744292455728 0.0546 480
1744292455729 0.0546 480
1744292459753 0.0344 490
1744292459754 0.0344 490
1744292463842 0.0039 500
1744292463843 0.0039 500
1744292470838 0.0106 510
1744292470839 0.0106 510
1744292476616 0.0594 520
1744292476617 0.0594 520
1744292480996 0.0032 530
1744292480997 0.0032 530
1744565056804 0.6808 10
1744565056806 0.6808 10
1744565060602 0.6163 20
1744565060603 0.6163 20
1744565066032 0.4992 30
1744565066033 0.4992 30
1744565069910 0.4728 40
1744565069911 0.4728 40
