1747233628624 0.5555555555555556 10
1747233628624 0.5555555555555556 10
1747233632199 1.0 18
1747233632200 1.0 18
1747233634341 1.1111111111111112 20
1747233634342 1.1111111111111112 20
1747233640051 1.6666666666666665 30
1747233640056 1.6666666666666665 30
1747233642931 2.0 36
1747233642930 2.0 36
1747233645929 2.2222222222222223 40
1747233645932 2.2222222222222223 40
1747233653642 2.7777777777777777 50
1747233653641 2.7777777777777777 50
1747233655675 3.0 54
1747233655674 3.0 54
1747233659285 3.3333333333333335 60
1747233659286 3.3333333333333335 60
1747233665052 3.888888888888889 70
1747233665052 3.888888888888889 70
1747233666299 4.0 72
1747233666300 4.0 72
1747233671129 4.444444444444445 80
1747233671130 4.444444444444445 80
1747233675193 5.0 90
1747233675194 5.0 90
1747233675673 5.0 90
1747233675675 5.0 90
1747233680784 5.555555555555555 100
1747233680784 5.555555555555555 100
1747233684562 6.0 108
1747233684563 6.0 108
1747233685928 6.0 108
1747233685934 6.0 108
