1747233628624 2.2748568058013916 10
1747233628624 2.2748568058013916 10
1747233634341 6.245649814605713 20
1747233634342 6.245649814605713 20
1747233640051 13.329917907714844 30
1747233640056 13.329917907714844 30
1747233645929 4.16711950302124 40
1747233645932 4.16711950302124 40
1747233653642 12.620488166809082 50
1747233653641 12.620488166809082 50
1747233659285 0.8877865076065063 60
1747233659286 0.8877865076065063 60
1747233665052 0.814092755317688 70
1747233665052 0.814092755317688 70
1747233671129 0.06682198494672775 80
1747233671130 0.06682198494672775 80
1747233675193 0.03788423910737038 90
1747233675194 0.03788423910737038 90
1747233680784 0.027920695021748543 100
1747233680784 0.027920695021748543 100
