1747233628624 9.444444444444444e-05 10
1747233628624 9.444444444444444e-05 10
1747233634341 8.888888888888889e-05 20
1747233634342 8.888888888888889e-05 20
1747233640051 8.333333333333334e-05 30
1747233640056 8.333333333333334e-05 30
1747233645929 7.777777777777778e-05 40
1747233645932 7.777777777777778e-05 40
1747233653642 7.222222222222222e-05 50
1747233653641 7.222222222222222e-05 50
1747233659285 6.666666666666667e-05 60
1747233659286 6.666666666666667e-05 60
1747233665052 6.111111111111112e-05 70
1747233665052 6.111111111111112e-05 70
1747233671129 5.555555555555556e-05 80
1747233671130 5.555555555555556e-05 80
1747233675193 5e-05 90
1747233675194 5e-05 90
1747233680784 4.4444444444444447e-05 100
1747233680784 4.4444444444444447e-05 100
