1747378087460 0.10638297872340426 10
1747378087461 0.10638297872340426 10
1747378091366 0.2127659574468085 20
1747378091367 0.2127659574468085 20
1747378095343 0.3191489361702128 30
1747378095344 0.3191489361702128 30
1747378100936 0.425531914893617 40
1747378100937 0.425531914893617 40
1747378104785 0.5319148936170213 50
1747378104786 0.5319148936170213 50
1747378108620 0.6382978723404256 60
1747378108621 0.6382978723404256 60
1747378114144 0.7446808510638298 70
1747378114145 0.7446808510638298 70
1747378119609 0.851063829787234 80
1747378119609 0.851063829787234 80
1747378123482 0.9574468085106383 90
1747378123483 0.9574468085106383 90
1747378127438 1.0 94
1747378127439 1.0 94
1747378133344 1.0638297872340425 100
1747378133345 1.0638297872340425 100
1747378138739 1.1702127659574468 110
1747378138741 1.1702127659574468 110
1747378142648 1.2765957446808511 120
1747378142648 1.2765957446808511 120
1747378148176 1.3829787234042552 130
1747378148177 1.3829787234042552 130
1747378153645 1.4893617021276595 140
1747378153646 1.4893617021276595 140
1747378157531 1.5957446808510638 150
1747378157532 1.5957446808510638 150
1747378161449 1.702127659574468 160
1747378161450 1.702127659574468 160
1747378165320 1.8085106382978724 170
1747378165321 1.8085106382978724 170
1747378169134 1.9148936170212765 180
1747378169135 1.9148936170212765 180
1747378174646 2.0 188
1747378174646 2.0 188
1747378176917 2.021276595744681 190
1747378176918 2.021276595744681 190
1747378182439 2.127659574468085 200
1747378182439 2.127659574468085 200
1747378186294 2.2340425531914896 210
1747378186294 2.2340425531914896 210
1747378190169 2.3404255319148937 220
1747378190170 2.3404255319148937 220
1747378194068 2.4468085106382977 230
1747378194069 2.4468085106382977 230
1747378197986 2.5531914893617023 240
1747378197986 2.5531914893617023 240
1747378201880 2.6595744680851063 250
1747378201881 2.6595744680851063 250
1747378205725 2.7659574468085104 260
1747378205724 2.7659574468085104 260
1747378211306 2.872340425531915 270
1747378211306 2.872340425531915 270
1747378216837 2.978723404255319 280
1747378216838 2.978723404255319 280
1747378220007 3.0 282
1747378220007 3.0 282
1747378224618 3.0851063829787235 290
1747378224618 3.0851063829787235 290
1747378230201 3.1914893617021276 300
1747378230205 3.1914893617021276 300
1747378235858 3.297872340425532 310
1747378235859 3.297872340425532 310
1747378239630 3.404255319148936 320
1747378239630 3.404255319148936 320
1747378243386 3.5106382978723403 330
1747378243386 3.5106382978723403 330
1747378248766 3.617021276595745 340
1747378248766 3.617021276595745 340
1747378252509 3.723404255319149 350
1747378252525 3.723404255319149 350
1747378256266 3.829787234042553 360
1747378256266 3.829787234042553 360
1747378261694 3.9361702127659575 370
1747378261694 3.9361702127659575 370
1747378267869 4.0 376
1747378267869 4.0 376
1747378270723 4.042553191489362 380
1747378270723 4.042553191489362 380
1747378276088 4.148936170212766 390
1747378276088 4.148936170212766 390
1747378281435 4.25531914893617 400
1747378281435 4.25531914893617 400
1747378286789 4.361702127659575 410
1747378286789 4.361702127659575 410
1747378291800 4.468085106382979 420
1747378291800 4.468085106382979 420
1747378295881 4.574468085106383 430
1747378295881 4.574468085106383 430
1747378299607 4.680851063829787 440
1747378299607 4.680851063829787 440
1747378303332 4.787234042553192 450
1747378303332 4.787234042553192 450
1747378308716 4.8936170212765955 460
1747378308720 4.8936170212765955 460
1747378312301 5.0 470
1747378312301 5.0 470
1747378314753 5.0 470
1747378314753 5.0 470
1747378321540 5.1063829787234045 480
1747378321540 5.1063829787234045 480
1747378325281 5.212765957446808 490
1747378325281 5.212765957446808 490
1747378329009 5.319148936170213 500
1747378329009 5.319148936170213 500
1747378332753 5.425531914893617 510
1747378332753 5.425531914893617 510
1747378338110 5.531914893617021 520
1747378338110 5.531914893617021 520
1747378341822 5.638297872340425 530
1747378341822 5.638297872340425 530
1747378345567 5.74468085106383 540
1747378345567 5.74468085106383 540
1747378349306 5.851063829787234 550
1747378349306 5.851063829787234 550
1747378353050 5.957446808510638 560
1747378353050 5.957446808510638 560
1747378356855 6.0 564
1747378356855 6.0 564
1747378362090 6.0638297872340425 570
1747378362090 6.0638297872340425 570
1747378365821 6.170212765957447 580
1747378365821 6.170212765957447 580
1747378369563 6.276595744680851 590
1747378369563 6.276595744680851 590
1747378373307 6.382978723404255 600
1747378373307 6.382978723404255 600
1747378377050 6.48936170212766 610
1747378377050 6.48936170212766 610
1747378380806 6.595744680851064 620
1747378380806 6.595744680851064 620
1747378384564 6.702127659574468 630
1747378384564 6.702127659574468 630
1747378388322 6.808510638297872 640
1747378388322 6.808510638297872 640
1747378392067 6.914893617021277 650
1747378392067 6.914893617021277 650
1747378397399 7.0 658
1747378397399 7.0 658
1747378398698 7.0 658
1747378398698 7.0 658
