1747378087460 3.5051209926605225 10
1747378087461 3.5051209926605225 10
1747378091366 12.77193546295166 20
1747378091367 12.77193546295166 20
1747378095343 23.901702880859375 30
1747378095344 23.901702880859375 30
1747378100936 11.265997886657715 40
1747378100937 11.265997886657715 40
1747378104785 18.947641372680664 50
1747378104786 18.947641372680664 50
1747378108620 24.13026237487793 60
1747378108621 24.13026237487793 60
1747378114144 12.055135726928711 70
1747378114145 12.055135726928711 70
1747378119609 0.40745577216148376 80
1747378119609 0.40745577216148376 80
1747378123482 0.051612790673971176 90
1747378123483 0.051612790673971176 90
1747378133344 0.020720433443784714 100
1747378133345 0.020720433443784714 100
1747378138739 0.020920220762491226 110
1747378138741 0.020920220762491226 110
1747378142648 0.014802329242229462 120
1747378142648 0.014802329242229462 120
1747378148176 0.010740315541625023 130
1747378148177 0.010740315541625023 130
1747378153645 0.010613043792545795 140
1747378153646 0.010613043792545795 140
1747378157531 0.007850658148527145 150
1747378157532 0.007850658148527145 150
1747378161449 3.2079548835754395 160
1747378161450 3.2079548835754395 160
1747378165320 0.007160574197769165 170
1747378165321 0.007160574197769165 170
1747378169134 0.005415067076683044 180
1747378169135 0.005415067076683044 180
1747378176917 0.0057589332573115826 190
1747378176918 0.0057589332573115826 190
1747378182439 0.00433647446334362 200
1747378182439 0.00433647446334362 200
1747378186294 0.0056451791897416115 210
1747378186294 0.0056451791897416115 210
1747378190169 0.003756622551009059 220
1747378190170 0.003756622551009059 220
1747378194068 0.003963903058320284 230
1747378194069 0.003963903058320284 230
1747378197986 0.00350950681604445 240
1747378197986 0.00350950681604445 240
1747378201880 0.0034041653852909803 250
1747378201881 0.0034041653852909803 250
1747378205725 0.002801361959427595 260
1747378205724 0.002801361959427595 260
1747378211306 0.00287359650246799 270
1747378211306 0.00287359650246799 270
1747378216837 0.007649431936442852 280
1747378216838 0.007649431936442852 280
1747378224618 0.04408153146505356 290
1747378224618 0.04408153146505356 290
1747378230201 0.00494559109210968 300
1747378230205 0.00494559109210968 300
1747378235858 0.008376755751669407 310
1747378235859 0.008376755751669407 310
1747378239630 0.007534814532846212 320
1747378239630 0.007534814532846212 320
1747378243386 0.0039586531929671764 330
1747378243386 0.0039586531929671764 330
1747378248766 0.003651983803138137 340
1747378248766 0.003651983803138137 340
1747378252509 0.0034622487146407366 350
1747378252525 0.0034622487146407366 350
1747378256266 50.325130462646484 360
1747378256266 50.325130462646484 360
1747378261694 0.006936236750334501 370
1747378261694 0.006936236750334501 370
1747378270723 0.004197375383228064 380
1747378270723 0.004197375383228064 380
1747378276088 60.08684158325195 390
1747378276088 60.08684158325195 390
1747378281435 0.002960308687761426 400
1747378281435 0.002960308687761426 400
1747378286789 0.0027663069777190685 410
1747378286789 0.0027663069777190685 410
1747378291800 0.00218796799890697 420
1747378291800 0.00218796799890697 420
1747378295881 0.00223335693590343 430
1747378295881 0.00223335693590343 430
1747378299607 0.0019639451056718826 440
1747378299607 0.0019639451056718826 440
1747378303332 0.0020826507825404406 450
1747378303332 0.0020826507825404406 450
1747378308716 0.00267380615696311 460
1747378308720 0.00267380615696311 460
1747378312301 0.002251471159979701 470
1747378312301 0.002251471159979701 470
1747378321540 0.0016497840406373143 480
1747378321540 0.0016497840406373143 480
1747378325281 0.007777707651257515 490
1747378325281 0.007777707651257515 490
1747378329009 0.0020087058655917645 500
1747378329009 0.0020087058655917645 500
1747378332753 0.0027103442698717117 510
1747378332753 0.0027103442698717117 510
1747378338110 0.002162946853786707 520
1747378338110 0.002162946853786707 520
1747378341822 0.0019366914639249444 530
1747378341822 0.0019366914639249444 530
1747378345567 0.005480986554175615 540
1747378345567 0.005480986554175615 540
1747378349306 0.001732695964165032 550
1747378349306 0.001732695964165032 550
1747378353050 0.0015147639205679297 560
1747378353050 0.0015147639205679297 560
1747378362090 0.00227995659224689 570
1747378362090 0.00227995659224689 570
1747378365821 0.0013561503728851676 580
1747378365821 0.0013561503728851676 580
1747378369563 0.0014860733645036817 590
1747378369563 0.0014860733645036817 590
1747378373307 0.0013833390548825264 600
1747378373307 0.0013833390548825264 600
1747378377050 0.003280746517702937 610
1747378377050 0.003280746517702937 610
1747378380806 0.0012381502892822027 620
1747378380806 0.0012381502892822027 620
1747378384564 0.0012643947266042233 630
1747378384564 0.0012643947266042233 630
1747378388322 0.0013092736480757594 640
1747378388322 0.0013092736480757594 640
1747378392067 0.001279880991205573 650
1747378392067 0.001279880991205573 650
