1747378087460 4.946808510638298e-05 10
1747378087461 4.946808510638298e-05 10
1747378091366 4.893617021276596e-05 20
1747378091367 4.893617021276596e-05 20
1747378095343 4.840425531914894e-05 30
1747378095344 4.840425531914894e-05 30
1747378100936 4.787234042553192e-05 40
1747378100937 4.787234042553192e-05 40
1747378104785 4.734042553191489e-05 50
1747378104786 4.734042553191489e-05 50
1747378108620 4.680851063829788e-05 60
1747378108621 4.680851063829788e-05 60
1747378114144 4.627659574468085e-05 70
1747378114145 4.627659574468085e-05 70
1747378119609 4.574468085106383e-05 80
1747378119609 4.574468085106383e-05 80
1747378123482 4.5212765957446815e-05 90
1747378123483 4.5212765957446815e-05 90
1747378133344 4.468085106382979e-05 100
1747378133345 4.468085106382979e-05 100
1747378138739 4.414893617021277e-05 110
1747378138741 4.414893617021277e-05 110
1747378142648 4.3617021276595746e-05 120
1747378142648 4.3617021276595746e-05 120
1747378148176 4.3085106382978725e-05 130
1747378148177 4.3085106382978725e-05 130
1747378153645 4.2553191489361704e-05 140
1747378153646 4.2553191489361704e-05 140
1747378157531 4.2021276595744684e-05 150
1747378157532 4.2021276595744684e-05 150
1747378161449 4.148936170212766e-05 160
1747378161450 4.148936170212766e-05 160
1747378165320 4.095744680851064e-05 170
1747378165321 4.095744680851064e-05 170
1747378169134 4.0425531914893614e-05 180
1747378169135 4.0425531914893614e-05 180
1747378176917 3.9893617021276594e-05 190
1747378176918 3.9893617021276594e-05 190
1747378182439 3.936170212765958e-05 200
1747378182439 3.936170212765958e-05 200
1747378186294 3.882978723404255e-05 210
1747378186294 3.882978723404255e-05 210
1747378190169 3.829787234042553e-05 220
1747378190170 3.829787234042553e-05 220
1747378194068 3.776595744680852e-05 230
1747378194069 3.776595744680852e-05 230
1747378197986 3.723404255319149e-05 240
1747378197986 3.723404255319149e-05 240
1747378201880 3.670212765957447e-05 250
1747378201881 3.670212765957447e-05 250
1747378205725 3.617021276595745e-05 260
1747378205724 3.617021276595745e-05 260
1747378211306 3.563829787234043e-05 270
1747378211306 3.563829787234043e-05 270
1747378216837 3.5106382978723407e-05 280
1747378216838 3.5106382978723407e-05 280
1747378224618 3.4574468085106386e-05 290
1747378224618 3.4574468085106386e-05 290
1747378230201 3.4042553191489365e-05 300
1747378230205 3.4042553191489365e-05 300
1747378235858 3.3510638297872344e-05 310
1747378235859 3.3510638297872344e-05 310
1747378239630 3.2978723404255317e-05 320
1747378239630 3.2978723404255317e-05 320
1747378243386 3.2446808510638296e-05 330
1747378243386 3.2446808510638296e-05 330
1747378248766 3.191489361702128e-05 340
1747378248766 3.191489361702128e-05 340
1747378252509 3.1382978723404254e-05 350
1747378252525 3.1382978723404254e-05 350
1747378256266 3.085106382978723e-05 360
1747378256266 3.085106382978723e-05 360
1747378261694 3.0319148936170216e-05 370
1747378261694 3.0319148936170216e-05 370
1747378270723 2.9787234042553192e-05 380
1747378270723 2.9787234042553192e-05 380
1747378276088 2.925531914893617e-05 390
1747378276088 2.925531914893617e-05 390
1747378281435 2.8723404255319154e-05 400
1747378281435 2.8723404255319154e-05 400
1747378286789 2.819148936170213e-05 410
1747378286789 2.819148936170213e-05 410
1747378291800 2.765957446808511e-05 420
1747378291800 2.765957446808511e-05 420
1747378295881 2.7127659574468084e-05 430
1747378295881 2.7127659574468084e-05 430
1747378299607 2.6595744680851064e-05 440
1747378299607 2.6595744680851064e-05 440
1747378303332 2.6063829787234046e-05 450
1747378303332 2.6063829787234046e-05 450
1747378308716 2.5531914893617022e-05 460
1747378308720 2.5531914893617022e-05 460
1747378312301 2.5e-05 470
1747378312301 2.5e-05 470
1747378321540 2.446808510638298e-05 480
1747378321540 2.446808510638298e-05 480
1747378325281 2.393617021276596e-05 490
1747378325281 2.393617021276596e-05 490
1747378329009 2.340425531914894e-05 500
1747378329009 2.340425531914894e-05 500
1747378332753 2.2872340425531915e-05 510
1747378332753 2.2872340425531915e-05 510
1747378338110 2.2340425531914894e-05 520
1747378338110 2.2340425531914894e-05 520
1747378341822 2.1808510638297873e-05 530
1747378341822 2.1808510638297873e-05 530
1747378345567 2.1276595744680852e-05 540
1747378345567 2.1276595744680852e-05 540
1747378349306 2.074468085106383e-05 550
1747378349306 2.074468085106383e-05 550
1747378353050 2.0212765957446807e-05 560
1747378353050 2.0212765957446807e-05 560
1747378362090 1.968085106382979e-05 570
1747378362090 1.968085106382979e-05 570
1747378365821 1.9148936170212766e-05 580
1747378365821 1.9148936170212766e-05 580
1747378369563 1.8617021276595745e-05 590
1747378369563 1.8617021276595745e-05 590
1747378373307 1.8085106382978724e-05 600
1747378373307 1.8085106382978724e-05 600
1747378377050 1.7553191489361703e-05 610
1747378377050 1.7553191489361703e-05 610
1747378380806 1.7021276595744682e-05 620
1747378380806 1.7021276595744682e-05 620
1747378384564 1.6489361702127658e-05 630
1747378384564 1.6489361702127658e-05 630
1747378388322 1.595744680851064e-05 640
1747378388322 1.595744680851064e-05 640
1747378392067 1.5425531914893617e-05 650
1747378392067 1.5425531914893617e-05 650
