1747378087460 0.6264 10
1747378087461 0.6264 10
1747378091366 0.3887 20
1747378091367 0.3887 20
1747378095343 0.2415 30
1747378095344 0.2415 30
1747378100936 0.1408 40
1747378100937 0.1408 40
1747378104785 0.1602 50
1747378104786 0.1602 50
1747378108620 0.0868 60
1747378108621 0.0868 60
1747378114144 0.2008 70
1747378114145 0.2008 70
1747378119609 0.0397 80
1747378119609 0.0397 80
1747378123482 0.0613 90
1747378123483 0.0613 90
1747378133344 0.0387 100
1747378133345 0.0387 100
1747378138739 0.0435 110
1747378138741 0.0435 110
1747378142648 0.0626 120
1747378142648 0.0626 120
1747378148176 0.0482 130
1747378148177 0.0482 130
1747378153645 0.0024 140
1747378153646 0.0024 140
1747378157531 0.0182 150
1747378157532 0.0182 150
1747378161449 0.0181 160
1747378161450 0.0181 160
1747378165320 0.0003 170
1747378165321 0.0003 170
1747378169134 0.0031 180
1747378169135 0.0031 180
1747378176917 0.0003 190
1747378176918 0.0003 190
1747378182439 0.0003 200
1747378182439 0.0003 200
1747378186294 0.0006 210
1747378186294 0.0006 210
1747378190169 0.0002 220
1747378190170 0.0002 220
1747378194068 0.0373 230
1747378194069 0.0373 230
1747378197986 0.0001 240
1747378197986 0.0001 240
1747378201880 0.0369 250
1747378201881 0.0369 250
1747378205725 0.0181 260
1747378205724 0.0181 260
1747378211306 0.0002 270
1747378211306 0.0002 270
1747378216837 0.0527 280
1747378216838 0.0527 280
1747378224618 0.0006 290
1747378224618 0.0006 290
1747378230201 0.0548 300
1747378230205 0.0548 300
1747378235858 0.0003 310
1747378235859 0.0003 310
1747378239630 0.0002 320
1747378239630 0.0002 320
1747378243386 0.0002 330
1747378243386 0.0002 330
1747378248766 0.002 340
1747378248766 0.002 340
1747378252509 0.0495 350
1747378252525 0.0495 350
1747378256266 0.0138 360
1747378256266 0.0138 360
1747378261694 0.0002 370
1747378261694 0.0002 370
1747378270723 0.0237 380
1747378270723 0.0237 380
1747378276088 0.0455 390
1747378276088 0.0455 390
1747378281435 0.0001 400
1747378281435 0.0001 400
1747378286789 0.0002 410
1747378286789 0.0002 410
1747378291800 0.0001 420
1747378291800 0.0001 420
1747378295881 0.0001 430
1747378295881 0.0001 430
1747378299607 0.0001 440
1747378299607 0.0001 440
1747378303332 0.0012 450
1747378303332 0.0012 450
1747378308716 0.0128 460
1747378308720 0.0128 460
1747378312301 0.0353 470
1747378312301 0.0353 470
1747378321540 0.0001 480
1747378321540 0.0001 480
1747378325281 0.0001 490
1747378325281 0.0001 490
1747378329009 0.0128 500
1747378329009 0.0128 500
1747378332753 0.0001 510
1747378332753 0.0001 510
1747378338110 0.0001 520
1747378338110 0.0001 520
1747378341822 0.017 530
1747378341822 0.017 530
1747378345567 0.0001 540
1747378345567 0.0001 540
1747378349306 0.0001 550
1747378349306 0.0001 550
1747378353050 0.0001 560
1747378353050 0.0001 560
1747378362090 0.0001 570
1747378362090 0.0001 570
1747378365821 0.0006 580
1747378365821 0.0006 580
1747378369563 0.0001 590
1747378369563 0.0001 590
1747378373307 0.0001 600
1747378373307 0.0001 600
1747378377050 0.0001 610
1747378377050 0.0001 610
1747378380806 0.0001 620
1747378380806 0.0001 620
1747378384564 0.0001 630
1747378384564 0.0001 630
1747378388322 0.0001 640
1747378388322 0.0001 640
1747378392067 0.0001 650
1747378392067 0.0001 650
