1747235019308 0.11363636363636363 10
1747235019308 0.11363636363636363 10
1747235023592 0.22727272727272727 20
1747235023593 0.22727272727272727 20
1747235027857 0.3409090909090909 30
1747235027857 0.3409090909090909 30
1747235032296 0.45454545454545453 40
1747235032298 0.45454545454545453 40
1747235036792 0.5681818181818182 50
1747235036793 0.5681818181818182 50
1747235041286 0.6818181818181818 60
1747235041288 0.6818181818181818 60
1747235045743 0.7954545454545454 70
1747235045743 0.7954545454545454 70
1747235052019 0.9090909090909091 80
1747235052020 0.9090909090909091 80
1747235057961 1.0 88
1747235057961 1.0 88
1747235060135 1.0227272727272727 90
1747235060134 1.0227272727272727 90
1747235064612 1.1363636363636362 100
1747235064613 1.1363636363636362 100
1747235069117 1.25 110
1747235069118 1.25 110
1747235076871 1.3636363636363638 120
1747235076872 1.3636363636363638 120
1747235081278 1.4772727272727273 130
1747235081279 1.4772727272727273 130
1747235085707 1.5909090909090908 140
1747235085708 1.5909090909090908 140
1747235090143 1.7045454545454546 150
1747235090145 1.7045454545454546 150
1747235094588 1.8181818181818183 160
1747235094587 1.8181818181818183 160
1747235098934 1.9318181818181817 170
1747235098934 1.9318181818181817 170
1747235104058 2.0 176
1747235104061 2.0 176
1747235107050 2.0454545454545454 180
1747235107052 2.0454545454545454 180
1747235111818 2.159090909090909 190
1747235111819 2.159090909090909 190
1747235116285 2.2727272727272725 200
1747235116285 2.2727272727272725 200
1747235120774 2.3863636363636362 210
1747235120775 2.3863636363636362 210
1747235125276 2.5 220
1747235125275 2.5 220
1747235129849 2.6136363636363638 230
1747235129848 2.6136363636363638 230
1747235134320 2.7272727272727275 240
1747235134321 2.7272727272727275 240
1747235138780 2.840909090909091 250
1747235138781 2.840909090909091 250
1747235143324 2.9545454545454546 260
1747235143325 2.9545454545454546 260
1747235147528 3.0 264
1747235147529 3.0 264
1747235151796 3.0681818181818183 270
1747235151797 3.0681818181818183 270
1747235156427 3.1818181818181817 280
1747235156428 3.1818181818181817 280
1747235160947 3.2954545454545454 290
1747235160948 3.2954545454545454 290
1747235165454 3.409090909090909 300
1747235165455 3.409090909090909 300
1747235169988 3.5227272727272725 310
1747235169990 3.5227272727272725 310
1747235174561 3.6363636363636362 320
1747235174562 3.6363636363636362 320
1747235179104 3.75 330
1747235179106 3.75 330
1747235183552 3.8636363636363638 340
1747235183551 3.8636363636363638 340
1747235187935 3.9772727272727275 350
1747235187934 3.9772727272727275 350
1747235191236 4.0 352
1747235191237 4.0 352
1747235197950 4.090909090909091 360
1747235197952 4.090909090909091 360
1747235202483 4.204545454545454 370
1747235202483 4.204545454545454 370
1747235207042 4.318181818181818 380
1747235207043 4.318181818181818 380
1747235211627 4.431818181818182 390
1747235211628 4.431818181818182 390
1747235216209 4.545454545454545 400
1747235216210 4.545454545454545 400
1747235220676 4.659090909090909 410
1747235220674 4.659090909090909 410
1747235225099 4.7727272727272725 420
1747235225100 4.7727272727272725 420
1747235229542 4.886363636363637 430
1747235229543 4.886363636363637 430
1747235235452 5.0 440
1747235235452 5.0 440
1747235238070 5.0 440
1747235238071 5.0 440
1747235243848 5.113636363636363 450
1747235243849 5.113636363636363 450
1747235250278 5.2272727272727275 460
1747235250279 5.2272727272727275 460
1747235254754 5.340909090909091 470
1747235254753 5.340909090909091 470
1747235260923 5.454545454545454 480
1747235260924 5.454545454545454 480
1747235265425 5.568181818181818 490
1747235265427 5.568181818181818 490
1747235269911 5.681818181818182 500
1747235269912 5.681818181818182 500
1747235274450 5.795454545454545 510
1747235274451 5.795454545454545 510
1747235280624 5.909090909090909 520
1747235280624 5.909090909090909 520
1747235286536 6.0 528
1747235286537 6.0 528
1747235290305 6.0227272727272725 530
1747235290304 6.0227272727272725 530
1747235296462 6.136363636363637 540
1747235296465 6.136363636363637 540
1747235300911 6.25 550
1747235300912 6.25 550
1747235305502 6.363636363636363 560
1747235305504 6.363636363636363 560
1747235311802 6.4772727272727275 570
1747235311802 6.4772727272727275 570
1747235316179 6.590909090909091 580
1747235316180 6.590909090909091 580
1747235322600 6.704545454545455 590
1747235322604 6.704545454545455 590
1747235327099 6.818181818181818 600
1747235327100 6.818181818181818 600
1747235331617 6.931818181818182 610
1747235331618 6.931818181818182 610
1747235336666 7.0 616
1747235336667 7.0 616
1747235339775 7.045454545454546 620
1747235339774 7.045454545454546 620
1747235344250 7.159090909090909 630
1747235344251 7.159090909090909 630
1747235348675 7.2727272727272725 640
1747235348674 7.2727272727272725 640
1747235353187 7.386363636363637 650
1747235353188 7.386363636363637 650
1747235357714 7.5 660
1747235357715 7.5 660
1747235362203 7.613636363636363 670
1747235362204 7.613636363636363 670
1747235366674 7.7272727272727275 680
1747235366675 7.7272727272727275 680
1747235372879 7.840909090909091 690
1747235372880 7.840909090909091 690
1747235377328 7.954545454545455 700
1747235377326 7.954545454545455 700
1747235381469 8.0 704
1747235381470 8.0 704
1747235385651 8.068181818181818 710
1747235385650 8.068181818181818 710
1747235390127 8.181818181818182 720
1747235390128 8.181818181818182 720
1747235394720 8.295454545454545 730
1747235394720 8.295454545454545 730
1747235399357 8.409090909090908 740
1747235399359 8.409090909090908 740
1747235403964 8.522727272727273 750
1747235403962 8.522727272727273 750
1747235408515 8.636363636363637 760
1747235408516 8.636363636363637 760
1747235413068 8.75 770
1747235413068 8.75 770
1747235417593 8.863636363636363 780
1747235417594 8.863636363636363 780
1747235422145 8.977272727272727 790
1747235422147 8.977272727272727 790
1747235425464 9.0 792
1747235425465 9.0 792
1747235430501 9.090909090909092 800
1747235430502 9.090909090909092 800
1747235434953 9.204545454545455 810
1747235434954 9.204545454545455 810
1747235439575 9.318181818181818 820
1747235439578 9.318181818181818 820
1747235444231 9.431818181818182 830
1747235444229 9.431818181818182 830
1747235448806 9.545454545454545 840
1747235448804 9.545454545454545 840
1747235453387 9.659090909090908 850
1747235453390 9.659090909090908 850
1747235457963 9.772727272727273 860
1747235457964 9.772727272727273 860
1747235462523 9.886363636363637 870
1747235462524 9.886363636363637 870
1747235466786 10.0 880
1747235466787 10.0 880
1747235469470 10.0 880
1747235469471 10.0 880
1747235470924 10.0 880
1747235470924 10.0 880
