1747235019308 2.303449869155884 10
1747235019308 2.303449869155884 10
1747235023592 2.2424302101135254 20
1747235023593 2.2424302101135254 20
1747235027857 19.837743759155273 30
1747235027857 19.837743759155273 30
1747235032296 11.950247764587402 40
1747235032298 11.950247764587402 40
1747235036792 7.2077178955078125 50
1747235036793 7.2077178955078125 50
1747235041286 2.6442275047302246 60
1747235041288 2.6442275047302246 60
1747235045743 0.2753916382789612 70
1747235045743 0.2753916382789612 70
1747235052019 10.898993492126465 80
1747235052020 10.898993492126465 80
1747235060134 0.23125697672367096 90
1747235060135 0.23125697672367096 90
1747235064612 0.0907326191663742 100
1747235064613 0.0907326191663742 100
1747235069117 0.06381335109472275 110
1747235069118 0.06381335109472275 110
1747235076871 49.48332977294922 120
1747235076872 49.48332977294922 120
1747235081278 0.08073116093873978 130
1747235081279 0.08073116093873978 130
1747235085707 0.05694631114602089 140
1747235085708 0.05694631114602089 140
1747235090143 58.783172607421875 150
1747235090145 58.783172607421875 150
1747235094587 0.025740083307027817 160
1747235094588 0.025740083307027817 160
1747235098934 5.13876485824585 170
1747235098934 5.13876485824585 170
1747235107050 0.1505666971206665 180
1747235107052 0.1505666971206665 180
1747235111818 0.0329044871032238 190
1747235111819 0.0329044871032238 190
1747235116285 0.021909795701503754 200
1747235116285 0.021909795701503754 200
1747235120774 0.33739176392555237 210
1747235120775 0.33739176392555237 210
1747235125275 21.41216278076172 220
1747235125276 21.41216278076172 220
1747235129849 0.015769941732287407 230
1747235129848 0.015769941732287407 230
1747235134320 0.015668654814362526 240
1747235134321 0.015668654814362526 240
1747235138780 0.02397252433001995 250
1747235138781 0.02397252433001995 250
1747235143324 0.017970405519008636 260
1747235143325 0.017970405519008636 260
1747235151796 0.015446593053638935 270
1747235151797 0.015446593053638935 270
1747235156427 0.015118195675313473 280
1747235156428 0.015118195675313473 280
1747235160947 0.012567429803311825 290
1747235160948 0.012567429803311825 290
1747235165454 65.24103546142578 300
1747235165455 65.24103546142578 300
1747235169988 0.012248549610376358 310
1747235169990 0.012248549610376358 310
1747235174561 0.009892170317471027 320
1747235174562 0.009892170317471027 320
1747235179104 0.009131341241300106 330
1747235179106 0.009131341241300106 330
1747235183552 0.01604313589632511 340
1747235183551 0.01604313589632511 340
1747235187935 0.01431579701602459 350
1747235187934 0.01431579701602459 350
1747235197950 0.023219192400574684 360
1747235197952 0.023219192400574684 360
1747235202483 0.06420493125915527 370
1747235202483 0.06420493125915527 370
1747235207042 0.028188785538077354 380
1747235207043 0.028188785538077354 380
1747235211627 0.04585103318095207 390
1747235211628 0.04585103318095207 390
1747235216209 0.008678940124809742 400
1747235216210 0.008678940124809742 400
1747235220676 0.007084356155246496 410
1747235220674 0.007084356155246496 410
1747235225099 0.005652866326272488 420
1747235225100 0.005652866326272488 420
1747235229542 0.006939726881682873 430
1747235229543 0.006939726881682873 430
1747235235452 0.007973282597959042 440
1747235235452 0.007973282597959042 440
1747235243848 0.006379337515681982 450
1747235243849 0.006379337515681982 450
1747235250278 0.007228154689073563 460
1747235250279 0.007228154689073563 460
1747235254754 0.007838192395865917 470
1747235254753 0.007838192395865917 470
1747235260923 0.0097959004342556 480
1747235260924 0.0097959004342556 480
1747235265425 0.005758944433182478 490
1747235265427 0.005758944433182478 490
1747235269911 0.006079476326704025 500
1747235269912 0.006079476326704025 500
1747235274450 0.006696656346321106 510
1747235274451 0.006696656346321106 510
1747235280624 0.004051367286592722 520
1747235280624 0.004051367286592722 520
1747235290305 0.006310928612947464 530
1747235290304 0.006310928612947464 530
1747235296462 0.029796577990055084 540
1747235296465 0.029796577990055084 540
1747235300911 0.01770150475203991 550
1747235300912 0.01770150475203991 550
1747235305502 0.003908642567694187 560
1747235305504 0.003908642567694187 560
1747235311802 0.005211020354181528 570
1747235311802 0.005211020354181528 570
1747235316179 0.008268546313047409 580
1747235316180 0.008268546313047409 580
1747235322600 0.005763987544924021 590
1747235322604 0.005763987544924021 590
1747235327099 0.007904999889433384 600
1747235327100 0.007904999889433384 600
1747235331617 0.006032220553606749 610
1747235331618 0.006032220553606749 610
1747235339775 0.005378745496273041 620
1747235339774 0.005378745496273041 620
1747235344250 0.006931530777364969 630
1747235344251 0.006931530777364969 630
1747235348675 0.006662663538008928 640
1747235348674 0.006662663538008928 640
1747235353187 0.009329525753855705 650
1747235353188 0.009329525753855705 650
1747235357714 0.004722563084214926 660
1747235357715 0.004722563084214926 660
1747235362203 0.0038454285822808743 670
1747235362204 0.0038454285822808743 670
1747235366674 0.00795607827603817 680
1747235366675 0.00795607827603817 680
1747235372879 0.012036911211907864 690
1747235372880 0.012036911211907864 690
1747235377328 0.004811547696590424 700
1747235377326 0.004811547696590424 700
1747235385650 0.005133199505507946 710
1747235385651 0.005133199505507946 710
1747235390127 0.0038180588744580746 720
1747235390128 0.0038180588744580746 720
1747235394720 0.003865896724164486 730
1747235394720 0.003865896724164486 730
1747235399357 0.004522676579654217 740
1747235399359 0.004522676579654217 740
1747235403964 0.002827914897352457 750
1747235403962 0.002827914897352457 750
1747235408515 0.005388904362916946 760
1747235408516 0.005388904362916946 760
1747235413068 0.0027442057617008686 770
1747235413068 0.0027442057617008686 770
1747235417593 0.003803831757977605 780
1747235417594 0.003803831757977605 780
1747235422145 0.0041138529777526855 790
1747235422147 0.0041138529777526855 790
1747235430501 0.004795534536242485 800
1747235430502 0.004795534536242485 800
1747235434953 0.003601226257160306 810
1747235434954 0.003601226257160306 810
1747235439575 0.003684898605570197 820
1747235439578 0.003684898605570197 820
1747235444231 0.004787073936313391 830
1747235444229 0.004787073936313391 830
1747235448806 0.003417872590944171 840
1747235448804 0.003417872590944171 840
1747235453387 0.002856484381482005 850
1747235453390 0.002856484381482005 850
1747235457963 0.003971038851886988 860
1747235457964 0.003971038851886988 860
1747235462523 0.003133306745439768 870
1747235462524 0.003133306745439768 870
1747235466786 0.0036070565693080425 880
1747235466787 0.0036070565693080425 880
