1747235019308 4.943181818181818e-05 10
1747235019308 4.943181818181818e-05 10
1747235023592 4.886363636363637e-05 20
1747235023593 4.886363636363637e-05 20
1747235027857 4.829545454545455e-05 30
1747235027857 4.829545454545455e-05 30
1747235032296 4.772727272727273e-05 40
1747235032298 4.772727272727273e-05 40
1747235036792 4.715909090909091e-05 50
1747235036793 4.715909090909091e-05 50
1747235041286 4.659090909090909e-05 60
1747235041288 4.659090909090909e-05 60
1747235045743 4.602272727272727e-05 70
1747235045743 4.602272727272727e-05 70
1747235052019 4.545454545454546e-05 80
1747235052020 4.545454545454546e-05 80
1747235060135 4.488636363636364e-05 90
1747235060134 4.488636363636364e-05 90
1747235064612 4.431818181818182e-05 100
1747235064613 4.431818181818182e-05 100
1747235069117 4.375e-05 110
1747235069118 4.375e-05 110
1747235076871 4.318181818181819e-05 120
1747235076872 4.318181818181819e-05 120
1747235081278 4.261363636363637e-05 130
1747235081279 4.261363636363637e-05 130
1747235085707 4.204545454545455e-05 140
1747235085708 4.204545454545455e-05 140
1747235090143 4.1477272727272734e-05 150
1747235090145 4.1477272727272734e-05 150
1747235094588 4.0909090909090915e-05 160
1747235094587 4.0909090909090915e-05 160
1747235098934 4.034090909090909e-05 170
1747235098934 4.034090909090909e-05 170
1747235107050 3.9772727272727275e-05 180
1747235107052 3.9772727272727275e-05 180
1747235111818 3.9204545454545456e-05 190
1747235111819 3.9204545454545456e-05 190
1747235116285 3.8636363636363636e-05 200
1747235116285 3.8636363636363636e-05 200
1747235120774 3.8068181818181816e-05 210
1747235120775 3.8068181818181816e-05 210
1747235125275 3.7500000000000003e-05 220
1747235125276 3.7500000000000003e-05 220
1747235129849 3.6931818181818184e-05 230
1747235129848 3.6931818181818184e-05 230
1747235134320 3.6363636363636364e-05 240
1747235134321 3.6363636363636364e-05 240
1747235138780 3.579545454545455e-05 250
1747235138781 3.579545454545455e-05 250
1747235143324 3.522727272727273e-05 260
1747235143325 3.522727272727273e-05 260
1747235151796 3.465909090909091e-05 270
1747235151797 3.465909090909091e-05 270
1747235156427 3.409090909090909e-05 280
1747235156428 3.409090909090909e-05 280
1747235160947 3.352272727272727e-05 290
1747235160948 3.352272727272727e-05 290
1747235165454 3.295454545454545e-05 300
1747235165455 3.295454545454545e-05 300
1747235169988 3.238636363636364e-05 310
1747235169990 3.238636363636364e-05 310
1747235174561 3.181818181818182e-05 320
1747235174562 3.181818181818182e-05 320
1747235179104 3.125e-05 330
1747235179106 3.125e-05 330
1747235183551 3.068181818181818e-05 340
1747235183552 3.068181818181818e-05 340
1747235187935 3.0113636363636365e-05 350
1747235187934 3.0113636363636365e-05 350
1747235197950 2.954545454545455e-05 360
1747235197952 2.954545454545455e-05 360
1747235202483 2.8977272727272732e-05 370
1747235202483 2.8977272727272732e-05 370
1747235207042 2.8409090909090912e-05 380
1747235207043 2.8409090909090912e-05 380
1747235211627 2.784090909090909e-05 390
1747235211628 2.784090909090909e-05 390
1747235216209 2.7272727272727273e-05 400
1747235216210 2.7272727272727273e-05 400
1747235220676 2.6704545454545453e-05 410
1747235220674 2.6704545454545453e-05 410
1747235225099 2.6136363636363637e-05 420
1747235225100 2.6136363636363637e-05 420
1747235229542 2.5568181818181817e-05 430
1747235229543 2.5568181818181817e-05 430
1747235235452 2.5e-05 440
1747235235452 2.5e-05 440
1747235243848 2.4431818181818185e-05 450
1747235243849 2.4431818181818185e-05 450
1747235250278 2.3863636363636365e-05 460
1747235250279 2.3863636363636365e-05 460
1747235254754 2.3295454545454546e-05 470
1747235254753 2.3295454545454546e-05 470
1747235260923 2.272727272727273e-05 480
1747235260924 2.272727272727273e-05 480
1747235265425 2.215909090909091e-05 490
1747235265427 2.215909090909091e-05 490
1747235269911 2.1590909090909093e-05 500
1747235269912 2.1590909090909093e-05 500
1747235274450 2.1022727272727274e-05 510
1747235274451 2.1022727272727274e-05 510
1747235280624 2.0454545454545457e-05 520
1747235280624 2.0454545454545457e-05 520
1747235290305 1.9886363636363638e-05 530
1747235290304 1.9886363636363638e-05 530
1747235296462 1.9318181818181818e-05 540
1747235296465 1.9318181818181818e-05 540
1747235300911 1.8750000000000002e-05 550
1747235300912 1.8750000000000002e-05 550
1747235305502 1.8181818181818182e-05 560
1747235305504 1.8181818181818182e-05 560
1747235311802 1.7613636363636366e-05 570
1747235311802 1.7613636363636366e-05 570
1747235316179 1.7045454545454546e-05 580
1747235316180 1.7045454545454546e-05 580
1747235322600 1.6477272727272726e-05 590
1747235322604 1.6477272727272726e-05 590
1747235327099 1.590909090909091e-05 600
1747235327100 1.590909090909091e-05 600
1747235331617 1.534090909090909e-05 610
1747235331618 1.534090909090909e-05 610
1747235339775 1.4772727272727274e-05 620
1747235339774 1.4772727272727274e-05 620
1747235344250 1.4204545454545456e-05 630
1747235344251 1.4204545454545456e-05 630
1747235348675 1.3636363636363637e-05 640
1747235348674 1.3636363636363637e-05 640
1747235353187 1.3068181818181819e-05 650
1747235353188 1.3068181818181819e-05 650
1747235357714 1.25e-05 660
1747235357715 1.25e-05 660
1747235362203 1.1931818181818183e-05 670
1747235362204 1.1931818181818183e-05 670
1747235366674 1.1363636363636365e-05 680
1747235366675 1.1363636363636365e-05 680
1747235372879 1.0795454545454547e-05 690
1747235372880 1.0795454545454547e-05 690
1747235377328 1.0227272727272729e-05 700
1747235377326 1.0227272727272729e-05 700
1747235385650 9.659090909090909e-06 710
1747235385651 9.659090909090909e-06 710
1747235390127 9.090909090909091e-06 720
1747235390128 9.090909090909091e-06 720
1747235394720 8.522727272727273e-06 730
1747235394720 8.522727272727273e-06 730
1747235399357 7.954545454545455e-06 740
1747235399359 7.954545454545455e-06 740
1747235403964 7.386363636363637e-06 750
1747235403962 7.386363636363637e-06 750
1747235408515 6.818181818181818e-06 760
1747235408516 6.818181818181818e-06 760
1747235413068 6.25e-06 770
1747235413068 6.25e-06 770
1747235417593 5.681818181818182e-06 780
1747235417594 5.681818181818182e-06 780
1747235422145 5.113636363636364e-06 790
1747235422147 5.113636363636364e-06 790
1747235430501 4.5454545454545455e-06 800
1747235430502 4.5454545454545455e-06 800
1747235434953 3.9772727272727275e-06 810
1747235434954 3.9772727272727275e-06 810
1747235439575 3.409090909090909e-06 820
1747235439578 3.409090909090909e-06 820
1747235444231 2.840909090909091e-06 830
1747235444229 2.840909090909091e-06 830
1747235448806 2.2727272727272728e-06 840
1747235448804 2.2727272727272728e-06 840
1747235453387 1.7045454545454546e-06 850
1747235453390 1.7045454545454546e-06 850
1747235457963 1.1363636363636364e-06 860
1747235457964 1.1363636363636364e-06 860
1747235462523 5.681818181818182e-07 870
1747235462524 5.681818181818182e-07 870
1747235466786 0.0 880
1747235466787 0.0 880
