1747235019308 0.6541 10
1747235019308 0.6541 10
1747235023592 0.3628 20
1747235023593 0.3628 20
1747235027857 0.1794 30
1747235027857 0.1794 30
1747235032296 0.2144 40
1747235032298 0.2144 40
1747235036792 0.2444 50
1747235036793 0.2444 50
1747235041286 0.1595 60
1747235041288 0.1595 60
1747235045743 0.121 70
1747235045743 0.121 70
1747235052020 0.2903 80
1747235060134 0.0882 90
1747235060135 0.0882 90
1747235064612 0.0382 100
1747235064613 0.0382 100
1747235069117 0.2374 110
1747235069118 0.2374 110
1747235076871 0.1507 120
1747235076872 0.1507 120
1747235081278 0.0267 130
1747235081279 0.0267 130
1747235085707 0.1085 140
1747235085708 0.1085 140
1747235090143 0.0549 150
1747235090145 0.0549 150
1747235094588 0.0864 160
1747235094587 0.0864 160
1747235098934 0.0826 170
1747235098934 0.0826 170
1747235107050 0.0329 180
1747235107052 0.0329 180
1747235111818 0.0016 190
1747235111819 0.0016 190
1747235116285 0.0014 200
1747235116285 0.0014 200
1747235120774 0.0061 210
1747235120775 0.0061 210
1747235125275 0.0703 220
1747235125276 0.0703 220
1747235129849 0.001 230
1747235129848 0.001 230
1747235134320 0.0967 240
1747235134321 0.0967 240
1747235138780 0.0018 250
1747235138781 0.0018 250
1747235143324 0.0458 260
1747235143325 0.0458 260
1747235151796 0.001 270
1747235151797 0.001 270
1747235156427 0.0008 280
1747235156428 0.0008 280
1747235160947 0.001 290
1747235160948 0.001 290
1747235165454 0.0188 300
1747235165455 0.0188 300
1747235169988 0.0006 310
1747235169990 0.0006 310
1747235174561 0.0005 320
1747235174562 0.0005 320
1747235179104 0.0005 330
1747235179106 0.0005 330
1747235183552 0.0892 340
1747235183551 0.0892 340
1747235187935 0.0008 350
1747235187934 0.0008 350
1747235197950 0.0774 360
1747235197952 0.0774 360
1747235202483 0.0019 370
1747235202483 0.0019 370
1747235207042 0.0011 380
1747235207043 0.0011 380
1747235211627 0.0009 390
1747235211628 0.0009 390
1747235216209 0.0006 400
1747235216210 0.0006 400
1747235220676 0.0005 410
1747235220674 0.0005 410
1747235225099 0.0004 420
1747235225100 0.0004 420
1747235229542 0.0004 430
1747235229543 0.0004 430
1747235235452 0.0004 440
1747235235452 0.0004 440
1747235243848 0.0005 450
1747235243849 0.0005 450
1747235250278 0.0003 460
1747235250279 0.0003 460
1747235254754 0.0004 470
1747235254753 0.0004 470
1747235260923 0.0003 480
1747235260924 0.0003 480
1747235265425 0.0003 490
1747235265427 0.0003 490
1747235269911 0.0004 500
1747235269912 0.0004 500
1747235274450 0.0003 510
1747235274451 0.0003 510
1747235280624 0.0003 520
1747235280624 0.0003 520
1747235290305 0.0779 530
1747235290304 0.0779 530
1747235296462 0.0006 540
1747235296465 0.0006 540
1747235300911 0.0009 550
1747235300912 0.0009 550
1747235305502 0.0003 560
1747235305504 0.0003 560
1747235311802 0.0003 570
1747235311802 0.0003 570
1747235316179 0.0647 580
1747235316180 0.0647 580
1747235322600 0.0003 590
1747235322604 0.0003 590
1747235327099 0.0003 600
1747235327100 0.0003 600
1747235331617 0.0004 610
1747235331618 0.0004 610
1747235339775 0.0017 620
1747235339774 0.0017 620
1747235344250 0.0003 630
1747235344251 0.0003 630
1747235348675 0.0002 640
1747235348674 0.0002 640
1747235353187 0.0002 650
1747235353188 0.0002 650
1747235357714 0.0003 660
1747235357715 0.0003 660
1747235362203 0.0003 670
1747235362204 0.0003 670
1747235366674 0.0002 680
1747235366675 0.0002 680
1747235372879 0.0002 690
1747235372880 0.0002 690
1747235377328 0.0002 700
1747235377326 0.0002 700
1747235385650 0.0002 710
1747235385651 0.0002 710
1747235390127 0.0002 720
1747235390128 0.0002 720
1747235394720 0.0002 730
1747235394720 0.0002 730
1747235399357 0.0002 740
1747235399359 0.0002 740
1747235403962 0.0002 750
1747235403964 0.0002 750
1747235408515 0.0002 760
1747235408516 0.0002 760
1747235413068 0.0002 770
1747235413068 0.0002 770
1747235417593 0.0002 780
1747235417594 0.0002 780
1747235422145 0.0002 790
1747235422147 0.0002 790
1747235430501 0.0002 800
1747235430502 0.0002 800
1747235434953 0.0002 810
1747235434954 0.0002 810
1747235439575 0.0002 820
1747235439578 0.0002 820
1747235444229 0.0002 830
1747235444231 0.0002 830
1747235448804 0.0002 840
1747235448806 0.0002 840
1747235453387 0.0002 850
1747235453390 0.0002 850
1747235457963 0.0002 860
1747235457964 0.0002 860
1747235462523 0.0002 870
1747235462524 0.0002 870
1747235466786 0.0002 880
1747235466787 0.0002 880
