1747370172812 0.11235955056179775 10
1747370172813 0.11235955056179775 10
1747370176430 0.2247191011235955 20
1747370176431 0.2247191011235955 20
1747370180100 0.33707865168539325 30
1747370180101 0.33707865168539325 30
1747370185371 0.449438202247191 40
1747370185372 0.449438202247191 40
1747370190816 0.5617977528089888 50
1747370190817 0.5617977528089888 50
1747370194701 0.6741573033707865 60
1747370194699 0.6741573033707865 60
1747370198493 0.7865168539325843 70
1747370198493 0.7865168539325843 70
1747370203766 0.898876404494382 80
1747370203766 0.898876404494382 80
1747370210907 1.0 89
1747370210908 1.0 89
1747370212647 1.0112359550561798 90
1747370212646 1.0112359550561798 90
1747370218164 1.1235955056179776 100
1747370218165 1.1235955056179776 100
1747370221870 1.2359550561797752 110
1747370221870 1.2359550561797752 110
1747370228364 1.348314606741573 120
1747370228368 1.348314606741573 120
1747370232661 1.4606741573033708 130
1747370232662 1.4606741573033708 130
1747370238004 1.5730337078651684 140
1747370238004 1.5730337078651684 140
1747370243434 1.6853932584269664 150
1747370243434 1.6853932584269664 150
1747370247188 1.797752808988764 160
1747370247187 1.797752808988764 160
1747370250921 1.9101123595505618 170
1747370250921 1.9101123595505618 170
1747370256176 2.0 178
1747370256177 2.0 178
1747370258356 2.0224719101123596 180
1747370258358 2.0224719101123596 180
1747370265352 2.134831460674157 190
1747370265350 2.134831460674157 190
1747370270366 2.247191011235955 200
1747370270362 2.247191011235955 200
1747370274685 2.359550561797753 210
1747370274686 2.359550561797753 210
1747370280052 2.4719101123595504 220
1747370280054 2.4719101123595504 220
1747370285319 2.5842696629213484 230
1747370285322 2.5842696629213484 230
1747370289296 2.696629213483146 240
1747370289296 2.696629213483146 240
1747370293188 2.808988764044944 250
1747370293189 2.808988764044944 250
1747370297038 2.9213483146067416 260
1747370297040 2.9213483146067416 260
1747370301996 3.0 267
1747370301997 3.0 267
1747370304537 3.033707865168539 270
1747370304536 3.033707865168539 270
1747370308353 3.146067415730337 280
1747370308353 3.146067415730337 280
1747370312145 3.258426966292135 290
1747370312146 3.258426966292135 290
1747370315941 3.370786516853933 300
1747370315942 3.370786516853933 300
1747370319704 3.4831460674157304 310
1747370319705 3.4831460674157304 310
1747370323488 3.595505617977528 320
1747370323487 3.595505617977528 320
1747370327271 3.7078651685393256 330
1747370327271 3.7078651685393256 330
1747370331103 3.8202247191011236 340
1747370331103 3.8202247191011236 340
1747370334918 3.932584269662921 350
1747370334920 3.932584269662921 350
1747370339578 4.0 356
1747370339579 4.0 356
1747370342814 4.044943820224719 360
1747370342815 4.044943820224719 360
1747370348634 4.157303370786517 370
1747370348636 4.157303370786517 370
1747370354123 4.269662921348314 380
1747370354124 4.269662921348314 380
1747370358009 4.382022471910112 390
1747370358009 4.382022471910112 390
1747370361879 4.49438202247191 400
1747370361880 4.49438202247191 400
1747370367357 4.606741573033708 410
1747370367360 4.606741573033708 410
1747370371264 4.719101123595506 420
1747370371264 4.719101123595506 420
1747370375142 4.831460674157303 430
1747370375143 4.831460674157303 430
1747370378967 4.943820224719101 440
1747370378968 4.943820224719101 440
1747370383283 5.0 445
1747370383284 5.0 445
1747370384820 5.0 445
1747370384820 5.0 445
