1747370172812 2.7767319679260254 10
1747370172813 2.7767319679260254 10
1747370176430 7.3543314933776855 20
1747370176431 7.3543314933776855 20
1747370180100 3.258850574493408 30
1747370180101 3.258850574493408 30
1747370185371 6.766749382019043 40
1747370185372 6.766749382019043 40
1747370190816 4.770025730133057 50
1747370190817 4.770025730133057 50
1747370194699 4.075839996337891 60
1747370194701 4.075839996337891 60
1747370198493 7.672368049621582 70
1747370198493 7.672368049621582 70
1747370203766 3.497854471206665 80
1747370203766 3.497854471206665 80
1747370212647 4.105311393737793 90
1747370212646 4.105311393737793 90
1747370218164 5.667990207672119 100
1747370218165 5.667990207672119 100
1747370221870 8.842940330505371 110
1747370221870 8.842940330505371 110
1747370228364 12.260554313659668 120
1747370228368 12.260554313659668 120
1747370232661 15.380687713623047 130
1747370232662 15.380687713623047 130
1747370238004 3.6556177139282227 140
1747370238004 3.6556177139282227 140
1747370243434 5.489008903503418 150
1747370243434 5.489008903503418 150
1747370247188 4.738343715667725 160
1747370247187 4.738343715667725 160
1747370250921 7.567605972290039 170
1747370250921 7.567605972290039 170
1747370258356 3.315434694290161 180
1747370258358 3.315434694290161 180
1747370265352 9.268351554870605 190
1747370265350 9.268351554870605 190
1747370270362 11.664865493774414 200
1747370270366 11.664865493774414 200
1747370274685 7.1323652267456055 210
1747370274686 7.1323652267456055 210
1747370280052 5.5457916259765625 220
1747370280054 5.5457916259765625 220
1747370285319 10.049487113952637 230
1747370285322 10.049487113952637 230
1747370289296 6.142470359802246 240
1747370289296 6.142470359802246 240
1747370293188 4.8592400550842285 250
1747370293189 4.8592400550842285 250
1747370297038 14.21798038482666 260
1747370297040 14.21798038482666 260
1747370304537 5.287343978881836 270
1747370304536 5.287343978881836 270
1747370308353 1.9035439491271973 280
1747370308353 1.9035439491271973 280
1747370312145 6.79929780960083 290
1747370312146 6.79929780960083 290
1747370315941 10.661758422851562 300
1747370315942 10.661758422851562 300
1747370319704 4.7556962966918945 310
1747370319705 4.7556962966918945 310
1747370323487 17.068784713745117 320
1747370323488 17.068784713745117 320
1747370327271 3.9639434814453125 330
1747370327271 3.9639434814453125 330
1747370331103 5.783792495727539 340
1747370331103 5.783792495727539 340
1747370334918 8.315154075622559 350
1747370334920 8.315154075622559 350
1747370342814 1.758575677871704 360
1747370342815 1.758575677871704 360
1747370348634 7.992807865142822 370
1747370348636 7.992807865142822 370
1747370354123 4.027352809906006 380
1747370354124 4.027352809906006 380
1747370358009 18.69633674621582 390
1747370358009 18.69633674621582 390
1747370361879 2.7235209941864014 400
1747370361880 2.7235209941864014 400
1747370367357 5.3935770988464355 410
1747370367360 5.3935770988464355 410
1747370371264 1.2845933437347412 420
1747370371264 1.2845933437347412 420
1747370375142 0.4538993239402771 430
1747370375143 0.4538993239402771 430
1747370378967 20.40566062927246 440
1747370378968 20.40566062927246 440
