1747370172812 9.887640449438202e-06 10
1747370172813 9.887640449438202e-06 10
1747370176430 9.775280898876405e-06 20
1747370176431 9.775280898876405e-06 20
1747370180100 9.662921348314608e-06 30
1747370180101 9.662921348314608e-06 30
1747370185371 9.55056179775281e-06 40
1747370185372 9.55056179775281e-06 40
1747370190816 9.438202247191012e-06 50
1747370190817 9.438202247191012e-06 50
1747370194701 9.325842696629213e-06 60
1747370194699 9.325842696629213e-06 60
1747370198493 9.213483146067417e-06 70
1747370198493 9.213483146067417e-06 70
1747370203766 9.101123595505619e-06 80
1747370203766 9.101123595505619e-06 80
1747370212647 8.988764044943822e-06 90
1747370212646 8.988764044943822e-06 90
1747370218164 8.876404494382023e-06 100
1747370218165 8.876404494382023e-06 100
1747370221870 8.764044943820226e-06 110
1747370221870 8.764044943820226e-06 110
1747370228364 8.651685393258428e-06 120
1747370228368 8.651685393258428e-06 120
1747370232661 8.53932584269663e-06 130
1747370232662 8.53932584269663e-06 130
1747370238004 8.426966292134832e-06 140
1747370238004 8.426966292134832e-06 140
1747370243434 8.314606741573035e-06 150
1747370243434 8.314606741573035e-06 150
1747370247188 8.202247191011237e-06 160
1747370247187 8.202247191011237e-06 160
1747370250921 8.08988764044944e-06 170
1747370250921 8.08988764044944e-06 170
1747370258356 7.97752808988764e-06 180
1747370258358 7.97752808988764e-06 180
1747370265352 7.865168539325843e-06 190
1747370265350 7.865168539325843e-06 190
1747370270366 7.752808988764046e-06 200
1747370270362 7.752808988764046e-06 200
1747370274685 7.640449438202247e-06 210
1747370274686 7.640449438202247e-06 210
1747370280052 7.5280898876404495e-06 220
1747370280054 7.5280898876404495e-06 220
1747370285319 7.415730337078652e-06 230
1747370285322 7.415730337078652e-06 230
1747370289296 7.303370786516854e-06 240
1747370289296 7.303370786516854e-06 240
1747370293188 7.191011235955056e-06 250
1747370293189 7.191011235955056e-06 250
1747370297038 7.078651685393258e-06 260
1747370297040 7.078651685393258e-06 260
1747370304537 6.966292134831461e-06 270
1747370304536 6.966292134831461e-06 270
1747370308353 6.853932584269663e-06 280
1747370308353 6.853932584269663e-06 280
1747370312145 6.741573033707865e-06 290
1747370312146 6.741573033707865e-06 290
1747370315941 6.629213483146067e-06 300
1747370315942 6.629213483146067e-06 300
1747370319704 6.51685393258427e-06 310
1747370319705 6.51685393258427e-06 310
1747370323487 6.404494382022472e-06 320
1747370323488 6.404494382022472e-06 320
1747370327271 6.292134831460674e-06 330
1747370327271 6.292134831460674e-06 330
1747370331103 6.179775280898876e-06 340
1747370331103 6.179775280898876e-06 340
1747370334918 6.06741573033708e-06 350
1747370334920 6.06741573033708e-06 350
1747370342814 5.955056179775281e-06 360
1747370342815 5.955056179775281e-06 360
1747370348634 5.842696629213483e-06 370
1747370348636 5.842696629213483e-06 370
1747370354123 5.730337078651685e-06 380
1747370354124 5.730337078651685e-06 380
1747370358009 5.617977528089889e-06 390
1747370358009 5.617977528089889e-06 390
1747370361879 5.50561797752809e-06 400
1747370361880 5.50561797752809e-06 400
1747370367357 5.393258426966292e-06 410
1747370367360 5.393258426966292e-06 410
1747370371264 5.280898876404494e-06 420
1747370371264 5.280898876404494e-06 420
1747370375142 5.168539325842698e-06 430
1747370375143 5.168539325842698e-06 430
1747370378967 5.0561797752809e-06 440
1747370378968 5.0561797752809e-06 440
