1747370172812 0.6691 10
1747370172813 0.6691 10
1747370176430 0.6548 20
1747370176431 0.6548 20
1747370180100 0.601 30
1747370180101 0.601 30
1747370185371 0.638 40
1747370185372 0.638 40
1747370190816 0.5612 50
1747370190817 0.5612 50
1747370194701 0.5554 60
1747370194699 0.5554 60
1747370198493 0.5096 70
1747370198493 0.5096 70
1747370203766 0.471 80
1747370203766 0.471 80
1747370212647 0.4506 90
1747370212646 0.4506 90
1747370218164 0.3859 100
1747370218165 0.3859 100
1747370221870 0.4019 110
1747370221870 0.4019 110
1747370228364 0.3489 120
1747370228368 0.3489 120
1747370232661 0.3711 130
1747370232662 0.3711 130
1747370238004 0.2775 140
1747370238004 0.2775 140
1747370243434 0.3678 150
1747370243434 0.3678 150
1747370247187 0.4355 160
1747370247188 0.4355 160
1747370250921 0.3273 170
1747370250921 0.3273 170
1747370258356 0.2417 180
1747370258358 0.2417 180
1747370265352 0.2269 190
1747370265350 0.2269 190
1747370270362 0.2032 200
1747370270366 0.2032 200
1747370274685 0.2373 210
1747370274686 0.2373 210
1747370280052 0.2228 220
1747370280054 0.2228 220
1747370285319 0.1577 230
1747370285322 0.1577 230
1747370289296 0.1855 240
1747370289296 0.1855 240
1747370293188 0.1598 250
1747370293189 0.1598 250
1747370297038 0.2004 260
1747370297040 0.2004 260
1747370304537 0.2072 270
1747370304536 0.2072 270
1747370308353 0.1541 280
1747370308353 0.1541 280
1747370312145 0.0973 290
1747370312146 0.0973 290
1747370315941 0.1485 300
1747370315942 0.1485 300
1747370319704 0.1134 310
1747370319705 0.1134 310
1747370323487 0.1184 320
1747370323488 0.1184 320
1747370327271 0.0788 330
1747370327271 0.0788 330
1747370331103 0.1084 340
1747370331103 0.1084 340
1747370334918 0.1044 350
1747370334920 0.1044 350
1747370342814 0.08 360
1747370342815 0.08 360
1747370348634 0.0748 370
1747370348636 0.0748 370
1747370354123 0.0514 380
1747370354124 0.0514 380
1747370358009 0.0496 390
1747370358009 0.0496 390
1747370361879 0.0264 400
1747370361880 0.0264 400
1747370367357 0.1036 410
1747370367360 0.1036 410
1747370371264 0.0492 420
1747370371264 0.0492 420
1747370375142 0.0391 430
1747370375143 0.0391 430
1747370378967 0.0332 440
1747370378968 0.0332 440
