1747236463208 0.11363636363636363 10
1747236463209 0.11363636363636363 10
1747236472548 0.22727272727272727 20
1747236472549 0.22727272727272727 20
1747236481887 0.3409090909090909 30
1747236481887 0.3409090909090909 30
1747236491246 0.45454545454545453 40
1747236491246 0.45454545454545453 40
1747236500575 0.5681818181818182 50
1747236500576 0.5681818181818182 50
1747236510050 0.6818181818181818 60
1747236510051 0.6818181818181818 60
1747236521102 0.7954545454545454 70
1747236521103 0.7954545454545454 70
1747236530526 0.9090909090909091 80
1747236530527 0.9090909090909091 80
1747236542760 1.0 88
1747236542761 1.0 88
1747236546269 1.0227272727272727 90
1747236546268 1.0227272727272727 90
1747236555833 1.1363636363636362 100
1747236555834 1.1363636363636362 100
1747236565393 1.25 110
1747236565394 1.25 110
1747236574726 1.3636363636363638 120
1747236574727 1.3636363636363638 120
1747236583901 1.4772727272727273 130
1747236583902 1.4772727272727273 130
1747236593065 1.5909090909090908 140
1747236593066 1.5909090909090908 140
1747236602212 1.7045454545454546 150
1747236602213 1.7045454545454546 150
1747236611392 1.8181818181818183 160
1747236611392 1.8181818181818183 160
1747236620567 1.9318181818181817 170
1747236620568 1.9318181818181817 170
1747236630625 2.0 176
1747236630626 2.0 176
1747236635759 2.0454545454545454 180
1747236635758 2.0454545454545454 180
1747236646551 2.159090909090909 190
1747236646552 2.159090909090909 190
1747236655752 2.2727272727272725 200
1747236655753 2.2727272727272725 200
1747236664847 2.3863636363636362 210
1747236664848 2.3863636363636362 210
1747236673955 2.5 220
1747236673955 2.5 220
1747236683119 2.6136363636363638 230
1747236683120 2.6136363636363638 230
1747236692221 2.7272727272727275 240
1747236692222 2.7272727272727275 240
1747236701374 2.840909090909091 250
1747236701375 2.840909090909091 250
1747236710620 2.9545454545454546 260
1747236710621 2.9545454545454546 260
1747236718971 3.0 264
1747236718972 3.0 264
1747236726162 3.0681818181818183 270
1747236726163 3.0681818181818183 270
1747236735603 3.1818181818181817 280
1747236735604 3.1818181818181817 280
1747236745014 3.2954545454545454 290
1747236745015 3.2954545454545454 290
1747236754533 3.409090909090909 300
1747236754534 3.409090909090909 300
1747236764416 3.5227272727272725 310
1747236764417 3.5227272727272725 310
1747236774321 3.6363636363636362 320
1747236774321 3.6363636363636362 320
1747236783958 3.75 330
1747236783959 3.75 330
1747236793253 3.8636363636363638 340
1747236793252 3.8636363636363638 340
1747236802603 3.9772727272727275 350
1747236802604 3.9772727272727275 350
1747236809076 4.0 352
1747236809077 4.0 352
1747236818275 4.090909090909091 360
1747236818277 4.090909090909091 360
1747236827538 4.204545454545454 370
1747236827538 4.204545454545454 370
1747236836743 4.318181818181818 380
1747236836743 4.318181818181818 380
1747236846000 4.431818181818182 390
1747236846001 4.431818181818182 390
1747236855422 4.545454545454545 400
1747236855423 4.545454545454545 400
1747236864844 4.659090909090909 410
1747236864845 4.659090909090909 410
1747236874446 4.7727272727272725 420
1747236874446 4.7727272727272725 420
1747236884175 4.886363636363637 430
1747236884176 4.886363636363637 430
1747236893366 5.0 440
1747236893367 5.0 440
1747236898488 5.0 440
1747236898490 5.0 440
1747236910584 5.113636363636363 450
1747236910584 5.113636363636363 450
1747236920098 5.2272727272727275 460
1747236920097 5.2272727272727275 460
1747236930034 5.340909090909091 470
1747236930035 5.340909090909091 470
1747236940034 5.454545454545454 480
1747236940035 5.454545454545454 480
1747236949439 5.568181818181818 490
1747236949440 5.568181818181818 490
1747236960784 5.681818181818182 500
1747236960785 5.681818181818182 500
1747236970039 5.795454545454545 510
1747236970040 5.795454545454545 510
1747236979611 5.909090909090909 520
1747236979612 5.909090909090909 520
1747236992002 6.0 528
1747236992003 6.0 528
1747236996582 6.0227272727272725 530
1747236996583 6.0227272727272725 530
1747237005976 6.136363636363637 540
1747237005977 6.136363636363637 540
1747237015570 6.25 550
1747237015570 6.25 550
1747237025098 6.363636363636363 560
1747237025099 6.363636363636363 560
1747237034997 6.4772727272727275 570
1747237034998 6.4772727272727275 570
1747237044904 6.590909090909091 580
1747237044904 6.590909090909091 580
1747237054520 6.704545454545455 590
1747237054522 6.704545454545455 590
1747237064408 6.818181818181818 600
1747237064410 6.818181818181818 600
1747237074223 6.931818181818182 610
1747237074224 6.931818181818182 610
1747237084889 7.0 616
1747237084890 7.0 616
1747237087031 7.0 616
1747237087032 7.0 616
