1747236463208 13.305315017700195 10
1747236463209 13.305315017700195 10
1747236472548 5.949326515197754 20
1747236472549 5.949326515197754 20
1747236481887 1.8026556968688965 30
1747236481887 1.8026556968688965 30
1747236491246 0.543156623840332 40
1747236491246 0.543156623840332 40
1747236500575 3.7324271202087402 50
1747236500576 3.7324271202087402 50
1747236510050 33.743343353271484 60
1747236510051 33.743343353271484 60
1747236521102 0.4800441265106201 70
1747236521103 0.4800441265106201 70
1747236530526 14.126240730285645 80
1747236530527 14.126240730285645 80
1747236546269 4.549705982208252 90
1747236546268 4.549705982208252 90
1747236555833 6.476877212524414 100
1747236555834 6.476877212524414 100
1747236565393 0.1895068734884262 110
1747236565394 0.1895068734884262 110
1747236574726 0.07213447242975235 120
1747236574727 0.07213447242975235 120
1747236583901 15.23737621307373 130
1747236583902 15.23737621307373 130
1747236593065 0.04095049574971199 140
1747236593066 0.04095049574971199 140
1747236602212 6.182368278503418 150
1747236602213 6.182368278503418 150
1747236611392 0.26804184913635254 160
1747236611392 0.26804184913635254 160
1747236620567 0.02460251748561859 170
1747236620568 0.02460251748561859 170
1747236635759 0.024729439988732338 180
1747236635758 0.024729439988732338 180
1747236646551 0.024648992344737053 190
1747236646552 0.024648992344737053 190
1747236655752 0.016119131818413734 200
1747236655753 0.016119131818413734 200
1747236664847 0.01532246544957161 210
1747236664848 0.01532246544957161 210
1747236673955 0.011218741536140442 220
1747236673955 0.011218741536140442 220
1747236683119 21.9982967376709 230
1747236683120 21.9982967376709 230
1747236692221 0.036596428602933884 240
1747236692222 0.036596428602933884 240
1747236701374 35.65706253051758 250
1747236701375 35.65706253051758 250
1747236710620 0.0182634424418211 260
1747236710621 0.0182634424418211 260
1747236726162 0.01538506057113409 270
1747236726163 0.01538506057113409 270
1747236735603 0.015676509588956833 280
1747236735604 0.015676509588956833 280
1747236745014 0.011218393221497536 290
1747236745015 0.011218393221497536 290
1747236754533 0.01325313001871109 300
1747236754534 0.01325313001871109 300
1747236764416 0.008136384189128876 310
1747236764417 0.008136384189128876 310
1747236774321 0.008991175331175327 320
1747236774321 0.008991175331175327 320
1747236783958 0.009172478690743446 330
1747236783959 0.009172478690743446 330
1747236793253 0.0067284367978572845 340
1747236793252 0.0067284367978572845 340
1747236802603 0.006473468616604805 350
1747236802604 0.006473468616604805 350
1747236818275 0.007960236631333828 360
1747236818277 0.007960236631333828 360
1747236827538 0.005595735739916563 370
1747236827538 0.005595735739916563 370
1747236836743 0.006672993302345276 380
1747236836743 0.006672993302345276 380
1747236846000 0.005475588142871857 390
1747236846001 0.005475588142871857 390
1747236855422 0.00554104708135128 400
1747236855423 0.00554104708135128 400
1747236864844 0.0054761203937232494 410
1747236864845 0.0054761203937232494 410
1747236874446 0.005917280912399292 420
1747236874446 0.005917280912399292 420
1747236884175 0.00474962592124939 430
1747236884176 0.00474962592124939 430
1747236893367 0.00581333227455616 440
1747236893366 0.00581333227455616 440
1747236910584 0.00560761196538806 450
1747236910584 0.00560761196538806 450
1747236920098 0.003981317393481731 460
1747236920097 0.003981317393481731 460
1747236930034 0.004518645815551281 470
1747236930035 0.004518645815551281 470
1747236940034 0.004470438696444035 480
1747236940035 0.004470438696444035 480
1747236949439 0.003421152476221323 490
1747236949440 0.003421152476221323 490
1747236960784 0.004085519816726446 500
1747236960785 0.004085519816726446 500
1747236970039 0.0036066719330847263 510
1747236970040 0.0036066719330847263 510
1747236979611 0.0038511352613568306 520
1747236979612 0.0038511352613568306 520
1747236996582 0.004627804271876812 530
1747236996583 0.004627804271876812 530
1747237005976 0.0028739203698933125 540
1747237005977 0.0028739203698933125 540
1747237015570 0.003589329542592168 550
1747237015570 0.003589329542592168 550
1747237025098 0.004053495824337006 560
1747237025099 0.004053495824337006 560
1747237034997 0.0034351088106632233 570
1747237034998 0.0034351088106632233 570
1747237044904 0.0026123393326997757 580
1747237044904 0.0026123393326997757 580
1747237054520 0.0036166124045848846 590
1747237054522 0.0036166124045848846 590
1747237064408 0.0031663666013628244 600
1747237064410 0.0031663666013628244 600
1747237074223 0.0030605634674429893 610
1747237074224 0.0030605634674429893 610
