1747236463208 4.943181818181818e-05 10
1747236463209 4.943181818181818e-05 10
1747236472548 4.886363636363637e-05 20
1747236472549 4.886363636363637e-05 20
1747236481887 4.829545454545455e-05 30
1747236481887 4.829545454545455e-05 30
1747236491246 4.772727272727273e-05 40
1747236491246 4.772727272727273e-05 40
1747236500575 4.715909090909091e-05 50
1747236500576 4.715909090909091e-05 50
1747236510050 4.659090909090909e-05 60
1747236510051 4.659090909090909e-05 60
1747236521102 4.602272727272727e-05 70
1747236521103 4.602272727272727e-05 70
1747236530526 4.545454545454546e-05 80
1747236530527 4.545454545454546e-05 80
1747236546269 4.488636363636364e-05 90
1747236546268 4.488636363636364e-05 90
1747236555833 4.431818181818182e-05 100
1747236555834 4.431818181818182e-05 100
1747236565394 4.375e-05 110
1747236565393 4.375e-05 110
1747236574726 4.318181818181819e-05 120
1747236574727 4.318181818181819e-05 120
1747236583901 4.261363636363637e-05 130
1747236583902 4.261363636363637e-05 130
1747236593065 4.204545454545455e-05 140
1747236593066 4.204545454545455e-05 140
1747236602212 4.1477272727272734e-05 150
1747236602213 4.1477272727272734e-05 150
1747236611392 4.0909090909090915e-05 160
1747236611392 4.0909090909090915e-05 160
1747236620567 4.034090909090909e-05 170
1747236620568 4.034090909090909e-05 170
1747236635759 3.9772727272727275e-05 180
1747236635758 3.9772727272727275e-05 180
1747236646551 3.9204545454545456e-05 190
1747236646552 3.9204545454545456e-05 190
1747236655752 3.8636363636363636e-05 200
1747236655753 3.8636363636363636e-05 200
1747236664847 3.8068181818181816e-05 210
1747236664848 3.8068181818181816e-05 210
1747236673955 3.7500000000000003e-05 220
1747236673955 3.7500000000000003e-05 220
1747236683119 3.6931818181818184e-05 230
1747236683120 3.6931818181818184e-05 230
1747236692221 3.6363636363636364e-05 240
1747236692222 3.6363636363636364e-05 240
1747236701374 3.579545454545455e-05 250
1747236701375 3.579545454545455e-05 250
1747236710620 3.522727272727273e-05 260
1747236710621 3.522727272727273e-05 260
1747236726162 3.465909090909091e-05 270
1747236726163 3.465909090909091e-05 270
1747236735603 3.409090909090909e-05 280
1747236735604 3.409090909090909e-05 280
1747236745014 3.352272727272727e-05 290
1747236745015 3.352272727272727e-05 290
1747236754533 3.295454545454545e-05 300
1747236754534 3.295454545454545e-05 300
1747236764416 3.238636363636364e-05 310
1747236764417 3.238636363636364e-05 310
1747236774321 3.181818181818182e-05 320
1747236774321 3.181818181818182e-05 320
1747236783958 3.125e-05 330
1747236783959 3.125e-05 330
1747236793253 3.068181818181818e-05 340
1747236793252 3.068181818181818e-05 340
1747236802603 3.0113636363636365e-05 350
1747236802604 3.0113636363636365e-05 350
1747236818275 2.954545454545455e-05 360
1747236818277 2.954545454545455e-05 360
1747236827538 2.8977272727272732e-05 370
1747236827538 2.8977272727272732e-05 370
1747236836743 2.8409090909090912e-05 380
1747236836743 2.8409090909090912e-05 380
1747236846000 2.784090909090909e-05 390
1747236846001 2.784090909090909e-05 390
1747236855422 2.7272727272727273e-05 400
1747236855423 2.7272727272727273e-05 400
1747236864844 2.6704545454545453e-05 410
1747236864845 2.6704545454545453e-05 410
1747236874446 2.6136363636363637e-05 420
1747236874446 2.6136363636363637e-05 420
1747236884175 2.5568181818181817e-05 430
1747236884176 2.5568181818181817e-05 430
1747236893367 2.5e-05 440
1747236893366 2.5e-05 440
1747236910584 2.4431818181818185e-05 450
1747236910584 2.4431818181818185e-05 450
1747236920098 2.3863636363636365e-05 460
1747236920097 2.3863636363636365e-05 460
1747236930034 2.3295454545454546e-05 470
1747236930035 2.3295454545454546e-05 470
1747236940034 2.272727272727273e-05 480
1747236940035 2.272727272727273e-05 480
1747236949439 2.215909090909091e-05 490
1747236949440 2.215909090909091e-05 490
1747236960784 2.1590909090909093e-05 500
1747236960785 2.1590909090909093e-05 500
1747236970039 2.1022727272727274e-05 510
1747236970040 2.1022727272727274e-05 510
1747236979611 2.0454545454545457e-05 520
1747236979612 2.0454545454545457e-05 520
1747236996582 1.9886363636363638e-05 530
1747236996583 1.9886363636363638e-05 530
1747237005976 1.9318181818181818e-05 540
1747237005977 1.9318181818181818e-05 540
1747237015570 1.8750000000000002e-05 550
1747237015570 1.8750000000000002e-05 550
1747237025098 1.8181818181818182e-05 560
1747237025099 1.8181818181818182e-05 560
1747237034997 1.7613636363636366e-05 570
1747237034998 1.7613636363636366e-05 570
1747237044904 1.7045454545454546e-05 580
1747237044904 1.7045454545454546e-05 580
1747237054520 1.6477272727272726e-05 590
1747237054522 1.6477272727272726e-05 590
1747237064408 1.590909090909091e-05 600
1747237064410 1.590909090909091e-05 600
1747237074223 1.534090909090909e-05 610
1747237074224 1.534090909090909e-05 610
