1747236463208 0.3939 10
1747236463209 0.3939 10
1747236472548 0.2947 20
1747236472549 0.2947 20
1747236481887 0.1894 30
1747236481887 0.1894 30
1747236491246 0.0942 40
1747236491246 0.0942 40
1747236500575 0.3501 50
1747236500576 0.3501 50
1747236510050 0.1385 60
1747236510051 0.1385 60
1747236521102 0.0809 70
1747236521103 0.0809 70
1747236530526 0.0766 80
1747236530527 0.0766 80
1747236546269 0.2122 90
1747236546268 0.2122 90
1747236555833 0.2132 100
1747236555834 0.2132 100
1747236565393 0.0986 110
1747236565394 0.0986 110
1747236574726 0.0044 120
1747236574727 0.0044 120
1747236583901 0.0726 130
1747236583902 0.0726 130
1747236593065 0.1266 140
1747236593066 0.1266 140
1747236602212 0.1529 150
1747236602213 0.1529 150
1747236611392 0.0013 160
1747236611392 0.0013 160
1747236620567 0.0189 170
1747236620568 0.0189 170
1747236635759 0.0014 180
1747236635758 0.0014 180
1747236646551 0.001 190
1747236646552 0.001 190
1747236655752 0.0483 200
1747236655753 0.0483 200
1747236664847 0.0009 210
1747236664848 0.0009 210
1747236673955 0.081 220
1747236673955 0.081 220
1747236683119 0.0754 230
1747236683120 0.0754 230
1747236692221 0.0891 240
1747236692222 0.0891 240
1747236701374 0.0961 250
1747236701375 0.0961 250
1747236710620 0.0016 260
1747236710621 0.0016 260
1747236726162 0.0007 270
1747236726163 0.0007 270
1747236735603 0.0005 280
1747236735604 0.0005 280
1747236745014 0.0004 290
1747236745015 0.0004 290
1747236754533 0.0004 300
1747236754534 0.0004 300
1747236764416 0.0003 310
1747236764417 0.0003 310
1747236774321 0.0003 320
1747236774321 0.0003 320
1747236783958 0.0008 330
1747236783959 0.0008 330
1747236793253 0.0005 340
1747236793252 0.0005 340
1747236802603 0.0003 350
1747236802604 0.0003 350
1747236818275 0.0002 360
1747236818277 0.0002 360
1747236827538 0.0002 370
1747236827538 0.0002 370
1747236836743 0.0002 380
1747236836743 0.0002 380
1747236846000 0.0002 390
1747236846001 0.0002 390
1747236855422 0.0002 400
1747236855423 0.0002 400
1747236864844 0.0002 410
1747236864845 0.0002 410
1747236874446 0.0002 420
1747236874446 0.0002 420
1747236884175 0.0002 430
1747236884176 0.0002 430
1747236893367 0.0002 440
1747236893366 0.0002 440
1747236910584 0.0002 450
1747236910584 0.0002 450
1747236920098 0.0002 460
1747236920097 0.0002 460
1747236930034 0.0001 470
1747236930035 0.0001 470
1747236940034 0.0001 480
1747236940035 0.0001 480
1747236949439 0.0001 490
1747236949440 0.0001 490
1747236960784 0.0001 500
1747236960785 0.0001 500
1747236970039 0.0001 510
1747236970040 0.0001 510
1747236979611 0.0001 520
1747236979612 0.0001 520
1747236996582 0.0001 530
1747236996583 0.0001 530
1747237005976 0.0001 540
1747237005977 0.0001 540
1747237015570 0.0001 550
1747237015570 0.0001 550
1747237025098 0.0001 560
1747237025099 0.0001 560
1747237034997 0.0001 570
1747237034998 0.0001 570
1747237044904 0.0001 580
1747237044904 0.0001 580
1747237054520 0.0001 590
1747237054522 0.0001 590
1747237064408 0.0001 600
1747237064410 0.0001 600
1747237074223 0.0001 610
1747237074224 0.0001 610
