1747418717879 0.10638297872340426 10
1747418717880 0.10638297872340426 10
1747418722036 0.2127659574468085 20
1747418722036 0.2127659574468085 20
1747418726535 0.3191489361702128 30
1747418726536 0.3191489361702128 30
1747418730706 0.425531914893617 40
1747418730706 0.425531914893617 40
1747418734973 0.5319148936170213 50
1747418734974 0.5319148936170213 50
1747418739203 0.6382978723404256 60
1747418739203 0.6382978723404256 60
1747418743436 0.7446808510638298 70
1747418743436 0.7446808510638298 70
1747418747695 0.851063829787234 80
1747418747696 0.851063829787234 80
1747418753702 0.9574468085106383 90
1747418753703 0.9574468085106383 90
1747418757787 1.0 94
1747418757787 1.0 94
1747418762910 1.0638297872340425 100
1747418762910 1.0638297872340425 100
1747418767164 1.1702127659574468 110
1747418767165 1.1702127659574468 110
1747418771457 1.2765957446808511 120
1747418771458 1.2765957446808511 120
1747418775704 1.3829787234042552 130
1747418775704 1.3829787234042552 130
1747418780004 1.4893617021276595 140
1747418780004 1.4893617021276595 140
1747418784360 1.5957446808510638 150
1747418784360 1.5957446808510638 150
1747418788695 1.702127659574468 160
1747418788696 1.702127659574468 160
1747418792922 1.8085106382978724 170
1747418792922 1.8085106382978724 170
1747418797239 1.9148936170212765 180
1747418797239 1.9148936170212765 180
1747418803206 2.0 188
1747418803206 2.0 188
1747418806022 2.021276595744681 190
1747418806022 2.021276595744681 190
1747418811987 2.127659574468085 200
1747418811987 2.127659574468085 200
1747418817961 2.2340425531914896 210
1747418817962 2.2340425531914896 210
1747418822329 2.3404255319148937 220
1747418822329 2.3404255319148937 220
1747418826554 2.4468085106382977 230
1747418826555 2.4468085106382977 230
1747418830872 2.5531914893617023 240
1747418830872 2.5531914893617023 240
1747418836784 2.6595744680851063 250
1747418836785 2.6595744680851063 250
1747418841090 2.7659574468085104 260
1747418841091 2.7659574468085104 260
1747418845338 2.872340425531915 270
1747418845339 2.872340425531915 270
1747418849601 2.978723404255319 280
1747418849602 2.978723404255319 280
1747418852938 3.0 282
1747418852940 3.0 282
1747418858808 3.0851063829787235 290
1747418858807 3.0851063829787235 290
1747418864827 3.1914893617021276 300
1747418864828 3.1914893617021276 300
1747418869193 3.297872340425532 310
1747418869193 3.297872340425532 310
1747418873587 3.404255319148936 320
1747418873588 3.404255319148936 320
1747418877919 3.5106382978723403 330
1747418877919 3.5106382978723403 330
1747418882244 3.617021276595745 340
1747418882244 3.617021276595745 340
1747418886539 3.723404255319149 350
1747418886539 3.723404255319149 350
1747418890877 3.829787234042553 360
1747418890877 3.829787234042553 360
1747418896860 3.9361702127659575 370
1747418896860 3.9361702127659575 370
1747418901833 4.0 376
1747418901833 4.0 376
1747418903595 4.0 376
1747418903595 4.0 376
