1747418717879 40.87688064575195 10
1747418717880 40.87688064575195 10
1747418722036 6.6732282638549805 20
1747418722036 6.6732282638549805 20
1747418726535 31.760210037231445 30
1747418726536 31.760210037231445 30
1747418730706 24.624685287475586 40
1747418730706 24.624685287475586 40
1747418734973 1.0791609287261963 50
1747418734974 1.0791609287261963 50
1747418739203 8.441784858703613 60
1747418739203 8.441784858703613 60
1747418743436 16.254287719726562 70
1747418743436 16.254287719726562 70
1747418747695 22.874313354492188 80
1747418747696 22.874313354492188 80
1747418753702 25.133556365966797 90
1747418753703 25.133556365966797 90
1747418762910 0.08206457644701004 100
1747418762910 0.08206457644701004 100
1747418767164 1.8563083410263062 110
1747418767165 1.8563083410263062 110
1747418771457 0.004515398759394884 120
1747418771458 0.004515398759394884 120
1747418775704 37.16743469238281 130
1747418775704 37.16743469238281 130
1747418780004 0.006234938744455576 140
1747418780004 0.006234938744455576 140
1747418784360 0.021097823977470398 150
1747418784360 0.021097823977470398 150
1747418788695 0.03076697140932083 160
1747418788696 0.03076697140932083 160
1747418792922 11.824507713317871 170
1747418792922 11.824507713317871 170
1747418797239 0.1978110373020172 180
1747418797239 0.1978110373020172 180
1747418806022 0.023663416504859924 190
1747418806022 0.023663416504859924 190
1747418811987 0.8508816957473755 200
1747418811987 0.8508816957473755 200
1747418817961 0.5029381513595581 210
1747418817962 0.5029381513595581 210
1747418822329 0.010807845741510391 220
1747418822329 0.010807845741510391 220
1747418826554 0.01979486458003521 230
1747418826555 0.01979486458003521 230
1747418830872 0.0126225920394063 240
1747418830872 0.0126225920394063 240
1747418836784 37.6035270690918 250
1747418836785 37.6035270690918 250
1747418841090 0.008593426086008549 260
1747418841091 0.008593426086008549 260
1747418845338 0.5132765769958496 270
1747418845339 0.5132765769958496 270
1747418849601 9.729832649230957 280
1747418849602 9.729832649230957 280
1747418858808 2.6056015491485596 290
1747418858807 2.6056015491485596 290
1747418864827 0.01020711287856102 300
1747418864828 0.01020711287856102 300
1747418869193 0.03558051213622093 310
1747418869193 0.03558051213622093 310
1747418873587 19.739181518554688 320
1747418873588 19.739181518554688 320
1747418877919 0.022155331447720528 330
1747418877919 0.022155331447720528 330
1747418882244 0.005852365866303444 340
1747418882244 0.005852365866303444 340
1747418886539 12.719844818115234 350
1747418886539 12.719844818115234 350
1747418890877 0.0009159618057310581 360
1747418890877 0.0009159618057310581 360
1747418896860 0.003631996689364314 370
1747418896860 0.003631996689364314 370
