1747418717879 4.946808510638298e-05 10
1747418717880 4.946808510638298e-05 10
1747418722036 4.893617021276596e-05 20
1747418722036 4.893617021276596e-05 20
1747418726535 4.840425531914894e-05 30
1747418726536 4.840425531914894e-05 30
1747418730706 4.787234042553192e-05 40
1747418730706 4.787234042553192e-05 40
1747418734973 4.734042553191489e-05 50
1747418734974 4.734042553191489e-05 50
1747418739203 4.680851063829788e-05 60
1747418739203 4.680851063829788e-05 60
1747418743436 4.627659574468085e-05 70
1747418743436 4.627659574468085e-05 70
1747418747695 4.574468085106383e-05 80
1747418747696 4.574468085106383e-05 80
1747418753702 4.5212765957446815e-05 90
1747418753703 4.5212765957446815e-05 90
1747418762910 4.468085106382979e-05 100
1747418762910 4.468085106382979e-05 100
1747418767164 4.414893617021277e-05 110
1747418767165 4.414893617021277e-05 110
1747418771457 4.3617021276595746e-05 120
1747418771458 4.3617021276595746e-05 120
1747418775704 4.3085106382978725e-05 130
1747418775704 4.3085106382978725e-05 130
1747418780004 4.2553191489361704e-05 140
1747418780004 4.2553191489361704e-05 140
1747418784360 4.2021276595744684e-05 150
1747418784360 4.2021276595744684e-05 150
1747418788695 4.148936170212766e-05 160
1747418788696 4.148936170212766e-05 160
1747418792922 4.095744680851064e-05 170
1747418792922 4.095744680851064e-05 170
1747418797239 4.0425531914893614e-05 180
1747418797239 4.0425531914893614e-05 180
1747418806022 3.9893617021276594e-05 190
1747418806022 3.9893617021276594e-05 190
1747418811987 3.936170212765958e-05 200
1747418811987 3.936170212765958e-05 200
1747418817961 3.882978723404255e-05 210
1747418817962 3.882978723404255e-05 210
1747418822329 3.829787234042553e-05 220
1747418822329 3.829787234042553e-05 220
1747418826554 3.776595744680852e-05 230
1747418826555 3.776595744680852e-05 230
1747418830872 3.723404255319149e-05 240
1747418830872 3.723404255319149e-05 240
1747418836784 3.670212765957447e-05 250
1747418836785 3.670212765957447e-05 250
1747418841090 3.617021276595745e-05 260
1747418841091 3.617021276595745e-05 260
1747418845338 3.563829787234043e-05 270
1747418845339 3.563829787234043e-05 270
1747418849601 3.5106382978723407e-05 280
1747418849602 3.5106382978723407e-05 280
1747418858808 3.4574468085106386e-05 290
1747418858807 3.4574468085106386e-05 290
1747418864827 3.4042553191489365e-05 300
1747418864828 3.4042553191489365e-05 300
1747418869193 3.3510638297872344e-05 310
1747418869193 3.3510638297872344e-05 310
1747418873587 3.2978723404255317e-05 320
1747418873588 3.2978723404255317e-05 320
1747418877919 3.2446808510638296e-05 330
1747418877919 3.2446808510638296e-05 330
1747418882244 3.191489361702128e-05 340
1747418882244 3.191489361702128e-05 340
1747418886539 3.1382978723404254e-05 350
1747418886539 3.1382978723404254e-05 350
1747418890877 3.085106382978723e-05 360
1747418890877 3.085106382978723e-05 360
1747418896860 3.0319148936170216e-05 370
1747418896860 3.0319148936170216e-05 370
