1747418717879 2.8166 10
1747418717880 2.8166 10
1747418722036 0.7398 20
1747418722036 0.7398 20
1747418726535 0.4537 30
1747418726536 0.4537 30
1747418730706 0.2651 40
1747418730706 0.2651 40
1747418734973 0.5863 50
1747418734974 0.5863 50
1747418739203 0.187 60
1747418739203 0.187 60
1747418743436 0.2691 70
1747418743436 0.2691 70
1747418747695 0.2175 80
1747418747696 0.2175 80
1747418753702 0.0995 90
1747418753703 0.0995 90
1747418762910 0.027 100
1747418762910 0.027 100
1747418767164 0.0598 110
1747418767165 0.0598 110
1747418771457 0.0452 120
1747418771458 0.0452 120
1747418775704 0.1303 130
1747418775704 0.1303 130
1747418780004 0.176 140
1747418780004 0.176 140
1747418784360 0.0636 150
1747418784360 0.0636 150
1747418788695 0.0737 160
1747418788696 0.0737 160
1747418792922 0.2375 170
1747418792922 0.2375 170
1747418797239 0.0509 180
1747418797239 0.0509 180
1747418806022 0.0289 190
1747418806022 0.0289 190
1747418811987 0.0542 200
1747418811987 0.0542 200
1747418817961 0.0359 210
1747418817962 0.0359 210
1747418822329 0.0121 220
1747418822329 0.0121 220
1747418826554 0.0422 230
1747418826555 0.0422 230
1747418830872 0.0375 240
1747418830872 0.0375 240
1747418836784 0.0977 250
1747418836785 0.0977 250
1747418841090 0.1487 260
1747418841091 0.1487 260
1747418845338 0.1942 270
1747418845339 0.1942 270
1747418849601 0.0065 280
1747418849602 0.0065 280
1747418858807 0.0119 290
1747418858808 0.0119 290
1747418864827 0.0049 300
1747418864828 0.0049 300
1747418869193 0.0002 310
1747418869193 0.0002 310
1747418873587 0.0241 320
1747418873588 0.0241 320
1747418877919 0.0552 330
1747418877919 0.0552 330
1747418882244 0.0632 340
1747418882244 0.0632 340
1747418886539 0.0072 350
1747418886539 0.0072 350
1747418890877 0.0012 360
1747418890877 0.0012 360
1747418896860 0.0001 370
1747418896860 0.0001 370
