1747379078114 0.0228310502283105 10
1747379078114 0.0228310502283105 10
1747379081853 0.045662100456621 20
1747379081853 0.045662100456621 20
1747379088936 0.0684931506849315 30
1747379088938 0.0684931506849315 30
1747379095917 0.091324200913242 40
1747379095917 0.091324200913242 40
1747379099706 0.1141552511415525 50
1747379099706 0.1141552511415525 50
1747379103479 0.136986301369863 60
1747379103495 0.136986301369863 60
1747379107281 0.1598173515981735 70
1747379107281 0.1598173515981735 70
1747379111071 0.182648401826484 80
1747379111071 0.182648401826484 80
1747379114864 0.2054794520547945 90
1747379114864 0.2054794520547945 90
1747379118725 0.228310502283105 100
1747379118727 0.228310502283105 100
1747379122525 0.2511415525114155 110
1747379122525 0.2511415525114155 110
1747379126342 0.273972602739726 120
1747379126342 0.273972602739726 120
1747379131790 0.2968036529680365 130
1747379131792 0.2968036529680365 130
1747379135630 0.319634703196347 140
1747379135628 0.319634703196347 140
1747379141089 0.3424657534246575 150
1747379141089 0.3424657534246575 150
1747379146592 0.365296803652968 160
1747379146592 0.365296803652968 160
1747379153622 0.3881278538812785 170
1747379153638 0.3881278538812785 170
1747379157391 0.410958904109589 180
1747379157391 0.410958904109589 180
1747379161147 0.4337899543378995 190
1747379161147 0.4337899543378995 190
1747379164904 0.45662100456621 200
1747379164904 0.45662100456621 200
1747379168672 0.4794520547945205 210
1747379168672 0.4794520547945205 210
1747379172461 0.502283105022831 220
1747379172461 0.502283105022831 220
1747379176250 0.5251141552511416 230
1747379176250 0.5251141552511416 230
1747379180019 0.547945205479452 240
1747379180019 0.547945205479452 240
1747379183796 0.5707762557077626 250
1747379183796 0.5707762557077626 250
1747379187572 0.593607305936073 260
1747379187572 0.593607305936073 260
1747379191367 0.6164383561643836 270
1747379191367 0.6164383561643836 270
1747379195157 0.639269406392694 280
1747379195158 0.639269406392694 280
1747379198941 0.6621004566210046 290
1747379198941 0.6621004566210046 290
1747379203771 0.684931506849315 300
1747379203755 0.684931506849315 300
1747379209796 0.7077625570776256 310
1747379209796 0.7077625570776256 310
1747379213568 0.730593607305936 320
1747379213568 0.730593607305936 320
1747379217345 0.7534246575342466 330
1747379217345 0.7534246575342466 330
1747379221134 0.776255707762557 340
1747379221134 0.776255707762557 340
1747379224971 0.7990867579908676 350
1747379224971 0.7990867579908676 350
1747379228866 0.821917808219178 360
1747379228866 0.821917808219178 360
1747379232798 0.8447488584474886 370
1747379232798 0.8447488584474886 370
1747379236699 0.867579908675799 380
1747379236699 0.867579908675799 380
1747379242156 0.8904109589041096 390
1747379242156 0.8904109589041096 390
1747379245945 0.91324200913242 400
1747379245945 0.91324200913242 400
1747379249748 0.9360730593607306 410
1747379249750 0.9360730593607306 410
1747379253543 0.958904109589041 420
1747379253543 0.958904109589041 420
1747379258988 0.9817351598173516 430
1747379258988 0.9817351598173516 430
1747379273437 1.0 438
1747379273437 1.0 438
1747379275665 1.004566210045662 440
1747379275667 1.004566210045662 440
1747379279500 1.0273972602739727 450
1747379279502 1.0273972602739727 450
1747379285275 1.0502283105022832 460
1747379285275 1.0502283105022832 460
1747379290721 1.0730593607305936 470
1747379290721 1.0730593607305936 470
1747379294520 1.095890410958904 480
1747379294520 1.095890410958904 480
1747379298962 1.1187214611872145 490
1747379298966 1.1187214611872145 490
1747379303772 1.1415525114155252 500
1747379303774 1.1415525114155252 500
1747379309252 1.1643835616438356 510
1747379309254 1.1643835616438356 510
1747379314891 1.187214611872146 520
1747379314892 1.187214611872146 520
1747379318810 1.2100456621004567 530
1747379318809 1.2100456621004567 530
1747379322711 1.2328767123287672 540
1747379322713 1.2328767123287672 540
1747379326575 1.2557077625570776 550
1747379326575 1.2557077625570776 550
1747379332144 1.278538812785388 560
1747379332144 1.278538812785388 560
1747379336079 1.3013698630136985 570
1747379336078 1.3013698630136985 570
1747379339969 1.3242009132420092 580
1747379339970 1.3242009132420092 580
1747379343807 1.3470319634703196 590
1747379343807 1.3470319634703196 590
1747379347643 1.36986301369863 600
1747379347643 1.36986301369863 600
1747379351460 1.3926940639269407 610
1747379351460 1.3926940639269407 610
1747379355357 1.4155251141552512 620
1747379355357 1.4155251141552512 620
1747379360823 1.4383561643835616 630
1747379360823 1.4383561643835616 630
1747379364639 1.461187214611872 640
1747379364639 1.461187214611872 640
1747379368502 1.4840182648401825 650
1747379368502 1.4840182648401825 650
1747379372349 1.5068493150684932 660
1747379372349 1.5068493150684932 660
1747379376163 1.5296803652968036 670
1747379376163 1.5296803652968036 670
1747379379995 1.5525114155251143 680
1747379379995 1.5525114155251143 680
1747379383867 1.5753424657534247 690
1747379383866 1.5753424657534247 690
1747379387831 1.5981735159817352 700
1747379387832 1.5981735159817352 700
1747379391827 1.6210045662100456 710
1747379391828 1.6210045662100456 710
1747379395684 1.643835616438356 720
1747379395686 1.643835616438356 720
1747379399565 1.6666666666666665 730
1747379399565 1.6666666666666665 730
1747379403445 1.6894977168949772 740
1747379403445 1.6894977168949772 740
1747379408974 1.7123287671232876 750
1747379408974 1.7123287671232876 750
1747379412814 1.7351598173515983 760
1747379412817 1.7351598173515983 760
1747379416651 1.7579908675799087 770
1747379416651 1.7579908675799087 770
1747379420480 1.7808219178082192 780
1747379420480 1.7808219178082192 780
1747379424325 1.8036529680365296 790
1747379424325 1.8036529680365296 790
1747379429668 1.82648401826484 800
1747379429668 1.82648401826484 800
1747379433649 1.8493150684931505 810
1747379433649 1.8493150684931505 810
1747379437497 1.8721461187214612 820
1747379437499 1.8721461187214612 820
1747379441329 1.8949771689497716 830
1747379441331 1.8949771689497716 830
1747379445249 1.9178082191780823 840
1747379445256 1.9178082191780823 840
1747379449131 1.9406392694063928 850
1747379449131 1.9406392694063928 850
1747379453135 1.9634703196347032 860
1747379457045 1.9863013698630136 870
1747379457045 1.9863013698630136 870
1747379471124 2.0 876
1747379471126 2.0 876
1747379474195 2.009132420091324 880
1747379474195 2.009132420091324 880
1747379479802 2.0319634703196345 890
1747379479802 2.0319634703196345 890
1747379483707 2.0547945205479454 900
1747379483707 2.0547945205479454 900
1747379487661 2.077625570776256 910
1747379487661 2.077625570776256 910
1747379491604 2.1004566210045663 920
1747379491604 2.1004566210045663 920
1747379495520 2.1232876712328768 930
1747379495520 2.1232876712328768 930
1747379499497 2.146118721461187 940
1747379499505 2.146118721461187 940
1747379505055 2.1689497716894977 950
1747379505055 2.1689497716894977 950
1747379508976 2.191780821917808 960
1747379508976 2.191780821917808 960
1747379512925 2.2146118721461185 970
1747379512925 2.2146118721461185 970
1747379520120 2.237442922374429 980
1747379520121 2.237442922374429 980
1747379524050 2.26027397260274 990
1747379524051 2.26027397260274 990
1747379527956 2.2831050228310503 1000
1747379527957 2.2831050228310503 1000
1747379531849 2.3059360730593608 1010
1747379531849 2.3059360730593608 1010
1747379536082 2.328767123287671 1020
1747379536083 2.328767123287671 1020
1747379540007 2.3515981735159817 1030
1747379540008 2.3515981735159817 1030
1747379544074 2.374429223744292 1040
1747379544075 2.374429223744292 1040
1747379548071 2.3972602739726026 1050
1747379548073 2.3972602739726026 1050
1747379552256 2.4200913242009134 1060
1747379552257 2.4200913242009134 1060
1747379556530 2.442922374429224 1070
1747379556532 2.442922374429224 1070
1747379560789 2.4657534246575343 1080
1747379560791 2.4657534246575343 1080
1747379564765 2.4885844748858448 1090
1747379564767 2.4885844748858448 1090
1747379568824 2.5114155251141552 1100
1747379568826 2.5114155251141552 1100
1747379572908 2.5342465753424657 1110
1747379572910 2.5342465753424657 1110
1747379576846 2.557077625570776 1120
1747379576847 2.557077625570776 1120
1747379580810 2.5799086757990866 1130
1747379580812 2.5799086757990866 1130
1747379586497 2.602739726027397 1140
1747379586498 2.602739726027397 1140
1747379590528 2.625570776255708 1150
1747379590527 2.625570776255708 1150
1747379594576 2.6484018264840183 1160
1747379594575 2.6484018264840183 1160
1747379598660 2.671232876712329 1170
1747379598661 2.671232876712329 1170
1747379602717 2.6940639269406392 1180
1747379602719 2.6940639269406392 1180
1747379606909 2.7168949771689497 1190
1747379606911 2.7168949771689497 1190
1747379610960 2.73972602739726 1200
1747379610962 2.73972602739726 1200
1747379614928 2.762557077625571 1210
1747379614929 2.762557077625571 1210
1747379618991 2.7853881278538815 1220
1747379618993 2.7853881278538815 1220
1747379623144 2.808219178082192 1230
1747379623145 2.808219178082192 1230
1747379627103 2.8310502283105023 1240
1747379627104 2.8310502283105023 1240
1747379631069 2.853881278538813 1250
1747379631070 2.853881278538813 1250
1747379635044 2.8767123287671232 1260
1747379635046 2.8767123287671232 1260
1747379639047 2.8995433789954337 1270
1747379639049 2.8995433789954337 1270
1747379643051 2.922374429223744 1280
1747379643052 2.922374429223744 1280
1747379647050 2.9452054794520546 1290
1747379647049 2.9452054794520546 1290
1747379651075 2.968036529680365 1300
1747379651077 2.968036529680365 1300
1747379655034 2.990867579908676 1310
1747379655035 2.990867579908676 1310
1747379670060 3.0 1314
1747379670062 3.0 1314
1747379675317 3.0136986301369864 1320
1747379675319 3.0136986301369864 1320
1747379679435 3.036529680365297 1330
1747379679436 3.036529680365297 1330
1747379683554 3.0593607305936072 1340
1747379683556 3.0593607305936072 1340
1747379687493 3.0821917808219177 1350
1747379687494 3.0821917808219177 1350
1747379691517 3.105022831050228 1360
1747379691518 3.105022831050228 1360
1747379697120 3.127853881278539 1370
1747379697121 3.127853881278539 1370
1747379701069 3.1506849315068495 1380
1747379701070 3.1506849315068495 1380
1747379705117 3.17351598173516 1390
1747379705118 3.17351598173516 1390
1747379709210 3.1963470319634704 1400
1747379709212 3.1963470319634704 1400
1747379714989 3.219178082191781 1410
1747379714991 3.219178082191781 1410
1747379719068 3.2420091324200913 1420
1747379719070 3.2420091324200913 1420
1747379723139 3.2648401826484017 1430
1747379723140 3.2648401826484017 1430
1747379727222 3.287671232876712 1440
1747379727224 3.287671232876712 1440
1747379731264 3.3105022831050226 1450
1747379731265 3.3105022831050226 1450
1747379735196 3.3333333333333335 1460
1747379735197 3.3333333333333335 1460
1747379739227 3.356164383561644 1470
1747379739228 3.356164383561644 1470
1747379743191 3.3789954337899544 1480
1747379743189 3.3789954337899544 1480
1747379747182 3.401826484018265 1490
1747379747181 3.401826484018265 1490
1747379751141 3.4246575342465753 1500
1747379751142 3.4246575342465753 1500
1747379755080 3.4474885844748857 1510
1747379755079 3.4474885844748857 1510
1747379759009 3.470319634703196 1520
1747379759009 3.470319634703196 1520
1747379763106 3.493150684931507 1530
1747379763105 3.493150684931507 1530
1747379767158 3.5159817351598175 1540
1747379767159 3.5159817351598175 1540
1747379771413 3.538812785388128 1550
1747379771408 3.538812785388128 1550
1747379775514 3.5616438356164384 1560
1747379775515 3.5616438356164384 1560
1747379781258 3.584474885844749 1570
1747379781260 3.584474885844749 1570
1747379785244 3.6073059360730593 1580
1747379785245 3.6073059360730593 1580
1747379789361 3.6301369863013697 1590
1747379789363 3.6301369863013697 1590
1747379793560 3.65296803652968 1600
1747379793561 3.65296803652968 1600
1747379797681 3.6757990867579906 1610
1747379797683 3.6757990867579906 1610
1747379801706 3.6986301369863015 1620
1747379801704 3.6986301369863015 1620
1747379805861 3.721461187214612 1630
1747379805863 3.721461187214612 1630
1747379809836 3.7442922374429224 1640
1747379809837 3.7442922374429224 1640
1747379813787 3.767123287671233 1650
1747379813789 3.767123287671233 1650
1747379817788 3.7899543378995433 1660
1747379817789 3.7899543378995433 1660
1747379821766 3.8127853881278537 1670
1747379821766 3.8127853881278537 1670
1747379825798 3.8356164383561646 1680
1747379825799 3.8356164383561646 1680
1747379829944 3.858447488584475 1690
1747379829946 3.858447488584475 1690
1747379834081 3.8812785388127855 1700
1747379834082 3.8812785388127855 1700
1747379838360 3.904109589041096 1710
1747379838361 3.904109589041096 1710
1747379842556 3.9269406392694064 1720
1747379842558 3.9269406392694064 1720
1747379850023 3.949771689497717 1730
1747379850024 3.949771689497717 1730
1747379855688 3.9726027397260273 1740
1747379855689 3.9726027397260273 1740
1747379859764 3.9954337899543377 1750
1747379859765 3.9954337899543377 1750
1747379872598 4.0 1752
1747379872600 4.0 1752
1747379878948 4.018264840182648 1760
1747379878949 4.018264840182648 1760
1747379882881 4.041095890410959 1770
1747379882881 4.041095890410959 1770
1747379886765 4.063926940639269 1780
1747379886765 4.063926940639269 1780
1747379890669 4.0867579908675795 1790
1747379890669 4.0867579908675795 1790
1747379894575 4.109589041095891 1800
1747379894575 4.109589041095891 1800
1747379898571 4.132420091324201 1810
1747379898571 4.132420091324201 1810
1747379902553 4.155251141552512 1820
1747379902555 4.155251141552512 1820
1747379906595 4.178082191780822 1830
1747379906596 4.178082191780822 1830
1747379910619 4.200913242009133 1840
1747379910620 4.200913242009133 1840
1747379914675 4.223744292237443 1850
1747379914676 4.223744292237443 1850
1747379918717 4.2465753424657535 1860
1747379918718 4.2465753424657535 1860
1747379922675 4.269406392694064 1870
1747379922676 4.269406392694064 1870
1747379926599 4.292237442922374 1880
1747379926600 4.292237442922374 1880
1747379930549 4.315068493150685 1890
1747379930549 4.315068493150685 1890
1747379934561 4.337899543378995 1900
1747379934562 4.337899543378995 1900
1747379938555 4.360730593607306 1910
1747379938554 4.360730593607306 1910
1747379942522 4.383561643835616 1920
1747379942538 4.383561643835616 1920
1747379946479 4.406392694063927 1930
1747379946480 4.406392694063927 1930
1747379950479 4.429223744292237 1940
1747379950479 4.429223744292237 1940
1747379954413 4.4520547945205475 1950
1747379954413 4.4520547945205475 1950
1747379958384 4.474885844748858 1960
1747379958385 4.474885844748858 1960
1747379963990 4.497716894977169 1970
1747379963991 4.497716894977169 1970
1747379967919 4.52054794520548 1980
1747379967920 4.52054794520548 1980
1747379971909 4.54337899543379 1990
1747379971910 4.54337899543379 1990
1747379975911 4.566210045662101 2000
1747379975912 4.566210045662101 2000
1747379980010 4.589041095890411 2010
1747379980011 4.589041095890411 2010
1747379984030 4.6118721461187215 2020
1747379984031 4.6118721461187215 2020
1747379988029 4.634703196347032 2030
1747379988030 4.634703196347032 2030
1747379992054 4.657534246575342 2040
1747379992055 4.657534246575342 2040
1747379996015 4.680365296803653 2050
1747379996016 4.680365296803653 2050
1747380000107 4.703196347031963 2060
1747380000108 4.703196347031963 2060
1747380005744 4.726027397260274 2070
1747380005745 4.726027397260274 2070
1747380009717 4.748858447488584 2080
1747380009717 4.748858447488584 2080
1747380013625 4.771689497716895 2090
1747380013625 4.771689497716895 2090
1747380017557 4.794520547945205 2100
1747380017557 4.794520547945205 2100
1747380021467 4.817351598173516 2110
1747380021467 4.817351598173516 2110
1747380027094 4.840182648401827 2120
1747380027094 4.840182648401827 2120
1747380031110 4.863013698630137 2130
1747380031111 4.863013698630137 2130
1747380035323 4.885844748858448 2140
1747380035324 4.885844748858448 2140
1747380039371 4.908675799086758 2150
1747380039372 4.908675799086758 2150
1747380043513 4.931506849315069 2160
1747380043514 4.931506849315069 2160
1747380047648 4.954337899543379 2170
1747380047649 4.954337899543379 2170
1747380051672 4.9771689497716896 2180
1747380051673 4.9771689497716896 2180
1747380055508 5.0 2190
1747380055509 5.0 2190
1747380067750 5.0 2190
1747380067751 5.0 2190
1747380073374 5.0228310502283104 2200
1747380073375 5.0228310502283104 2200
1747380079128 5.045662100456621 2210
1747380079128 5.045662100456621 2210
1747380083128 5.068493150684931 2220
1747380083129 5.068493150684931 2220
1747380087102 5.091324200913242 2230
1747380087103 5.091324200913242 2230
1747380091092 5.114155251141552 2240
1747380091093 5.114155251141552 2240
1747380095086 5.136986301369863 2250
1747380095087 5.136986301369863 2250
1747380099089 5.159817351598173 2260
1747380099090 5.159817351598173 2260
1747380103088 5.182648401826484 2270
1747380103089 5.182648401826484 2270
1747380107086 5.205479452054795 2280
1747380107087 5.205479452054795 2280
1747380111030 5.228310502283105 2290
1747380111031 5.228310502283105 2290
1747380115038 5.251141552511416 2300
1747380115039 5.251141552511416 2300
1747380119037 5.273972602739726 2310
1747380119038 5.273972602739726 2310
1747380122982 5.296803652968037 2320
1747380122983 5.296803652968037 2320
1747380126918 5.319634703196347 2330
1747380126918 5.319634703196347 2330
1747380130817 5.342465753424658 2340
1747380130818 5.342465753424658 2340
1747380134726 5.365296803652968 2350
1747380134726 5.365296803652968 2350
1747380138646 5.3881278538812785 2360
1747380138646 5.3881278538812785 2360
1747380142594 5.410958904109589 2370
1747380142595 5.410958904109589 2370
1747380146573 5.433789954337899 2380
1747380146574 5.433789954337899 2380
1747380150587 5.45662100456621 2390
1747380150588 5.45662100456621 2390
1747380154588 5.47945205479452 2400
1747380154589 5.47945205479452 2400
1747380160247 5.502283105022831 2410
1747380160248 5.502283105022831 2410
1747380164257 5.525114155251142 2420
1747380164258 5.525114155251142 2420
1747380168241 5.5479452054794525 2430
1747380168242 5.5479452054794525 2430
1747380172220 5.570776255707763 2440
1747380172221 5.570776255707763 2440
1747380176186 5.593607305936073 2450
1747380176187 5.593607305936073 2450
1747380180163 5.616438356164384 2460
1747380180164 5.616438356164384 2460
1747380184160 5.639269406392694 2470
1747380184161 5.639269406392694 2470
1747380188153 5.662100456621005 2480
1747380188154 5.662100456621005 2480
1747380192118 5.684931506849315 2490
1747380192119 5.684931506849315 2490
1747380196129 5.707762557077626 2500
1747380196129 5.707762557077626 2500
1747380200135 5.730593607305936 2510
1747380200136 5.730593607305936 2510
1747380204137 5.7534246575342465 2520
1747380204138 5.7534246575342465 2520
1747380208132 5.776255707762557 2530
1747380208133 5.776255707762557 2530
1747380212133 5.799086757990867 2540
1747380212134 5.799086757990867 2540
1747380217826 5.821917808219178 2550
1747380217827 5.821917808219178 2550
1747380221809 5.844748858447488 2560
1747380221810 5.844748858447488 2560
1747380225820 5.867579908675799 2570
1747380225821 5.867579908675799 2570
1747380229831 5.890410958904109 2580
1747380229832 5.890410958904109 2580
1747380233830 5.91324200913242 2590
1747380233831 5.91324200913242 2590
1747380237826 5.936073059360731 2600
1747380237827 5.936073059360731 2600
1747380241859 5.958904109589041 2610
1747380241860 5.958904109589041 2610
1747380245885 5.981735159817352 2620
1747380245885 5.981735159817352 2620
1747380261075 6.0 2628
1747380261076 6.0 2628
1747380263361 6.004566210045662 2630
1747380263362 6.004566210045662 2630
1747380267377 6.027397260273973 2640
1747380267378 6.027397260273973 2640
1747380273097 6.050228310502283 2650
1747380273098 6.050228310502283 2650
1747380277114 6.073059360730594 2660
1747380277115 6.073059360730594 2660
1747380281100 6.095890410958904 2670
1747380281101 6.095890410958904 2670
1747380285103 6.1187214611872145 2680
1747380285104 6.1187214611872145 2680
1747380289111 6.141552511415525 2690
1747380289112 6.141552511415525 2690
1747380293109 6.164383561643835 2700
1747380293108 6.164383561643835 2700
1747380297070 6.187214611872146 2710
1747380297069 6.187214611872146 2710
1747380301044 6.210045662100456 2720
1747380301045 6.210045662100456 2720
1747380305058 6.232876712328767 2730
1747380305059 6.232876712328767 2730
1747380309075 6.255707762557078 2740
1747380309076 6.255707762557078 2740
1747380313108 6.2785388127853885 2750
1747380313109 6.2785388127853885 2750
1747380317120 6.301369863013699 2760
1747380317121 6.301369863013699 2760
1747380321106 6.324200913242009 2770
1747380321105 6.324200913242009 2770
1747380325070 6.34703196347032 2780
1747380325071 6.34703196347032 2780
1747380329069 6.36986301369863 2790
1747380329068 6.36986301369863 2790
1747380333040 6.392694063926941 2800
1747380333040 6.392694063926941 2800
1747380337052 6.415525114155251 2810
1747380337052 6.415525114155251 2810
1747380341068 6.438356164383562 2820
1747380341069 6.438356164383562 2820
1747380345084 6.461187214611872 2830
1747380345085 6.461187214611872 2830
1747380349096 6.4840182648401825 2840
1747380349097 6.4840182648401825 2840
1747380353126 6.506849315068493 2850
1747380353126 6.506849315068493 2850
1747380358824 6.529680365296803 2860
1747380358825 6.529680365296803 2860
1747380362832 6.552511415525114 2870
1747380362832 6.552511415525114 2870
1747380366829 6.575342465753424 2880
1747380366830 6.575342465753424 2880
1747380370841 6.598173515981735 2890
1747380370842 6.598173515981735 2890
1747380374856 6.621004566210045 2900
1747380374857 6.621004566210045 2900
1747380378849 6.6438356164383565 2910
1747380378850 6.6438356164383565 2910
1747380382859 6.666666666666667 2920
1747380382860 6.666666666666667 2920
1747380386865 6.689497716894977 2930
1747380386866 6.689497716894977 2930
1747380390900 6.712328767123288 2940
1747380390901 6.712328767123288 2940
1747380394849 6.735159817351598 2950
1747380394849 6.735159817351598 2950
1747380398901 6.757990867579909 2960
1747380398902 6.757990867579909 2960
1747380402916 6.780821917808219 2970
1747380402916 6.780821917808219 2970
1747380406924 6.80365296803653 2980
1747380406925 6.80365296803653 2980
1747380410912 6.82648401826484 2990
1747380410913 6.82648401826484 2990
1747380414913 6.8493150684931505 3000
1747380414914 6.8493150684931505 3000
1747380420593 6.872146118721461 3010
1747380420594 6.872146118721461 3010
1747380424575 6.894977168949771 3020
1747380424576 6.894977168949771 3020
1747380428548 6.917808219178082 3030
1747380428547 6.917808219178082 3030
1747380432548 6.940639269406392 3040
1747380432549 6.940639269406392 3040
1747380436539 6.963470319634704 3050
1747380436540 6.963470319634704 3050
1747380440554 6.986301369863014 3060
1747380440555 6.986301369863014 3060
1747380456507 7.0 3066
1747380456508 7.0 3066
1747380458013 7.0 3066
1747380458013 7.0 3066
