1747379078114 3.703625440597534 10
1747379078114 3.703625440597534 10
1747379081853 2.9318532943725586 20
1747379081853 2.9318532943725586 20
1747379088936 21.467187881469727 30
1747379088938 21.467187881469727 30
1747379095917 38.073692321777344 40
1747379095917 38.073692321777344 40
1747379099706 0.15143735706806183 50
1747379099706 0.15143735706806183 50
1747379103479 17.79779815673828 60
1747379103495 17.79779815673828 60
1747379107281 7.930327415466309 70
1747379107281 7.930327415466309 70
1747379111071 0.43261009454727173 80
1747379111071 0.43261009454727173 80
1747379114864 14.238447189331055 90
1747379114864 14.238447189331055 90
1747379118725 0.03852841630578041 100
1747379118727 0.03852841630578041 100
1747379122525 0.027238961309194565 110
1747379122525 0.027238961309194565 110
1747379126342 10.864911079406738 120
1747379126342 10.864911079406738 120
1747379131790 20.634212493896484 130
1747379131792 20.634212493896484 130
1747379135630 3.1418302059173584 140
1747379135628 3.1418302059173584 140
1747379141089 0.9853770136833191 150
1747379141089 0.9853770136833191 150
1747379146592 0.07807645201683044 160
1747379146592 0.07807645201683044 160
1747379153622 0.05222024768590927 170
1747379153638 0.05222024768590927 170
1747379157391 1.2828081846237183 180
1747379157391 1.2828081846237183 180
1747379161147 0.32178252935409546 190
1747379161147 0.32178252935409546 190
1747379164904 0.031047966331243515 200
1747379164904 0.031047966331243515 200
1747379168672 0.047661248594522476 210
1747379168672 0.047661248594522476 210
1747379172461 0.02859264239668846 220
1747379172461 0.02859264239668846 220
1747379176250 0.06602571904659271 230
1747379176250 0.06602571904659271 230
1747379180019 0.22620843350887299 240
1747379180019 0.22620843350887299 240
1747379183796 0.019771132618188858 250
1747379183796 0.019771132618188858 250
1747379187572 0.011820059269666672 260
1747379187572 0.011820059269666672 260
1747379191367 0.021220622584223747 270
1747379191367 0.021220622584223747 270
1747379195157 0.010577797889709473 280
1747379195158 0.010577797889709473 280
1747379198941 0.00936261098831892 290
1747379198941 0.00936261098831892 290
1747379203771 0.014966067858040333 300
1747379203755 0.014966067858040333 300
1747379209796 18.50751304626465 310
1747379209796 18.50751304626465 310
1747379213568 0.008437776006758213 320
1747379213568 0.008437776006758213 320
1747379217345 0.025418967008590698 330
1747379217345 0.025418967008590698 330
1747379221134 0.017783254384994507 340
1747379221134 0.017783254384994507 340
1747379224971 0.06291192770004272 350
1747379224971 0.06291192770004272 350
1747379228866 0.010639816522598267 360
1747379228866 0.010639816522598267 360
1747379232798 1.908233642578125 370
1747379232798 1.908233642578125 370
1747379236699 0.02062559314072132 380
1747379236699 0.02062559314072132 380
1747379242156 0.05860865116119385 390
1747379242156 0.05860865116119385 390
1747379245945 0.04694240540266037 400
1747379245945 0.04694240540266037 400
1747379249748 25.215490341186523 410
1747379249750 25.215490341186523 410
1747379253543 15.438883781433105 420
1747379253543 15.438883781433105 420
1747379258988 0.0518469363451004 430
1747379258988 0.0518469363451004 430
1747379275665 0.21275211870670319 440
1747379275667 0.21275211870670319 440
1747379279500 0.019619792699813843 450
1747379279502 0.019619792699813843 450
1747379285275 0.008014572784304619 460
1747379285275 0.008014572784304619 460
1747379290721 0.009038170799612999 470
1747379290721 0.009038170799612999 470
1747379294520 0.025206230580806732 480
1747379294520 0.025206230580806732 480
1747379298962 0.041311148554086685 490
1747379298966 0.041311148554086685 490
1747379303772 0.019401565194129944 500
1747379303774 0.019401565194129944 500
1747379309252 0.019530631601810455 510
1747379309254 0.019530631601810455 510
1747379314891 0.030206212773919106 520
1747379314892 0.030206212773919106 520
1747379318809 0.06907056272029877 530
1747379318810 0.06907056272029877 530
1747379322711 0.0035487564746290445 540
1747379322713 0.0035487564746290445 540
1747379326575 0.00516814598813653 550
1747379326575 0.00516814598813653 550
1747379332144 0.003252720460295677 560
1747379332144 0.003252720460295677 560
1747379336079 0.028209274634718895 570
1747379336078 0.028209274634718895 570
1747379339969 0.005502824205905199 580
1747379339970 0.005502824205905199 580
1747379343807 0.11123757809400558 590
1747379343807 0.11123757809400558 590
1747379347643 0.0062696547247469425 600
1747379347643 0.0062696547247469425 600
1747379351460 0.0027301025111228228 610
1747379351460 0.0027301025111228228 610
1747379355357 0.005184237379580736 620
1747379355357 0.005184237379580736 620
1747379360823 10.095552444458008 630
1747379360823 10.095552444458008 630
1747379364639 0.005335068795830011 640
1747379364639 0.005335068795830011 640
1747379368502 0.004588301293551922 650
1747379372349 0.007101643364876509 660
1747379372349 0.007101643364876509 660
1747379376163 20.584083557128906 670
1747379376163 20.584083557128906 670
1747379379995 9.721607208251953 680
1747379379995 9.721607208251953 680
1747379383866 0.006304193288087845 690
1747379383867 0.006304193288087845 690
1747379387831 0.008574365638196468 700
1747379387832 0.008574365638196468 700
1747379391827 0.003338625654578209 710
1747379391828 0.003338625654578209 710
1747379395684 0.0027289357967674732 720
1747379395686 0.0027289357967674732 720
1747379399565 10.323765754699707 730
1747379399565 10.323765754699707 730
1747379403445 0.020424768328666687 740
1747379403445 0.020424768328666687 740
1747379408974 19.68677520751953 750
1747379408974 19.68677520751953 750
1747379412814 0.7700994610786438 760
1747379412817 0.7700994610786438 760
1747379416651 0.03556562960147858 770
1747379416651 0.03556562960147858 770
1747379420480 0.004698484670370817 780
1747379420480 0.004698484670370817 780
1747379424325 0.019223064184188843 790
1747379424325 0.019223064184188843 790
1747379429668 0.7632102370262146 800
1747379429668 0.7632102370262146 800
1747379433649 16.5897159576416 810
1747379433649 16.5897159576416 810
1747379437497 0.03558451309800148 820
1747379437499 0.03558451309800148 820
1747379441329 23.55549430847168 830
1747379441331 23.55549430847168 830
1747379445249 0.004343337379395962 840
1747379445256 0.004343337379395962 840
1747379449131 0.0018740518717095256 850
1747379449131 0.0018740518717095256 850
1747379453135 0.3885301947593689 860
1747379453135 0.3885301947593689 860
1747379457045 0.0019602440297603607 870
1747379457045 0.0019602440297603607 870
1747379474195 0.6239121556282043 880
1747379474195 0.6239121556282043 880
1747379479802 2.7671773433685303 890
1747379479802 2.7671773433685303 890
1747379483707 0.03096749261021614 900
1747379483707 0.03096749261021614 900
1747379487661 0.0016735241515561938 910
1747379487661 0.0016735241515561938 910
1747379491604 0.0018778846133500338 920
1747379491604 0.0018778846133500338 920
1747379495520 0.048668164759874344 930
1747379495520 0.048668164759874344 930
1747379499497 0.0013047055108472705 940
1747379499505 0.0013047055108472705 940
1747379505055 0.0013923370279371738 950
1747379505055 0.0013923370279371738 950
1747379508976 0.0019354087999090552 960
1747379508976 0.0019354087999090552 960
1747379512925 0.0011882063699886203 970
1747379512925 0.0011882063699886203 970
1747379520120 0.0019807196222245693 980
1747379520121 0.0019807196222245693 980
1747379524050 0.0010923683876171708 990
1747379524051 0.0010923683876171708 990
1747379527956 0.0010279930429533124 1000
1747379527957 0.0010279930429533124 1000
1747379531849 0.0012700888328254223 1010
1747379531849 0.0012700888328254223 1010
1747379536082 0.003095826366916299 1020
1747379536083 0.003095826366916299 1020
1747379540007 0.0012947518844157457 1030
1747379540008 0.0012947518844157457 1030
1747379544074 0.004352465737611055 1040
1747379544075 0.004352465737611055 1040
1747379548071 0.0015903597231954336 1050
1747379548073 0.0015903597231954336 1050
1747379552256 0.0011927846353501081 1060
1747379552257 0.0011927846353501081 1060
1747379556530 0.0016416365979239345 1070
1747379556532 0.0016416365979239345 1070
1747379560789 0.0009015897521749139 1080
1747379560791 0.0009015897521749139 1080
1747379564765 0.006269489880651236 1090
1747379564767 0.006269489880651236 1090
1747379568824 0.000762077106628567 1100
1747379568826 0.000762077106628567 1100
1747379572908 0.0008296766900457442 1110
1747379572910 0.0008296766900457442 1110
1747379576846 0.0008440291858278215 1120
1747379576847 0.0008440291858278215 1120
1747379580810 0.0007525092223659158 1130
1747379580812 0.0007525092223659158 1130
1747379586497 0.000825615250505507 1140
1747379586498 0.000825615250505507 1140
1747379590528 0.0009225275716744363 1150
1747379590527 0.0009225275716744363 1150
1747379594576 0.0007623120909556746 1160
1747379594575 0.0007623120909556746 1160
1747379598660 0.0007623974233865738 1170
1747379598661 0.0007623974233865738 1170
1747379602717 0.0006988324457779527 1180
1747379602719 0.0006988324457779527 1180
1747379606909 0.0006389482296071947 1190
1747379606911 0.0006389482296071947 1190
1747379610960 0.0010636950610205531 1200
1747379610962 0.0010636950610205531 1200
1747379614928 0.0006810019258409739 1210
1747379614929 0.0006810019258409739 1210
1747379618991 0.0006588155520148575 1220
1747379618993 0.0006588155520148575 1220
1747379623144 0.0020994716323912144 1230
1747379623145 0.0020994716323912144 1230
1747379627103 0.0006583859794773161 1240
1747379627104 0.0006583859794773161 1240
1747379631069 0.0005928883329033852 1250
1747379631070 0.0005928883329033852 1250
1747379635044 0.0006776127847842872 1260
1747379635046 0.0006776127847842872 1260
1747379639047 0.17985835671424866 1270
1747379639049 0.17985835671424866 1270
1747379643051 26.868684768676758 1280
1747379643052 26.868684768676758 1280
1747379647049 0.0013353569665923715 1290
1747379651075 0.0021458144765347242 1300
1747379651077 0.0021458144765347242 1300
1747379655034 0.0008373558521270752 1310
1747379655035 0.0008373558521270752 1310
1747379675317 0.000584753230214119 1320
1747379675319 0.000584753230214119 1320
1747379679435 0.0007144534029066563 1330
1747379679436 0.0007144534029066563 1330
1747379683554 0.0005852432223036885 1340
1747379683556 0.0005852432223036885 1340
1747379687493 0.004679238423705101 1350
1747379687494 0.004679238423705101 1350
1747379691517 0.0005986450705677271 1360
1747379691518 0.0005986450705677271 1360
1747379697120 0.0006737870280630887 1370
1747379697121 0.0006737870280630887 1370
1747379701069 0.0006156223244033754 1380
1747379701070 0.0006156223244033754 1380
1747379705117 0.0006145955412648618 1390
1747379705118 0.0006145955412648618 1390
1747379709210 0.0005654591368511319 1400
1747379709212 0.0005654591368511319 1400
1747379714989 0.0014500237302854657 1410
1747379714991 0.0014500237302854657 1410
1747379719068 0.0005346911493688822 1420
1747379719070 0.0005346911493688822 1420
1747379723139 0.00046936841681599617 1430
1747379723140 0.00046936841681599617 1430
1747379727222 0.0018099700100719929 1440
1747379727224 0.0018099700100719929 1440
1747379731264 0.0013945180689916015 1450
1747379731265 0.0013945180689916015 1450
1747379735196 0.00043946385267190635 1460
1747379735197 0.00043946385267190635 1460
1747379739227 0.0004111922171432525 1470
1747379739228 0.0004111922171432525 1470
1747379743189 0.003086635610088706 1480
1747379743191 0.003086635610088706 1480
1747379747182 0.0006033299723640084 1490
1747379747181 0.0006033299723640084 1490
1747379751141 0.000444395758677274 1500
1747379751142 0.000444395758677274 1500
1747379755079 0.0006876622210256755 1510
1747379755080 0.0006876622210256755 1510
1747379759009 0.00042136356933042407 1520
1747379759009 0.00042136356933042407 1520
1747379763106 0.0003877938725054264 1530
1747379763105 0.0003877938725054264 1530
1747379767158 0.0036564890760928392 1540
1747379767159 0.0036564890760928392 1540
1747379771413 0.0006170601700432599 1550
1747379771408 0.0006170601700432599 1550
1747379775514 0.0004316323029343039 1560
1747379775515 0.0004316323029343039 1560
1747379781258 0.00044385844375938177 1570
1747379781260 0.00044385844375938177 1570
1747379785244 0.0004315325932111591 1580
1747379785245 0.0004315325932111591 1580
1747379789361 0.0004010956618003547 1590
1747379789363 0.0004010956618003547 1590
1747379793560 0.0005753427976742387 1600
1747379793561 0.0005753427976742387 1600
1747379797681 0.0003750889445655048 1610
1747379797683 0.0003750889445655048 1610
1747379801706 0.0003589523839764297 1620
1747379801704 0.0003589523839764297 1620
1747379805861 0.000762906507588923 1630
1747379805863 0.000762906507588923 1630
1747379809836 0.00039785876288078725 1640
1747379809837 0.00039785876288078725 1640
1747379813787 0.0004063256492372602 1650
1747379813789 0.0004063256492372602 1650
1747379817788 0.0003660335496533662 1660
1747379817789 0.0003660335496533662 1660
1747379821766 0.00038336412399075925 1670
1747379821766 0.00038336412399075925 1670
1747379825798 0.9798221588134766 1680
1747379825799 0.9798221588134766 1680
1747379829944 0.00038275716360658407 1690
1747379829946 0.00038275716360658407 1690
1747379834081 0.0003762598498724401 1700
1747379834082 0.0003762598498724401 1700
1747379838360 0.0004210217739455402 1710
1747379838361 0.0004210217739455402 1710
1747379842556 0.00038527927245013416 1720
1747379842558 0.00038527927245013416 1720
1747379850023 0.00031740518170408905 1730
1747379850024 0.00031740518170408905 1730
1747379855688 0.0017518654931336641 1740
1747379855689 0.0017518654931336641 1740
1747379859764 0.00034568618866615 1750
1747379859765 0.00034568618866615 1750
1747379878948 0.000725921883713454 1760
1747379878949 0.000725921883713454 1760
1747379882881 0.00033683134824968874 1770
1747379882881 0.00033683134824968874 1770
1747379886765 0.00035450683208182454 1780
1747379886765 0.00035450683208182454 1780
1747379890669 0.0005036775837652385 1790
1747379890669 0.0005036775837652385 1790
1747379894575 0.0003025979676749557 1800
1747379894575 0.0003025979676749557 1800
1747379898571 0.0003178974729962647 1810
1747379898571 0.0003178974729962647 1810
1747379902553 0.0003206488909199834 1820
1747379902555 0.0003206488909199834 1820
1747379906595 0.0003000593278557062 1830
1747379906596 0.0003000593278557062 1830
1747379910619 0.00033888971665874124 1840
1747379910620 0.00033888971665874124 1840
1747379914675 0.0016319014830514789 1850
1747379914676 0.0016319014830514789 1850
1747379918717 0.00032882048981264234 1860
1747379918718 0.00032882048981264234 1860
1747379922675 0.0003042875323444605 1870
1747379922676 0.0003042875323444605 1870
1747379926599 0.00031184699037112296 1880
1747379926600 0.00031184699037112296 1880
1747379930549 0.0003083437914028764 1890
1747379930549 0.0003083437914028764 1890
1747379934561 0.00041112449252977967 1900
1747379934562 0.00041112449252977967 1900
1747379938555 0.000576151825953275 1910
1747379938554 0.000576151825953275 1910
1747379942522 0.000418660172726959 1920
1747379942538 0.000418660172726959 1920
1747379946480 0.0003711878089234233 1930
1747379946479 0.0003711878089234233 1930
1747379950479 0.05160275101661682 1940
1747379950479 0.05160275101661682 1940
1747379954413 0.00546545535326004 1950
1747379954413 0.00546545535326004 1950
1747379958384 0.0006418133270926774 1960
1747379958385 0.0006418133270926774 1960
1747379963990 0.00037563074147328734 1970
1747379963991 0.00037563074147328734 1970
1747379967919 0.0003690625599119812 1980
1747379967920 0.0003690625599119812 1980
1747379971909 0.0004275368701200932 1990
1747379971910 0.0004275368701200932 1990
1747379975911 0.0008384018437936902 2000
1747379975912 0.0008384018437936902 2000
1747379980010 93.5019302368164 2010
1747379980011 93.5019302368164 2010
1747379984030 0.00057369185378775 2020
1747379984031 0.00057369185378775 2020
1747379988029 0.004477957729250193 2030
1747379988030 0.004477957729250193 2030
1747379992054 0.010327956639230251 2040
1747379992055 0.010327956639230251 2040
1747379996015 17.954769134521484 2050
1747379996016 17.954769134521484 2050
1747380000107 0.0021199847105890512 2060
1747380000108 0.0021199847105890512 2060
1747380005744 0.001550382818095386 2070
1747380005745 0.001550382818095386 2070
1747380009717 0.0015572818228974938 2080
1747380009717 0.0015572818228974938 2080
1747380013625 0.0011436620261520147 2090
1747380013625 0.0011436620261520147 2090
1747380017557 0.0010601456742733717 2100
1747380017557 0.0010601456742733717 2100
1747380021467 0.0007899164920672774 2110
1747380021467 0.0007899164920672774 2110
1747380027094 23.055715560913086 2120
1747380027094 23.055715560913086 2120
1747380031110 0.0010889169061556458 2130
1747380031111 0.0010889169061556458 2130
1747380035323 0.0006941648316569626 2140
1747380035324 0.0006941648316569626 2140
1747380039371 0.0006452383822761476 2150
1747380039372 0.0006452383822761476 2150
1747380043513 0.0011953626526519656 2160
1747380043514 0.0011953626526519656 2160
1747380047648 0.0010266718454658985 2170
1747380047649 0.0010266718454658985 2170
1747380051672 0.002661671256646514 2180
1747380051673 0.002661671256646514 2180
1747380055508 0.012941757217049599 2190
1747380055509 0.012941757217049599 2190
1747380073374 0.0028568210545927286 2200
1747380073375 0.0028568210545927286 2200
1747380079128 0.0005654512788169086 2210
1747380079128 0.0005654512788169086 2210
1747380083128 0.0004683646257035434 2220
1747380083129 0.0004683646257035434 2220
1747380087102 0.0008456583600491285 2230
1747380087103 0.0008456583600491285 2230
1747380091092 0.00040202520904131234 2240
1747380091093 0.00040202520904131234 2240
1747380095086 0.0004783923795912415 2250
1747380095087 0.0004783923795912415 2250
1747380099089 0.020469574257731438 2260
1747380099090 0.020469574257731438 2260
1747380103088 0.0011160995345562696 2270
1747380103089 0.0011160995345562696 2270
1747380107086 0.0003614167799241841 2280
1747380107087 0.0003614167799241841 2280
1747380111030 0.000385219173040241 2290
1747380111031 0.000385219173040241 2290
1747380115038 0.00039079689304344356 2300
1747380115039 0.00039079689304344356 2300
1747380119037 0.00041381389019079506 2310
1747380119038 0.00041381389019079506 2310
1747380122982 0.000704319158103317 2320
1747380122983 0.000704319158103317 2320
1747380126918 0.0004016901075374335 2330
1747380126918 0.0004016901075374335 2330
1747380130817 0.000564802554436028 2340
1747380130818 0.000564802554436028 2340
1747380134726 0.0004088097484782338 2350
1747380134726 0.0004088097484782338 2350
1747380138646 0.0003428406489547342 2360
1747380138646 0.0003428406489547342 2360
1747380142594 0.000368413922842592 2370
1747380142595 0.000368413922842592 2370
1747380146573 0.005392915103584528 2380
1747380146574 0.005392915103584528 2380
1747380150587 0.0004501279618125409 2390
1747380150588 0.0004501279618125409 2390
1747380154588 0.00031900586327537894 2400
1747380154589 0.00031900586327537894 2400
1747380160247 0.00033047233591787517 2410
1747380160248 0.00033047233591787517 2410
1747380164257 0.00029724405612796545 2420
1747380164258 0.00029724405612796545 2420
1747380168241 0.00044601078843697906 2430
1747380168242 0.00044601078843697906 2430
1747380172220 0.00031462861807085574 2440
1747380172221 0.00031462861807085574 2440
1747380176186 0.000278117397101596 2450
1747380176187 0.000278117397101596 2450
1747380180163 0.000414404203183949 2460
1747380180164 0.000414404203183949 2460
1747380184160 0.0004374049312900752 2470
1747380184161 0.0004374049312900752 2470
1747380188153 0.000445706449681893 2480
1747380188154 0.000445706449681893 2480
1747380192118 0.0005417722859419882 2490
1747380192119 0.0005417722859419882 2490
1747380196129 0.0003330349281895906 2500
1747380196129 0.0003330349281895906 2500
1747380200135 0.00033930139034055173 2510
1747380200136 0.00033930139034055173 2510
1747380204137 0.0003518956946209073 2520
1747380204138 0.0003518956946209073 2520
1747380208132 0.00030765068368054926 2530
1747380208133 0.00030765068368054926 2530
1747380212133 0.0003365631273481995 2540
1747380212134 0.0003365631273481995 2540
1747380217826 0.0002639196754898876 2550
1747380217827 0.0002639196754898876 2550
1747380221809 0.0003612362197600305 2560
1747380221810 0.0003612362197600305 2560
1747380225820 0.0002836069616023451 2570
1747380225821 0.0002836069616023451 2570
1747380229831 0.00033212994458153844 2580
1747380229832 0.00033212994458153844 2580
1747380233830 0.000291237112833187 2590
1747380233831 0.000291237112833187 2590
1747380237826 0.0006434719543904066 2600
1747380237827 0.0006434719543904066 2600
1747380241859 0.0002628077636472881 2610
1747380241860 0.0002628077636472881 2610
1747380245885 0.0004686520551331341 2620
1747380245885 0.0004686520551331341 2620
1747380263361 0.000277001439826563 2630
1747380263362 0.000277001439826563 2630
1747380267377 0.0002837546344380826 2640
1747380267378 0.0002837546344380826 2640
1747380273097 0.00024767828290350735 2650
1747380273098 0.00024767828290350735 2650
1747380277114 0.0002628325601108372 2660
1747380277115 0.0002628325601108372 2660
1747380281100 0.0008246537763625383 2670
1747380281101 0.0008246537763625383 2670
1747380285103 0.0002637997968122363 2680
1747380285104 0.0002637997968122363 2680
1747380289111 0.0002774322347249836 2690
1747380289112 0.0002774322347249836 2690
1747380293109 0.0002637200232129544 2700
1747380293108 0.0002637200232129544 2700
1747380297070 0.00025110202841460705 2710
1747380297069 0.00025110202841460705 2710
1747380301044 0.00024143425980582833 2720
1747380301045 0.00024143425980582833 2720
1747380305058 0.0002474418142810464 2730
1747380305059 0.0002474418142810464 2730
1747380309075 0.0004083629755768925 2740
1747380309076 0.0004083629755768925 2740
1747380313108 0.00022256527154240757 2750
1747380313109 0.00022256527154240757 2750
1747380317120 0.00024017729447223246 2760
1747380317121 0.00024017729447223246 2760
1747380321106 0.00044821054325439036 2770
1747380321105 0.00044821054325439036 2770
1747380325070 0.00023638573475182056 2780
1747380325071 0.00023638573475182056 2780
1747380329069 0.00022773636737838387 2790
1747380329068 0.00022773636737838387 2790
1747380333040 0.0002475460059940815 2800
1747380333040 0.0002475460059940815 2800
1747380337052 0.0002631731622386724 2810
1747380337052 0.0002631731622386724 2810
1747380341068 0.0008836655179038644 2820
1747380341069 0.0008836655179038644 2820
1747380345084 0.00022367019846569747 2830
1747380345085 0.00022367019846569747 2830
1747380349096 0.00019956791948061436 2840
1747380349097 0.00019956791948061436 2840
1747380353126 0.00026686638011597097 2850
1747380353126 0.00026686638011597097 2850
1747380358825 0.00022987292322795838 2860
1747380358824 0.00022987292322795838 2860
1747380362832 0.00023232125386130065 2870
1747380362832 0.00023232125386130065 2870
1747380366829 0.000231416110182181 2880
1747380366830 0.000231416110182181 2880
1747380370841 0.00019827598589472473 2890
1747380370842 0.00019827598589472473 2890
1747380374856 0.0002092267677653581 2900
1747380374857 0.0002092267677653581 2900
1747380378849 0.000267982977675274 2910
1747380378850 0.000267982977675274 2910
1747380382859 0.00020742329070344567 2920
1747380382860 0.00020742329070344567 2920
1747380386865 0.00021590762480627745 2930
1747380386866 0.00021590762480627745 2930
1747380390900 0.0003491090901661664 2940
1747380390901 0.0003491090901661664 2940
1747380394849 0.0004073187883477658 2950
1747380394849 0.0004073187883477658 2950
1747380398901 0.00025010062381625175 2960
1747380398902 0.00025010062381625175 2960
1747380402916 0.0002121041325153783 2970
1747380402916 0.0002121041325153783 2970
1747380406924 0.000265356880845502 2980
1747380406925 0.000265356880845502 2980
1747380410912 0.00020600123389158398 2990
1747380410913 0.00020600123389158398 2990
1747380414913 0.00023348302056547254 3000
1747380414914 0.00023348302056547254 3000
1747380420593 0.00018635208834894001 3010
1747380420594 0.00018635208834894001 3010
1747380424575 0.00021870926138944924 3020
1747380424576 0.00021870926138944924 3020
1747380428547 0.00019669636094477028 3030
1747380428548 0.00019669636094477028 3030
1747380432548 0.00021546990319620818 3040
1747380432549 0.00021546990319620818 3040
1747380436539 0.00024133495753630996 3050
1747380436540 0.00024133495753630996 3050
1747380440554 0.00023090977629180998 3060
1747380440555 0.00023090977629180998 3060
