1747379078114 4.988584474885845e-05 10
1747379078114 4.988584474885845e-05 10
1747379081853 4.977168949771689e-05 20
1747379081853 4.977168949771689e-05 20
1747379088936 4.9657534246575346e-05 30
1747379088938 4.9657534246575346e-05 30
1747379095917 4.9543378995433794e-05 40
1747379095917 4.9543378995433794e-05 40
1747379099706 4.942922374429224e-05 50
1747379099706 4.942922374429224e-05 50
1747379103479 4.9315068493150684e-05 60
1747379103495 4.9315068493150684e-05 60
1747379107281 4.920091324200913e-05 70
1747379107281 4.920091324200913e-05 70
1747379111071 4.908675799086758e-05 80
1747379111071 4.908675799086758e-05 80
1747379114864 4.8972602739726034e-05 90
1747379114864 4.8972602739726034e-05 90
1747379118725 4.8858447488584476e-05 100
1747379118727 4.8858447488584476e-05 100
1747379122525 4.8744292237442924e-05 110
1747379122525 4.8744292237442924e-05 110
1747379126342 4.863013698630137e-05 120
1747379126342 4.863013698630137e-05 120
1747379131790 4.851598173515982e-05 130
1747379131792 4.851598173515982e-05 130
1747379135630 4.840182648401827e-05 140
1747379135628 4.840182648401827e-05 140
1747379141089 4.8287671232876716e-05 150
1747379141089 4.8287671232876716e-05 150
1747379146592 4.8173515981735164e-05 160
1747379146592 4.8173515981735164e-05 160
1747379153622 4.805936073059361e-05 170
1747379153638 4.805936073059361e-05 170
1747379157391 4.794520547945205e-05 180
1747379157391 4.794520547945205e-05 180
1747379161147 4.78310502283105e-05 190
1747379161147 4.78310502283105e-05 190
1747379164904 4.7716894977168955e-05 200
1747379164904 4.7716894977168955e-05 200
1747379168672 4.7602739726027403e-05 210
1747379168672 4.7602739726027403e-05 210
1747379172461 4.7488584474885845e-05 220
1747379172461 4.7488584474885845e-05 220
1747379176250 4.737442922374429e-05 230
1747379176250 4.737442922374429e-05 230
1747379180019 4.726027397260274e-05 240
1747379180019 4.726027397260274e-05 240
1747379183796 4.714611872146119e-05 250
1747379183796 4.714611872146119e-05 250
1747379187572 4.703196347031964e-05 260
1747379187572 4.703196347031964e-05 260
1747379191367 4.6917808219178085e-05 270
1747379191367 4.6917808219178085e-05 270
1747379195157 4.680365296803653e-05 280
1747379195158 4.680365296803653e-05 280
1747379198941 4.668949771689498e-05 290
1747379198941 4.668949771689498e-05 290
1747379203771 4.657534246575342e-05 300
1747379203755 4.657534246575342e-05 300
1747379209796 4.646118721461187e-05 310
1747379209796 4.646118721461187e-05 310
1747379213568 4.6347031963470325e-05 320
1747379213568 4.6347031963470325e-05 320
1747379217345 4.623287671232877e-05 330
1747379217345 4.623287671232877e-05 330
1747379221134 4.6118721461187214e-05 340
1747379221134 4.6118721461187214e-05 340
1747379224971 4.600456621004566e-05 350
1747379224971 4.600456621004566e-05 350
1747379228866 4.589041095890411e-05 360
1747379228866 4.589041095890411e-05 360
1747379232798 4.577625570776256e-05 370
1747379232798 4.577625570776256e-05 370
1747379236699 4.5662100456621006e-05 380
1747379236699 4.5662100456621006e-05 380
1747379242156 4.5547945205479454e-05 390
1747379242156 4.5547945205479454e-05 390
1747379245945 4.54337899543379e-05 400
1747379245945 4.54337899543379e-05 400
1747379249748 4.531963470319635e-05 410
1747379249750 4.531963470319635e-05 410
1747379253543 4.520547945205479e-05 420
1747379253543 4.520547945205479e-05 420
1747379258988 4.5091324200913246e-05 430
1747379258988 4.5091324200913246e-05 430
1747379275665 4.4977168949771694e-05 440
1747379275667 4.4977168949771694e-05 440
1747379279500 4.486301369863014e-05 450
1747379279502 4.486301369863014e-05 450
1747379285275 4.474885844748858e-05 460
1747379285275 4.474885844748858e-05 460
1747379290721 4.463470319634703e-05 470
1747379290721 4.463470319634703e-05 470
1747379294520 4.452054794520548e-05 480
1747379294520 4.452054794520548e-05 480
1747379298962 4.4406392694063934e-05 490
1747379298966 4.4406392694063934e-05 490
1747379303772 4.4292237442922375e-05 500
1747379303774 4.4292237442922375e-05 500
1747379309252 4.417808219178082e-05 510
1747379309254 4.417808219178082e-05 510
1747379314891 4.406392694063927e-05 520
1747379314892 4.406392694063927e-05 520
1747379318810 4.394977168949772e-05 530
1747379318809 4.394977168949772e-05 530
1747379322711 4.383561643835617e-05 540
1747379322713 4.383561643835617e-05 540
1747379326575 4.3721461187214615e-05 550
1747379326575 4.3721461187214615e-05 550
1747379332144 4.360730593607306e-05 560
1747379332144 4.360730593607306e-05 560
1747379336079 4.349315068493151e-05 570
1747379336078 4.349315068493151e-05 570
1747379339969 4.337899543378995e-05 580
1747379339970 4.337899543378995e-05 580
1747379343807 4.32648401826484e-05 590
1747379343807 4.32648401826484e-05 590
1747379347643 4.3150684931506855e-05 600
1747379347643 4.3150684931506855e-05 600
1747379351460 4.30365296803653e-05 610
1747379351460 4.30365296803653e-05 610
1747379355357 4.2922374429223744e-05 620
1747379355357 4.2922374429223744e-05 620
1747379360823 4.280821917808219e-05 630
1747379360823 4.280821917808219e-05 630
1747379364639 4.269406392694064e-05 640
1747379364639 4.269406392694064e-05 640
1747379368502 4.257990867579909e-05 650
1747379368502 4.257990867579909e-05 650
1747379372349 4.2465753424657536e-05 660
1747379372349 4.2465753424657536e-05 660
1747379376163 4.2351598173515984e-05 670
1747379376163 4.2351598173515984e-05 670
1747379379995 4.223744292237443e-05 680
1747379379995 4.223744292237443e-05 680
1747379383866 4.212328767123288e-05 690
1747379383867 4.212328767123288e-05 690
1747379387831 4.200913242009132e-05 700
1747379387832 4.200913242009132e-05 700
1747379391827 4.1894977168949776e-05 710
1747379391828 4.1894977168949776e-05 710
1747379395684 4.1780821917808224e-05 720
1747379395686 4.1780821917808224e-05 720
1747379399565 4.166666666666667e-05 730
1747379399565 4.166666666666667e-05 730
1747379403445 4.155251141552511e-05 740
1747379403445 4.155251141552511e-05 740
1747379408974 4.143835616438356e-05 750
1747379408974 4.143835616438356e-05 750
1747379412814 4.132420091324201e-05 760
1747379412817 4.132420091324201e-05 760
1747379416651 4.121004566210046e-05 770
1747379416651 4.121004566210046e-05 770
1747379420480 4.1095890410958905e-05 780
1747379420480 4.1095890410958905e-05 780
1747379424325 4.098173515981735e-05 790
1747379424325 4.098173515981735e-05 790
1747379429668 4.08675799086758e-05 800
1747379429668 4.08675799086758e-05 800
1747379433649 4.075342465753425e-05 810
1747379433649 4.075342465753425e-05 810
1747379437497 4.063926940639269e-05 820
1747379437499 4.063926940639269e-05 820
1747379441329 4.0525114155251145e-05 830
1747379441331 4.0525114155251145e-05 830
1747379445249 4.041095890410959e-05 840
1747379445256 4.041095890410959e-05 840
1747379449131 4.029680365296804e-05 850
1747379449131 4.029680365296804e-05 850
1747379453135 4.018264840182648e-05 860
1747379453135 4.018264840182648e-05 860
1747379457045 4.006849315068493e-05 870
1747379457045 4.006849315068493e-05 870
1747379474195 3.995433789954338e-05 880
1747379474195 3.995433789954338e-05 880
1747379479802 3.984018264840183e-05 890
1747379479802 3.984018264840183e-05 890
1747379483707 3.9726027397260274e-05 900
1747379483707 3.9726027397260274e-05 900
1747379487661 3.961187214611872e-05 910
1747379487661 3.961187214611872e-05 910
1747379491604 3.949771689497717e-05 920
1747379491604 3.949771689497717e-05 920
1747379495520 3.938356164383562e-05 930
1747379495520 3.938356164383562e-05 930
1747379499497 3.9269406392694066e-05 940
1747379499505 3.9269406392694066e-05 940
1747379505055 3.9155251141552514e-05 950
1747379505055 3.9155251141552514e-05 950
1747379508976 3.904109589041096e-05 960
1747379508976 3.904109589041096e-05 960
1747379512925 3.892694063926941e-05 970
1747379512925 3.892694063926941e-05 970
1747379520120 3.881278538812785e-05 980
1747379520121 3.881278538812785e-05 980
1747379524050 3.86986301369863e-05 990
1747379524051 3.86986301369863e-05 990
1747379527956 3.8584474885844754e-05 1000
1747379527957 3.8584474885844754e-05 1000
1747379531849 3.84703196347032e-05 1010
1747379531849 3.84703196347032e-05 1010
1747379536082 3.8356164383561644e-05 1020
1747379536083 3.8356164383561644e-05 1020
1747379540007 3.824200913242009e-05 1030
1747379540008 3.824200913242009e-05 1030
1747379544074 3.812785388127854e-05 1040
1747379544075 3.812785388127854e-05 1040
1747379548071 3.801369863013699e-05 1050
1747379548073 3.801369863013699e-05 1050
1747379552256 3.7899543378995436e-05 1060
1747379552257 3.7899543378995436e-05 1060
1747379556530 3.7785388127853884e-05 1070
1747379556532 3.7785388127853884e-05 1070
1747379560789 3.767123287671233e-05 1080
1747379560791 3.767123287671233e-05 1080
1747379564765 3.755707762557078e-05 1090
1747379564767 3.755707762557078e-05 1090
1747379568824 3.744292237442922e-05 1100
1747379568826 3.744292237442922e-05 1100
1747379572908 3.7328767123287675e-05 1110
1747379572910 3.7328767123287675e-05 1110
1747379576846 3.7214611872146123e-05 1120
1747379576847 3.7214611872146123e-05 1120
1747379580810 3.710045662100457e-05 1130
1747379580812 3.710045662100457e-05 1130
1747379586497 3.698630136986301e-05 1140
1747379586498 3.698630136986301e-05 1140
1747379590528 3.687214611872146e-05 1150
1747379590527 3.687214611872146e-05 1150
1747379594576 3.675799086757991e-05 1160
1747379594575 3.675799086757991e-05 1160
1747379598660 3.664383561643836e-05 1170
1747379598661 3.664383561643836e-05 1170
1747379602717 3.6529680365296805e-05 1180
1747379602719 3.6529680365296805e-05 1180
1747379606909 3.641552511415525e-05 1190
1747379606911 3.641552511415525e-05 1190
1747379610960 3.63013698630137e-05 1200
1747379610962 3.63013698630137e-05 1200
1747379614928 3.618721461187215e-05 1210
1747379614929 3.618721461187215e-05 1210
1747379618991 3.60730593607306e-05 1220
1747379618993 3.60730593607306e-05 1220
1747379623144 3.5958904109589045e-05 1230
1747379623145 3.5958904109589045e-05 1230
1747379627103 3.584474885844749e-05 1240
1747379627104 3.584474885844749e-05 1240
1747379631069 3.573059360730594e-05 1250
1747379631070 3.573059360730594e-05 1250
1747379635044 3.561643835616438e-05 1260
1747379635046 3.561643835616438e-05 1260
1747379639047 3.550228310502283e-05 1270
1747379639049 3.550228310502283e-05 1270
1747379643051 3.538812785388128e-05 1280
1747379643052 3.538812785388128e-05 1280
1747379647050 3.527397260273973e-05 1290
1747379647049 3.527397260273973e-05 1290
1747379651075 3.5159817351598174e-05 1300
1747379651077 3.5159817351598174e-05 1300
1747379655034 3.504566210045662e-05 1310
1747379655035 3.504566210045662e-05 1310
1747379675317 3.493150684931507e-05 1320
1747379675319 3.493150684931507e-05 1320
1747379679435 3.481735159817352e-05 1330
1747379679436 3.481735159817352e-05 1330
1747379683554 3.4703196347031966e-05 1340
1747379683556 3.4703196347031966e-05 1340
1747379687493 3.4589041095890414e-05 1350
1747379687494 3.4589041095890414e-05 1350
1747379691517 3.447488584474886e-05 1360
1747379691518 3.447488584474886e-05 1360
1747379697120 3.436073059360731e-05 1370
1747379697121 3.436073059360731e-05 1370
1747379701069 3.424657534246575e-05 1380
1747379701070 3.424657534246575e-05 1380
1747379705117 3.41324200913242e-05 1390
1747379705118 3.41324200913242e-05 1390
1747379709210 3.4018264840182654e-05 1400
1747379709212 3.4018264840182654e-05 1400
1747379714989 3.39041095890411e-05 1410
1747379714991 3.39041095890411e-05 1410
1747379719068 3.378995433789954e-05 1420
1747379719070 3.378995433789954e-05 1420
1747379723139 3.367579908675799e-05 1430
1747379723140 3.367579908675799e-05 1430
1747379727222 3.356164383561644e-05 1440
1747379727224 3.356164383561644e-05 1440
1747379731264 3.344748858447489e-05 1450
1747379731265 3.344748858447489e-05 1450
1747379735196 3.3333333333333335e-05 1460
1747379735197 3.3333333333333335e-05 1460
1747379739227 3.321917808219178e-05 1470
1747379739228 3.321917808219178e-05 1470
1747379743189 3.310502283105023e-05 1480
1747379743191 3.310502283105023e-05 1480
1747379747182 3.299086757990868e-05 1490
1747379747181 3.299086757990868e-05 1490
1747379751141 3.287671232876712e-05 1500
1747379751142 3.287671232876712e-05 1500
1747379755079 3.2762557077625575e-05 1510
1747379755080 3.2762557077625575e-05 1510
1747379759009 3.264840182648402e-05 1520
1747379759009 3.264840182648402e-05 1520
1747379763106 3.253424657534247e-05 1530
1747379763105 3.253424657534247e-05 1530
1747379767158 3.242009132420091e-05 1540
1747379767159 3.242009132420091e-05 1540
1747379771413 3.230593607305936e-05 1550
1747379771408 3.230593607305936e-05 1550
1747379775514 3.219178082191781e-05 1560
1747379775515 3.219178082191781e-05 1560
1747379781258 3.207762557077626e-05 1570
1747379781260 3.207762557077626e-05 1570
1747379785244 3.1963470319634704e-05 1580
1747379785245 3.1963470319634704e-05 1580
1747379789361 3.184931506849315e-05 1590
1747379789363 3.184931506849315e-05 1590
1747379793560 3.17351598173516e-05 1600
1747379793561 3.17351598173516e-05 1600
1747379797681 3.162100456621005e-05 1610
1747379797683 3.162100456621005e-05 1610
1747379801706 3.1506849315068496e-05 1620
1747379801704 3.1506849315068496e-05 1620
1747379805861 3.1392694063926944e-05 1630
1747379805863 3.1392694063926944e-05 1630
1747379809836 3.127853881278539e-05 1640
1747379809837 3.127853881278539e-05 1640
1747379813787 3.116438356164384e-05 1650
1747379813789 3.116438356164384e-05 1650
1747379817788 3.105022831050228e-05 1660
1747379817789 3.105022831050228e-05 1660
1747379821766 3.093607305936073e-05 1670
1747379821766 3.093607305936073e-05 1670
1747379825798 3.082191780821918e-05 1680
1747379825799 3.082191780821918e-05 1680
1747379829944 3.070776255707763e-05 1690
1747379829946 3.070776255707763e-05 1690
1747379834081 3.059360730593607e-05 1700
1747379834082 3.059360730593607e-05 1700
1747379838360 3.047945205479452e-05 1710
1747379838361 3.047945205479452e-05 1710
1747379842556 3.036529680365297e-05 1720
1747379842558 3.036529680365297e-05 1720
1747379850023 3.025114155251142e-05 1730
1747379850024 3.025114155251142e-05 1730
1747379855688 3.0136986301369862e-05 1740
1747379855689 3.0136986301369862e-05 1740
1747379859764 3.0022831050228313e-05 1750
1747379859765 3.0022831050228313e-05 1750
1747379878948 2.990867579908676e-05 1760
1747379878949 2.990867579908676e-05 1760
1747379882881 2.979452054794521e-05 1770
1747379882881 2.979452054794521e-05 1770
1747379886765 2.9680365296803654e-05 1780
1747379886765 2.9680365296803654e-05 1780
1747379890669 2.9566210045662102e-05 1790
1747379890669 2.9566210045662102e-05 1790
1747379894575 2.945205479452055e-05 1800
1747379894575 2.945205479452055e-05 1800
1747379898571 2.9337899543378998e-05 1810
1747379898571 2.9337899543378998e-05 1810
1747379902553 2.9223744292237442e-05 1820
1747379902555 2.9223744292237442e-05 1820
1747379906595 2.910958904109589e-05 1830
1747379906596 2.910958904109589e-05 1830
1747379910619 2.8995433789954342e-05 1840
1747379910620 2.8995433789954342e-05 1840
1747379914675 2.888127853881279e-05 1850
1747379914676 2.888127853881279e-05 1850
1747379918717 2.8767123287671234e-05 1860
1747379918718 2.8767123287671234e-05 1860
1747379922675 2.8652968036529682e-05 1870
1747379922676 2.8652968036529682e-05 1870
1747379926599 2.853881278538813e-05 1880
1747379926600 2.853881278538813e-05 1880
1747379930549 2.842465753424658e-05 1890
1747379930549 2.842465753424658e-05 1890
1747379934561 2.8310502283105023e-05 1900
1747379934562 2.8310502283105023e-05 1900
1747379938555 2.819634703196347e-05 1910
1747379938554 2.819634703196347e-05 1910
1747379942522 2.808219178082192e-05 1920
1747379942538 2.808219178082192e-05 1920
1747379946480 2.796803652968037e-05 1930
1747379946479 2.796803652968037e-05 1930
1747379950479 2.785388127853881e-05 1940
1747379950479 2.785388127853881e-05 1940
1747379954413 2.7739726027397263e-05 1950
1747379954413 2.7739726027397263e-05 1950
1747379958385 2.762557077625571e-05 1960
1747379958384 2.762557077625571e-05 1960
1747379963990 2.751141552511416e-05 1970
1747379963991 2.751141552511416e-05 1970
1747379967919 2.7397260273972603e-05 1980
1747379967920 2.7397260273972603e-05 1980
1747379971909 2.728310502283105e-05 1990
1747379971910 2.728310502283105e-05 1990
1747379975911 2.71689497716895e-05 2000
1747379975912 2.71689497716895e-05 2000
1747379980010 2.7054794520547947e-05 2010
1747379980011 2.7054794520547947e-05 2010
1747379984030 2.6940639269406392e-05 2020
1747379984031 2.6940639269406392e-05 2020
1747379988029 2.682648401826484e-05 2030
1747379988030 2.682648401826484e-05 2030
1747379992054 2.671232876712329e-05 2040
1747379992055 2.671232876712329e-05 2040
1747379996015 2.659817351598174e-05 2050
1747379996016 2.659817351598174e-05 2050
1747380000107 2.6484018264840184e-05 2060
1747380000108 2.6484018264840184e-05 2060
1747380005744 2.6369863013698632e-05 2070
1747380005745 2.6369863013698632e-05 2070
1747380009717 2.625570776255708e-05 2080
1747380009717 2.625570776255708e-05 2080
1747380013625 2.6141552511415528e-05 2090
1747380013625 2.6141552511415528e-05 2090
1747380017557 2.6027397260273973e-05 2100
1747380017557 2.6027397260273973e-05 2100
1747380021467 2.591324200913242e-05 2110
1747380021467 2.591324200913242e-05 2110
1747380027094 2.579908675799087e-05 2120
1747380027094 2.579908675799087e-05 2120
1747380031110 2.568493150684932e-05 2130
1747380031111 2.568493150684932e-05 2130
1747380035323 2.557077625570776e-05 2140
1747380035324 2.557077625570776e-05 2140
1747380039371 2.5456621004566213e-05 2150
1747380039372 2.5456621004566213e-05 2150
1747380043513 2.534246575342466e-05 2160
1747380043514 2.534246575342466e-05 2160
1747380047648 2.522831050228311e-05 2170
1747380047649 2.522831050228311e-05 2170
1747380051672 2.5114155251141553e-05 2180
1747380051673 2.5114155251141553e-05 2180
1747380055508 2.5e-05 2190
1747380055509 2.5e-05 2190
1747380073374 2.4885844748858446e-05 2200
1747380073375 2.4885844748858446e-05 2200
1747380079128 2.4771689497716897e-05 2210
1747380079128 2.4771689497716897e-05 2210
1747380083128 2.4657534246575342e-05 2220
1747380083129 2.4657534246575342e-05 2220
1747380087102 2.454337899543379e-05 2230
1747380087103 2.454337899543379e-05 2230
1747380091092 2.4429223744292238e-05 2240
1747380091093 2.4429223744292238e-05 2240
1747380095086 2.4315068493150686e-05 2250
1747380095087 2.4315068493150686e-05 2250
1747380099089 2.4200913242009134e-05 2260
1747380099090 2.4200913242009134e-05 2260
1747380103088 2.4086757990867582e-05 2270
1747380103089 2.4086757990867582e-05 2270
1747380107086 2.3972602739726026e-05 2280
1747380107087 2.3972602739726026e-05 2280
1747380111030 2.3858447488584478e-05 2290
1747380111031 2.3858447488584478e-05 2290
1747380115038 2.3744292237442922e-05 2300
1747380115039 2.3744292237442922e-05 2300
1747380119037 2.363013698630137e-05 2310
1747380119038 2.363013698630137e-05 2310
1747380122982 2.351598173515982e-05 2320
1747380122983 2.351598173515982e-05 2320
1747380126918 2.3401826484018266e-05 2330
1747380126918 2.3401826484018266e-05 2330
1747380130817 2.328767123287671e-05 2340
1747380130818 2.328767123287671e-05 2340
1747380134726 2.3173515981735162e-05 2350
1747380134726 2.3173515981735162e-05 2350
1747380138646 2.3059360730593607e-05 2360
1747380138646 2.3059360730593607e-05 2360
1747380142594 2.2945205479452055e-05 2370
1747380142595 2.2945205479452055e-05 2370
1747380146573 2.2831050228310503e-05 2380
1747380146574 2.2831050228310503e-05 2380
1747380150587 2.271689497716895e-05 2390
1747380150588 2.271689497716895e-05 2390
1747380154588 2.2602739726027396e-05 2400
1747380154589 2.2602739726027396e-05 2400
1747380160247 2.2488584474885847e-05 2410
1747380160248 2.2488584474885847e-05 2410
1747380164257 2.237442922374429e-05 2420
1747380164258 2.237442922374429e-05 2420
1747380168241 2.226027397260274e-05 2430
1747380168242 2.226027397260274e-05 2430
1747380172220 2.2146118721461187e-05 2440
1747380172221 2.2146118721461187e-05 2440
1747380176186 2.2031963470319635e-05 2450
1747380176187 2.2031963470319635e-05 2450
1747380180163 2.1917808219178083e-05 2460
1747380180164 2.1917808219178083e-05 2460
1747380184160 2.180365296803653e-05 2470
1747380184161 2.180365296803653e-05 2470
1747380188153 2.1689497716894976e-05 2480
1747380188154 2.1689497716894976e-05 2480
1747380192118 2.1575342465753427e-05 2490
1747380192119 2.1575342465753427e-05 2490
1747380196129 2.1461187214611872e-05 2500
1747380196129 2.1461187214611872e-05 2500
1747380200135 2.134703196347032e-05 2510
1747380200136 2.134703196347032e-05 2510
1747380204137 2.1232876712328768e-05 2520
1747380204138 2.1232876712328768e-05 2520
1747380208132 2.1118721461187216e-05 2530
1747380208133 2.1118721461187216e-05 2530
1747380212133 2.100456621004566e-05 2540
1747380212134 2.100456621004566e-05 2540
1747380217826 2.0890410958904112e-05 2550
1747380217827 2.0890410958904112e-05 2550
1747380221809 2.0776255707762557e-05 2560
1747380221810 2.0776255707762557e-05 2560
1747380225820 2.0662100456621005e-05 2570
1747380225821 2.0662100456621005e-05 2570
1747380229831 2.0547945205479453e-05 2580
1747380229832 2.0547945205479453e-05 2580
1747380233830 2.04337899543379e-05 2590
1747380233831 2.04337899543379e-05 2590
1747380237826 2.0319634703196345e-05 2600
1747380237827 2.0319634703196345e-05 2600
1747380241859 2.0205479452054797e-05 2610
1747380241860 2.0205479452054797e-05 2610
1747380245885 2.009132420091324e-05 2620
1747380245885 2.009132420091324e-05 2620
1747380263361 1.997716894977169e-05 2630
1747380263362 1.997716894977169e-05 2630
1747380267377 1.9863013698630137e-05 2640
1747380267378 1.9863013698630137e-05 2640
1747380273097 1.9748858447488585e-05 2650
1747380273098 1.9748858447488585e-05 2650
1747380277114 1.9634703196347033e-05 2660
1747380277115 1.9634703196347033e-05 2660
1747380281100 1.952054794520548e-05 2670
1747380281101 1.952054794520548e-05 2670
1747380285103 1.9406392694063926e-05 2680
1747380285104 1.9406392694063926e-05 2680
1747380289111 1.9292237442922377e-05 2690
1747380289112 1.9292237442922377e-05 2690
1747380293109 1.9178082191780822e-05 2700
1747380293108 1.9178082191780822e-05 2700
1747380297070 1.906392694063927e-05 2710
1747380297069 1.906392694063927e-05 2710
1747380301044 1.8949771689497718e-05 2720
1747380301045 1.8949771689497718e-05 2720
1747380305058 1.8835616438356166e-05 2730
1747380305059 1.8835616438356166e-05 2730
1747380309075 1.872146118721461e-05 2740
1747380309076 1.872146118721461e-05 2740
1747380313108 1.8607305936073062e-05 2750
1747380313109 1.8607305936073062e-05 2750
1747380317120 1.8493150684931506e-05 2760
1747380317121 1.8493150684931506e-05 2760
1747380321106 1.8378995433789954e-05 2770
1747380321105 1.8378995433789954e-05 2770
1747380325070 1.8264840182648402e-05 2780
1747380325071 1.8264840182648402e-05 2780
1747380329069 1.815068493150685e-05 2790
1747380329068 1.815068493150685e-05 2790
1747380333040 1.80365296803653e-05 2800
1747380333040 1.80365296803653e-05 2800
1747380337052 1.7922374429223746e-05 2810
1747380337052 1.7922374429223746e-05 2810
1747380341068 1.780821917808219e-05 2820
1747380341069 1.780821917808219e-05 2820
1747380345084 1.769406392694064e-05 2830
1747380345085 1.769406392694064e-05 2830
1747380349096 1.7579908675799087e-05 2840
1747380349097 1.7579908675799087e-05 2840
1747380353126 1.7465753424657535e-05 2850
1747380353126 1.7465753424657535e-05 2850
1747380358824 1.7351598173515983e-05 2860
1747380358825 1.7351598173515983e-05 2860
1747380362832 1.723744292237443e-05 2870
1747380362832 1.723744292237443e-05 2870
1747380366829 1.7123287671232875e-05 2880
1747380366830 1.7123287671232875e-05 2880
1747380370841 1.7009132420091327e-05 2890
1747380370842 1.7009132420091327e-05 2890
1747380374856 1.689497716894977e-05 2900
1747380374857 1.689497716894977e-05 2900
1747380378849 1.678082191780822e-05 2910
1747380378850 1.678082191780822e-05 2910
1747380382859 1.6666666666666667e-05 2920
1747380382860 1.6666666666666667e-05 2920
1747380386865 1.6552511415525115e-05 2930
1747380386866 1.6552511415525115e-05 2930
1747380390900 1.643835616438356e-05 2940
1747380390901 1.643835616438356e-05 2940
1747380394849 1.632420091324201e-05 2950
1747380394849 1.632420091324201e-05 2950
1747380398901 1.6210045662100456e-05 2960
1747380398902 1.6210045662100456e-05 2960
1747380402916 1.6095890410958904e-05 2970
1747380402916 1.6095890410958904e-05 2970
1747380406924 1.5981735159817352e-05 2980
1747380406925 1.5981735159817352e-05 2980
1747380410912 1.58675799086758e-05 2990
1747380410913 1.58675799086758e-05 2990
1747380414913 1.5753424657534248e-05 3000
1747380414914 1.5753424657534248e-05 3000
1747380420593 1.5639269406392696e-05 3010
1747380420594 1.5639269406392696e-05 3010
1747380424575 1.552511415525114e-05 3020
1747380424576 1.552511415525114e-05 3020
1747380428547 1.541095890410959e-05 3030
1747380428548 1.541095890410959e-05 3030
1747380432548 1.5296803652968037e-05 3040
1747380432549 1.5296803652968037e-05 3040
1747380436539 1.5182648401826485e-05 3050
1747380436540 1.5182648401826485e-05 3050
1747380440554 1.5068493150684931e-05 3060
1747380440555 1.5068493150684931e-05 3060
