1747379078114 0.591 10
1747379078114 0.591 10
1747379081853 0.2053 20
1747379081853 0.2053 20
1747379088936 0.0829 30
1747379088938 0.0829 30
1747379095917 0.1413 40
1747379095917 0.1413 40
1747379099706 0.1453 50
1747379099706 0.1453 50
1747379103479 0.1084 60
1747379103495 0.1084 60
1747379107281 0.1025 70
1747379107281 0.1025 70
1747379111071 0.0206 80
1747379111071 0.0206 80
1747379114864 0.1566 90
1747379114864 0.1566 90
1747379118725 0.0274 100
1747379118727 0.0274 100
1747379122525 0.0435 110
1747379122525 0.0435 110
1747379126342 0.1842 120
1747379126342 0.1842 120
1747379131790 0.0612 130
1747379131792 0.0612 130
1747379135630 0.1892 140
1747379135628 0.1892 140
1747379141089 0.2007 150
1747379141089 0.2007 150
1747379146592 0.0361 160
1747379146592 0.0361 160
1747379153622 0.1189 170
1747379153638 0.1189 170
1747379157391 0.0964 180
1747379157391 0.0964 180
1747379161147 0.1384 190
1747379161147 0.1384 190
1747379164904 0.0091 200
1747379164904 0.0091 200
1747379168672 0.0679 210
1747379168672 0.0679 210
1747379172461 0.0733 220
1747379172461 0.0733 220
1747379176250 0.0634 230
1747379176250 0.0634 230
1747379180019 0.0477 240
1747379183796 0.0688 250
1747379183796 0.0688 250
1747379187572 0.0418 260
1747379187572 0.0418 260
1747379191367 0.0528 270
1747379191367 0.0528 270
1747379195157 0.0034 280
1747379195158 0.0034 280
1747379198941 0.066 290
1747379198941 0.066 290
1747379203771 0.0282 300
1747379203755 0.0282 300
1747379209796 0.0438 310
1747379209796 0.0438 310
1747379213568 0.0348 320
1747379213568 0.0348 320
1747379217345 0.1099 330
1747379217345 0.1099 330
1747379221134 0.0429 340
1747379221134 0.0429 340
1747379224971 0.0561 350
1747379224971 0.0561 350
1747379228866 0.0035 360
1747379228866 0.0035 360
1747379232798 0.0434 370
1747379232798 0.0434 370
1747379236699 0.0825 380
1747379236699 0.0825 380
1747379242156 0.0594 390
1747379242156 0.0594 390
1747379245945 0.0205 400
1747379245945 0.0205 400
1747379249748 0.0685 410
1747379249750 0.0685 410
1747379253543 0.0615 420
1747379253543 0.0615 420
1747379258988 0.0234 430
1747379258988 0.0234 430
1747379275665 0.0349 440
1747379275667 0.0349 440
1747379279500 0.0035 450
1747379279502 0.0035 450
1747379285275 0.0274 460
1747379285275 0.0274 460
1747379290721 0.0005 470
1747379290721 0.0005 470
1747379294520 0.0437 480
1747379294520 0.0437 480
1747379298962 0.0096 490
1747379298966 0.0096 490
1747379303772 0.0327 500
1747379303774 0.0327 500
1747379309252 0.0062 510
1747379309254 0.0062 510
1747379314891 0.0052 520
1747379314892 0.0052 520
1747379318809 0.0004 530
1747379318810 0.0004 530
1747379322711 0.0115 540
1747379322713 0.0115 540
1747379326575 0.003 550
1747379326575 0.003 550
1747379332144 0.0011 560
1747379332144 0.0011 560
1747379336079 0.0001 570
1747379336078 0.0001 570
1747379339969 0.0416 580
1747379339970 0.0416 580
1747379343807 0.0005 590
1747379343807 0.0005 590
1747379347643 0.0453 600
1747379347643 0.0453 600
1747379351460 0.0022 610
1747379351460 0.0022 610
1747379355357 0.0166 620
1747379355357 0.0166 620
1747379360823 0.047 630
1747379360823 0.047 630
1747379364639 0.0022 640
1747379364639 0.0022 640
1747379368502 0.0003 650
1747379368502 0.0003 650
1747379372349 0.0138 660
1747379372349 0.0138 660
1747379376163 0.0551 670
1747379376163 0.0551 670
1747379379995 0.0523 680
1747379379995 0.0523 680
1747379383866 0.0002 690
1747379383867 0.0002 690
1747379387831 0.0003 700
1747379387832 0.0003 700
1747379391827 0.0002 710
1747379391828 0.0002 710
1747379395684 0.0001 720
1747379395686 0.0001 720
1747379399565 0.0211 730
1747379399565 0.0211 730
1747379403445 0.0001 740
1747379403445 0.0001 740
1747379408974 0.0927 750
1747379408974 0.0927 750
1747379412814 0.0005 760
1747379412817 0.0005 760
1747379416651 0.0307 770
1747379416651 0.0307 770
1747379420480 0.0396 780
1747379420480 0.0396 780
1747379424325 0.0599 790
1747379429668 0.0019 800
1747379429668 0.0019 800
1747379433649 0.0452 810
1747379433649 0.0452 810
1747379437497 0.0739 820
1747379437499 0.0739 820
1747379441329 0.0217 830
1747379441331 0.0217 830
1747379445249 0.0136 840
1747379445256 0.0136 840
1747379449131 0.016 850
1747379449131 0.016 850
1747379453135 0.0002 860
1747379453135 0.0002 860
1747379457045 0.0362 870
1747379457045 0.0362 870
1747379474195 0.0296 880
1747379474195 0.0296 880
1747379479802 0.0008 890
1747379479802 0.0008 890
1747379483707 0.0001 900
1747379483707 0.0001 900
1747379487661 0.0195 910
1747379487661 0.0195 910
1747379491604 0.0001 920
1747379491604 0.0001 920
1747379495520 0.0001 930
1747379495520 0.0001 930
1747379499497 0.0001 940
1747379499505 0.0001 940
1747379505055 0.0001 950
1747379505055 0.0001 950
1747379508976 0.0001 960
1747379508976 0.0001 960
1747379512925 0.0001 970
1747379512925 0.0001 970
1747379520120 0.0 980
1747379520121 0.0 980
1747379524050 0.0 990
1747379524051 0.0 990
1747379527956 0.0 1000
1747379527957 0.0 1000
1747379531849 0.0001 1010
1747379531849 0.0001 1010
1747379536082 0.0012 1020
1747379536083 0.0012 1020
1747379540007 0.0445 1030
1747379540008 0.0445 1030
1747379544074 0.0001 1040
1747379544075 0.0001 1040
1747379548071 0.0001 1050
1747379548073 0.0001 1050
1747379552256 0.0001 1060
1747379552257 0.0001 1060
1747379556530 0.0002 1070
1747379556532 0.0002 1070
1747379560789 0.0008 1080
1747379560791 0.0008 1080
1747379564765 0.0 1090
1747379564767 0.0 1090
1747379568824 0.0001 1100
1747379568826 0.0001 1100
1747379572908 0.0005 1110
1747379572910 0.0005 1110
1747379576846 0.0 1120
1747379576847 0.0 1120
1747379580810 0.0 1130
1747379580812 0.0 1130
1747379586497 0.0007 1140
1747379586498 0.0007 1140
1747379590528 0.0 1150
1747379590527 0.0 1150
1747379594576 0.0 1160
1747379594575 0.0 1160
1747379598660 0.0 1170
1747379598661 0.0 1170
1747379602717 0.0 1180
1747379602719 0.0 1180
1747379606909 0.0273 1190
1747379606911 0.0273 1190
1747379610960 0.0 1200
1747379610962 0.0 1200
1747379614928 0.0003 1210
1747379614929 0.0003 1210
1747379618991 0.0 1220
1747379618993 0.0 1220
1747379623144 0.0104 1230
1747379623145 0.0104 1230
1747379627103 0.0 1240
1747379627104 0.0 1240
1747379631069 0.0 1250
1747379631070 0.0 1250
1747379635044 0.0418 1260
1747379635046 0.0418 1260
1747379639047 0.0001 1270
1747379639049 0.0001 1270
1747379643051 0.0114 1280
1747379643052 0.0114 1280
1747379647050 0.0 1290
1747379647049 0.0 1290
1747379651075 0.0 1300
1747379651077 0.0 1300
1747379655034 0.0 1310
1747379655035 0.0 1310
1747379675317 0.0 1320
1747379675319 0.0 1320
1747379679435 0.0 1330
1747379679436 0.0 1330
1747379683554 0.0 1340
1747379683556 0.0 1340
1747379687493 0.0 1350
1747379687494 0.0 1350
1747379691517 0.0 1360
1747379691518 0.0 1360
1747379697120 0.0 1370
1747379697121 0.0 1370
1747379701069 0.0 1380
1747379701070 0.0 1380
1747379705117 0.0 1390
1747379705118 0.0 1390
1747379709210 0.0 1400
1747379709212 0.0 1400
1747379714989 0.0 1410
1747379714991 0.0 1410
1747379719068 0.0 1420
1747379719070 0.0 1420
1747379723139 0.0 1430
1747379723140 0.0 1430
1747379727222 0.0 1440
1747379727224 0.0 1440
1747379731264 0.0 1450
1747379731265 0.0 1450
1747379735196 0.0 1460
1747379735197 0.0 1460
1747379739227 0.0 1470
1747379739228 0.0 1470
1747379743189 0.0 1480
1747379743191 0.0 1480
1747379747182 0.0 1490
1747379747181 0.0 1490
1747379751141 0.0 1500
1747379751142 0.0 1500
1747379755079 0.0 1510
1747379755080 0.0 1510
1747379759009 0.0 1520
1747379759009 0.0 1520
1747379763105 0.0 1530
1747379763106 0.0 1530
1747379767158 0.0 1540
1747379767159 0.0 1540
1747379771413 0.0 1550
1747379771408 0.0 1550
1747379775514 0.0 1560
1747379775515 0.0 1560
1747379781258 0.0 1570
1747379781260 0.0 1570
1747379785244 0.0 1580
1747379785245 0.0 1580
1747379789361 0.0 1590
1747379789363 0.0 1590
1747379793560 0.0 1600
1747379793561 0.0 1600
1747379797681 0.0 1610
1747379797683 0.0 1610
1747379801706 0.0 1620
1747379801704 0.0 1620
1747379805861 0.0 1630
1747379805863 0.0 1630
1747379809836 0.0 1640
1747379809837 0.0 1640
1747379813787 0.0002 1650
1747379813789 0.0002 1650
1747379817788 0.0001 1660
1747379817789 0.0001 1660
1747379821766 0.0 1670
1747379821766 0.0 1670
1747379825798 0.0001 1680
1747379825799 0.0001 1680
1747379829944 0.0 1690
1747379829946 0.0 1690
1747379834081 0.0 1700
1747379834082 0.0 1700
1747379838360 0.0181 1710
1747379838361 0.0181 1710
1747379842556 0.0 1720
1747379842558 0.0 1720
1747379850023 0.0 1730
1747379850024 0.0 1730
1747379855688 0.0 1740
1747379855689 0.0 1740
1747379859764 0.0 1750
1747379859765 0.0 1750
1747379878948 0.0 1760
1747379878949 0.0 1760
1747379882881 0.0 1770
1747379882881 0.0 1770
1747379886765 0.0 1780
1747379886765 0.0 1780
1747379890669 0.0 1790
1747379890669 0.0 1790
1747379894575 0.0 1800
1747379894575 0.0 1800
1747379898571 0.0 1810
1747379898571 0.0 1810
1747379902553 0.0 1820
1747379902555 0.0 1820
1747379906595 0.0 1830
1747379906596 0.0 1830
1747379910619 0.0 1840
1747379910620 0.0 1840
1747379914675 0.0 1850
1747379914676 0.0 1850
1747379918717 0.0 1860
1747379918718 0.0 1860
1747379922675 0.0 1870
1747379922676 0.0 1870
1747379926599 0.0 1880
1747379926600 0.0 1880
1747379930549 0.0 1890
1747379930549 0.0 1890
1747379934561 0.0002 1900
1747379934562 0.0002 1900
1747379938554 0.0 1910
1747379938555 0.0 1910
1747379942522 0.0 1920
1747379942538 0.0 1920
1747379946479 0.0572 1930
1747379946480 0.0572 1930
1747379950479 0.0001 1940
1747379950479 0.0001 1940
1747379954413 0.0002 1950
1747379954413 0.0002 1950
1747379958384 0.0008 1960
1747379958385 0.0008 1960
1747379963990 0.0 1970
1747379963991 0.0 1970
1747379967919 0.0647 1980
1747379967920 0.0647 1980
1747379971909 0.0 1990
1747379971910 0.0 1990
1747379975911 0.0 2000
1747379975912 0.0 2000
1747379980010 0.0575 2010
1747379980011 0.0575 2010
1747379984030 0.0 2020
1747379984031 0.0 2020
1747379988029 0.0614 2030
1747379988030 0.0614 2030
1747379992054 0.0001 2040
1747379992055 0.0001 2040
1747379996015 0.0575 2050
1747379996016 0.0575 2050
1747380000107 0.0128 2060
1747380000108 0.0128 2060
1747380005744 0.0002 2070
1747380005745 0.0002 2070
1747380009717 0.0 2080
1747380009717 0.0 2080
1747380013625 0.0 2090
1747380013625 0.0 2090
1747380017557 0.0 2100
1747380017557 0.0 2100
1747380021467 0.0 2110
1747380021467 0.0 2110
1747380027094 0.0423 2120
1747380027094 0.0423 2120
1747380031110 0.0001 2130
1747380031111 0.0001 2130
1747380035323 0.0 2140
1747380035324 0.0 2140
1747380039371 0.0 2150
1747380039372 0.0 2150
1747380043513 0.0 2160
1747380043514 0.0 2160
1747380047648 0.0149 2170
1747380047649 0.0149 2170
1747380051672 0.0 2180
1747380051673 0.0 2180
1747380055508 0.0001 2190
1747380055509 0.0001 2190
1747380073374 0.0004 2200
1747380073375 0.0004 2200
1747380079128 0.0 2210
1747380079128 0.0 2210
1747380083128 0.0 2220
1747380083129 0.0 2220
1747380087102 0.0 2230
1747380087103 0.0 2230
1747380091092 0.0 2240
1747380091093 0.0 2240
1747380095086 0.0 2250
1747380095087 0.0 2250
1747380099089 0.0 2260
1747380099090 0.0 2260
1747380103088 0.0 2270
1747380103089 0.0 2270
1747380107086 0.0 2280
1747380107087 0.0 2280
1747380111030 0.0008 2290
1747380111031 0.0008 2290
1747380115038 0.0 2300
1747380115039 0.0 2300
1747380119037 0.0 2310
1747380119038 0.0 2310
1747380122982 0.0 2320
1747380122983 0.0 2320
1747380126918 0.0 2330
1747380126918 0.0 2330
1747380130817 0.0 2340
1747380130818 0.0 2340
1747380134726 0.0 2350
1747380134726 0.0 2350
1747380138646 0.0 2360
1747380138646 0.0 2360
1747380142594 0.0 2370
1747380142595 0.0 2370
1747380146573 0.0 2380
1747380146574 0.0 2380
1747380150587 0.0001 2390
1747380150588 0.0001 2390
1747380154588 0.0 2400
1747380154589 0.0 2400
1747380160247 0.0 2410
1747380160248 0.0 2410
1747380164257 0.0 2420
1747380164258 0.0 2420
1747380168241 0.0 2430
1747380168242 0.0 2430
1747380172220 0.0 2440
1747380172221 0.0 2440
1747380176186 0.0 2450
1747380176187 0.0 2450
1747380180163 0.0 2460
1747380180164 0.0 2460
1747380184160 0.0 2470
1747380184161 0.0 2470
1747380188153 0.0 2480
1747380188154 0.0 2480
1747380192118 0.0 2490
1747380192119 0.0 2490
1747380196129 0.0 2500
1747380196129 0.0 2500
1747380200135 0.0 2510
1747380200136 0.0 2510
1747380204137 0.0 2520
1747380204138 0.0 2520
1747380208132 0.0 2530
1747380208133 0.0 2530
1747380212133 0.0 2540
1747380212134 0.0 2540
1747380217826 0.0 2550
1747380217827 0.0 2550
1747380221809 0.0 2560
1747380221810 0.0 2560
1747380225820 0.0 2570
1747380225821 0.0 2570
1747380229831 0.0 2580
1747380229832 0.0 2580
1747380233830 0.0 2590
1747380233831 0.0 2590
1747380237826 0.0 2600
1747380237827 0.0 2600
1747380241859 0.0 2610
1747380241860 0.0 2610
1747380245885 0.0 2620
1747380245885 0.0 2620
1747380263361 0.0 2630
1747380263362 0.0 2630
1747380267377 0.0 2640
1747380267378 0.0 2640
1747380273097 0.0 2650
1747380273098 0.0 2650
1747380277114 0.0 2660
1747380277115 0.0 2660
1747380281100 0.0 2670
1747380281101 0.0 2670
1747380285103 0.0 2680
1747380285104 0.0 2680
1747380289111 0.0 2690
1747380289112 0.0 2690
1747380293108 0.0 2700
1747380293109 0.0 2700
1747380297070 0.0 2710
1747380297069 0.0 2710
1747380301044 0.0 2720
1747380301045 0.0 2720
1747380305058 0.0 2730
1747380305059 0.0 2730
1747380309075 0.0 2740
1747380309076 0.0 2740
1747380313108 0.0 2750
1747380313109 0.0 2750
1747380317120 0.0 2760
1747380317121 0.0 2760
1747380321106 0.0 2770
1747380321105 0.0 2770
1747380325070 0.0 2780
1747380325071 0.0 2780
1747380329069 0.0 2790
1747380329068 0.0 2790
1747380333040 0.0 2800
1747380333040 0.0 2800
1747380337052 0.0 2810
1747380337052 0.0 2810
1747380341068 0.0 2820
1747380341069 0.0 2820
1747380345084 0.0 2830
1747380345085 0.0 2830
1747380349096 0.0 2840
1747380349097 0.0 2840
1747380353126 0.0 2850
1747380353126 0.0 2850
1747380358825 0.0 2860
1747380358824 0.0 2860
1747380362832 0.0 2870
1747380362832 0.0 2870
1747380366829 0.0 2880
1747380366830 0.0 2880
1747380370841 0.0 2890
1747380370842 0.0 2890
1747380374856 0.0 2900
1747380374857 0.0 2900
1747380378849 0.0 2910
1747380378850 0.0 2910
1747380382859 0.0 2920
1747380382860 0.0 2920
1747380386865 0.0 2930
1747380386866 0.0 2930
1747380390900 0.0 2940
1747380390901 0.0 2940
1747380394849 0.0 2950
1747380394849 0.0 2950
1747380398901 0.0 2960
1747380398902 0.0 2960
1747380402916 0.0 2970
1747380402916 0.0 2970
1747380406924 0.0 2980
1747380406925 0.0 2980
1747380410912 0.0 2990
1747380410913 0.0 2990
1747380414913 0.0 3000
1747380414914 0.0 3000
1747380420593 0.0 3010
1747380420594 0.0 3010
1747380424575 0.0 3020
1747380424576 0.0 3020
1747380428547 0.0 3030
1747380428548 0.0 3030
1747380432548 0.0 3040
1747380432549 0.0 3040
1747380436539 0.0 3050
1747380436540 0.0 3050
1747380440554 0.0 3060
1747380440555 0.0 3060
