1746970430115 0.5555555555555556 10
1746970430116 0.5555555555555556 10
1746970438803 1.0 18
1746970438805 1.0 18
1746970441918 1.1111111111111112 20
1746970441919 1.1111111111111112 20
1746970453097 1.6666666666666665 30
1746970453096 1.6666666666666665 30
1746970458577 2.0 36
1746970458578 2.0 36
1746970464200 2.2222222222222223 40
1746970464204 2.2222222222222223 40
1746970472899 2.7777777777777777 50
1746970472900 2.7777777777777777 50
1746970478443 3.0 54
1746970478443 3.0 54
1746970487878 3.3333333333333335 60
1746970487878 3.3333333333333335 60
1746970497483 3.888888888888889 70
1746970497483 3.888888888888889 70
1746970501580 4.0 72
1746970501580 4.0 72
1746970511734 4.444444444444445 80
1746970511737 4.444444444444445 80
1746970523986 5.0 90
1746970523986 5.0 90
1746970524941 5.0 90
1746970524942 5.0 90
1746970526470 5.0 90
1746970526470 5.0 90
