1746970430115 4.228302001953125 10
1746970430116 4.228302001953125 10
1746970441918 9.291144371032715 20
1746970441919 9.291144371032715 20
1746970453097 4.315123558044434 30
1746970453096 4.315123558044434 30
1746970464200 4.220074653625488 40
1746970464204 4.220074653625488 40
1746970472899 5.592740058898926 50
1746970472900 5.592740058898926 50
1746970487878 5.9660139083862305 60
1746970487878 5.9660139083862305 60
1746970497483 4.4306840896606445 70
1746970497483 4.4306840896606445 70
1746970511734 7.487081050872803 80
1746970511737 7.487081050872803 80
1746970523986 7.090147018432617 90
1746970523986 7.090147018432617 90
