1746970430115 4.4444444444444447e-05 10
1746970430116 4.4444444444444447e-05 10
1746970441918 3.888888888888889e-05 20
1746970441919 3.888888888888889e-05 20
1746970453097 3.3333333333333335e-05 30
1746970453096 3.3333333333333335e-05 30
1746970464200 2.777777777777778e-05 40
1746970464204 2.777777777777778e-05 40
1746970472899 2.2222222222222223e-05 50
1746970472900 2.2222222222222223e-05 50
1746970487878 1.6666666666666667e-05 60
1746970487878 1.6666666666666667e-05 60
1746970497483 1.1111111111111112e-05 70
1746970497483 1.1111111111111112e-05 70
1746970511734 5.555555555555556e-06 80
1746970511737 5.555555555555556e-06 80
1746970523986 0.0 90
1746970523986 0.0 90
