1744277055053 3.40157413482666 10
1744277055054 3.40157413482666 10
1744277061740 2.6246988773345947 20
1744277061743 2.6246988773345947 20
1744277065909 7.950047016143799 30
1744277065910 7.950047016143799 30
1744277069837 10.958465576171875 40
1744277069838 10.958465576171875 40
1744277073841 1.822571039199829 50
1744277073842 1.822571039199829 50
1744277077700 5.655061721801758 60
1744277077701 5.655061721801758 60
1744277081561 1.8043004274368286 70
1744277081562 1.8043004274368286 70
1744277085433 4.312567234039307 80
1744277085434 4.312567234039307 80
1744277089356 12.881739616394043 90
1744277089357 12.881739616394043 90
1744277093226 2.3272182941436768 100
1744277093227 2.3272182941436768 100
1744277098606 3.0651395320892334 110
1744277098607 3.0651395320892334 110
1744277102530 1.8430510759353638 120
1744277102531 1.8430510759353638 120
1744277108025 2.289991855621338 130
1744277108025 2.289991855621338 130
1744277111908 5.41895055770874 140
1744277111909 5.41895055770874 140
1744277115800 2.949680805206299 150
1744277115801 2.949680805206299 150
1744277119727 10.526141166687012 160
1744277119726 10.526141166687012 160
1744277125238 10.512115478515625 170
1744277125238 10.512115478515625 170
1744277133683 19.498271942138672 180
1744277133682 19.498271942138672 180
1744277137627 6.265418529510498 190
1744277137628 6.265418529510498 190
1744277141578 12.999363899230957 200
1744277141578 12.999363899230957 200
1744277146833 16.296703338623047 210
1744277146834 16.296703338623047 210
1744277152488 16.897104263305664 220
1744277152489 16.897104263305664 220
1744277158064 4.317577838897705 230
1744277158064 4.317577838897705 230
1744277162024 26.802366256713867 240
1744277162025 26.802366256713867 240
1744277167340 22.018836975097656 250
1744277167343 22.018836975097656 250
1744277171530 28.937522888183594 260
1744277171531 28.937522888183594 260
1744277177161 18.96030044555664 270
1744277177162 18.96030044555664 270
1744277181137 17.588369369506836 280
1744277181138 17.588369369506836 280
1744277185151 5.210987567901611 290
1744277185152 5.210987567901611 290
1744277190785 5.159191608428955 300
1744277190785 5.159191608428955 300
1744277196145 0.2903628349304199 310
1744277196145 0.2903628349304199 310
1744277200210 4.178161144256592 320
1744277200212 4.178161144256592 320
1744277204211 1.1857094764709473 330
1744277204213 1.1857094764709473 330
1744277208247 20.3557186126709 340
1744277208248 20.3557186126709 340
1744277212282 2.1810238361358643 350
1744277212282 2.1810238361358643 350
1744277222641 12.014015197753906 360
1744277222642 12.014015197753906 360
1744277226669 0.31983765959739685 370
1744277226669 0.31983765959739685 370
1744277232303 0.14533504843711853 380
1744277232304 0.14533504843711853 380
1744277236358 0.4294877052307129 390
1744277236359 0.4294877052307129 390
1744277240442 3.7234385013580322 400
1744277240443 3.7234385013580322 400
1744277247660 0.09406958520412445 410
1744277247662 0.09406958520412445 410
1744277253377 0.6010316014289856 420
1744277253377 0.6010316014289856 420
1744277257442 6.246919631958008 430
1744277257443 6.246919631958008 430
1744277261534 0.39089199900627136 440
1744277261535 0.39089199900627136 440
1744277265625 23.699092864990234 450
1744277265626 23.699092864990234 450
1744277274577 7.1501688957214355 460
1744277274578 7.1501688957214355 460
1744277278718 0.23485665023326874 470
1744277278717 0.23485665023326874 470
1744277282964 9.22347640991211 480
1744277282965 9.22347640991211 480
1744277287107 0.7095721364021301 490
1744277287108 0.7095721364021301 490
1744277291265 0.2968701720237732 500
1744277291266 0.2968701720237732 500
1744277296856 4.202565670013428 510
1744277296855 4.202565670013428 510
1744277300956 16.02825927734375 520
1744277300957 16.02825927734375 520
1744277305028 10.872451782226562 530
1744277305029 10.872451782226562 530
