1744277055053 0.6086 10
1744277055054 0.6086 10
1744277061740 0.6619 20
1744277061743 0.6619 20
1744277065909 0.6087 30
1744277065910 0.6087 30
1744277069837 0.5678 40
1744277069838 0.5678 40
1744277073841 0.7321 50
1744277073842 0.7321 50
1744277077700 0.559 60
1744277077701 0.559 60
1744277081561 0.6982 70
1744277081562 0.6982 70
1744277085433 0.7379 80
1744277085434 0.7379 80
1744277089356 0.6239 90
1744277089357 0.6239 90
1744277093226 0.6556 100
1744277093227 0.6556 100
1744277098606 0.6652 110
1744277098607 0.6652 110
1744277102530 0.5691 120
1744277102531 0.5691 120
1744277108025 0.6682 130
1744277108025 0.6682 130
1744277111908 0.6218 140
1744277111909 0.6218 140
1744277115800 0.6592 150
1744277115801 0.6592 150
1744277119727 0.5395 160
1744277119726 0.5395 160
1744277125238 0.4269 170
1744277125238 0.4269 170
1744277133683 0.6861 180
1744277133682 0.6861 180
1744277137627 0.4921 190
1744277137628 0.4921 190
1744277141578 0.4725 200
1744277141578 0.4725 200
1744277146833 0.3632 210
1744277146834 0.3632 210
1744277152488 0.4385 220
1744277152489 0.4385 220
1744277158064 0.3562 230
1744277158064 0.3562 230
1744277162024 0.3272 240
1744277162025 0.3272 240
1744277167340 0.3981 250
1744277167343 0.3981 250
1744277171530 0.456 260
1744277171531 0.456 260
1744277177161 0.4591 270
1744277177162 0.4591 270
1744277181137 0.3708 280
1744277181138 0.3708 280
1744277185151 0.3943 290
1744277185152 0.3943 290
1744277190785 0.2697 300
1744277190785 0.2697 300
1744277196145 0.3045 310
1744277196145 0.3045 310
1744277200210 0.4198 320
1744277200212 0.4198 320
1744277204211 0.3341 330
1744277204213 0.3341 330
1744277208247 0.6792 340
1744277208248 0.6792 340
1744277212282 0.2722 350
1744277212282 0.2722 350
1744277222641 0.2339 360
1744277222642 0.2339 360
1744277226669 0.1373 370
1744277226669 0.1373 370
1744277232303 0.1931 380
1744277232304 0.1931 380
1744277236358 0.1996 390
1744277236359 0.1996 390
1744277240442 0.2437 400
1744277240443 0.2437 400
1744277247660 0.2213 410
1744277247662 0.2213 410
1744277253377 0.2799 420
1744277253377 0.2799 420
1744277257442 0.3059 430
1744277257443 0.3059 430
1744277261534 0.1031 440
1744277261535 0.1031 440
1744277265625 0.1871 450
1744277265626 0.1871 450
1744277274577 0.3429 460
1744277274578 0.3429 460
1744277278717 0.1705 470
1744277278718 0.1705 470
1744277282964 0.3069 480
1744277282965 0.3069 480
1744277287107 0.2172 490
1744277287108 0.2172 490
1744277291265 0.0904 500
1744277291266 0.0904 500
1744277296855 0.1788 510
1744277296856 0.1788 510
1744277300956 0.2315 520
1744277300957 0.2315 520
1744277305028 0.0715 530
1744277305029 0.0715 530
