1744277313138 560426547916800.0 534
1744277313140 560426547916800.0 534
1744286830981 560426547916800.0 534
1744286830988 560426547916800.0 534
1744286962445 560426547916800.0 534
1744286962451 560426547916800.0 534
1744288253030 560426547916800.0 534
1744288253036 560426547916800.0 534
1744288318412 560426547916800.0 534
1744288318417 560426547916800.0 534
1744288905032 560426547916800.0 534
1744288905037 560426547916800.0 534
1744289677848 560426547916800.0 534
1744289711965 560426547916800.0 534
1744290701638 560426547916800.0 534
1744290701643 560426547916800.0 534
1744291076338 560426547916800.0 534
1744291076340 560426547916800.0 534
1744291340880 560426547916800.0 534
1744291340887 560426547916800.0 534
1744291579556 560426547916800.0 534
1744291579563 560426547916800.0 534
1744291746164 560426547916800.0 534
1744291746169 560426547916800.0 534
1744291798153 560426547916800.0 534
1744291798157 560426547916800.0 534
1744291877489 560426547916800.0 534
1744291877493 560426547916800.0 534
