1744277313138 2.037 534
1744277313140 2.037 534
1744286830981 19741.903 534
1744286830988 19741.903 534
1744286962445 22247.413 534
1744286962451 22247.413 534
1744288253030 11238.012 534
1744288253036 11238.012 534
1744288318412 19405.456 534
1744288318417 19405.456 534
1744288905032 18968.625 534
1744288905037 18968.625 534
1744289677848 19337.434 534
1744289711965 17224.803 534
1744290701638 19611.908 534
1744290701643 19611.908 534
1744291076338 8899.089 534
1744291076340 8899.089 534
1744291340880 21480.99 534
1744291340887 21480.99 534
1744291579556 19061.611 534
1744291579563 19061.611 534
1744291746164 20000.164 534
1744291746169 20000.164 534
1744291798153 20297.41 534
1744291798157 20297.41 534
1744291877489 20531.477 534
1744291877493 20531.477 534
