1744277313138 16.249 534
1744277313140 16.249 534
1744286830981 157491.583 534
1744286830988 157491.583 534
1744286962445 177479.365 534
1744286962451 177479.365 534
1744288253030 89651.559 534
1744288253036 89651.559 534
1744288318412 154807.571 534
1744288318417 154807.571 534
1744288905032 151322.739 534
1744288905037 151322.739 534
1744289677848 154264.926 534
1744289711965 137411.348 534
1744290701638 156454.547 534
1744290701643 156454.547 534
1744291076338 70992.733 534
1744291076340 70992.733 534
1744291340880 171365.197 534
1744291340887 171365.197 534
1744291579556 152064.536 534
1744291579563 152064.536 534
1744291746164 159551.868 534
1744291746169 159551.868 534
1744291798153 161923.161 534
1744291798157 161923.161 534
1744291877489 163790.438 534
1744291877493 163790.438 534
