1747423582436 0.22727272727272727 10
1747423582435 0.22727272727272727 10
1747423586575 0.45454545454545453 20
1747423586575 0.45454545454545453 20
1747423590735 0.6818181818181818 30
1747423590735 0.6818181818181818 30
1747423594918 0.9090909090909091 40
1747423594920 0.9090909090909091 40
1747423597613 1.0 44
1747423597615 1.0 44
1747423602638 1.1363636363636362 50
1747423602639 1.1363636363636362 50
1747423608536 1.3636363636363638 60
1747423608536 1.3636363636363638 60
1747423614409 1.5909090909090908 70
1747423614410 1.5909090909090908 70
1747423618604 1.8181818181818183 80
1747423618605 1.8181818181818183 80
1747423623015 2.0 88
1747423623016 2.0 88
1747423626227 2.0454545454545454 90
1747423626228 2.0454545454545454 90
1747423630512 2.2727272727272725 100
1747423630513 2.2727272727272725 100
1747423634847 2.5 110
1747423634848 2.5 110
1747423639179 2.7272727272727275 120
1747423639179 2.7272727272727275 120
1747423646807 2.9545454545454546 130
1747423646807 2.9545454545454546 130
1747423648700 3.0 132
1747423648700 3.0 132
1747423654771 3.1818181818181817 140
1747423654773 3.1818181818181817 140
1747423659096 3.409090909090909 150
1747423659097 3.409090909090909 150
1747423663511 3.6363636363636362 160
1747423663511 3.6363636363636362 160
1747423667850 3.8636363636363638 170
1747423667851 3.8636363636363638 170
1747423671507 4.0 176
1747423671508 4.0 176
1747423675771 4.090909090909091 180
1747423675771 4.090909090909091 180
1747423680111 4.318181818181818 190
1747423680112 4.318181818181818 190
1747423684462 4.545454545454545 200
1747423684462 4.545454545454545 200
1747423688816 4.7727272727272725 210
1747423688817 4.7727272727272725 210
1747423692981 5.0 220
1747423692982 5.0 220
1747423694233 5.0 220
1747423694234 5.0 220
1747423701151 5.2272727272727275 230
1747423701152 5.2272727272727275 230
1747423705501 5.454545454545454 240
1747423705501 5.454545454545454 240
1747423709891 5.681818181818182 250
1747423709892 5.681818181818182 250
1747423714244 5.909090909090909 260
1747423714245 5.909090909090909 260
1747423718684 6.0 264
1747423718684 6.0 264
1747423723760 6.136363636363637 270
1747423723760 6.136363636363637 270
1747423728186 6.363636363636363 280
1747423728187 6.363636363636363 280
1747423732603 6.590909090909091 290
1747423732604 6.590909090909091 290
1747423736979 6.818181818181818 300
1747423736980 6.818181818181818 300
1747423741548 7.0 308
1747423741549 7.0 308
1747423744074 7.0 308
1747423744075 7.0 308
