1747423582436 48.5905647277832 10
1747423582435 48.5905647277832 10
1747423586575 14.946257591247559 20
1747423586575 14.946257591247559 20
1747423590735 51.09479904174805 30
1747423590735 51.09479904174805 30
1747423594918 18.65566635131836 40
1747423594920 18.65566635131836 40
1747423602638 4.915294647216797 50
1747423602639 4.915294647216797 50
1747423608536 3.8576440811157227 60
1747423608536 3.8576440811157227 60
1747423614409 21.36382293701172 70
1747423614410 21.36382293701172 70
1747423618604 16.8460636138916 80
1747423618605 16.8460636138916 80
1747423626227 41.73823165893555 90
1747423626228 41.73823165893555 90
1747423630512 42.939788818359375 100
1747423630513 42.939788818359375 100
1747423634847 12.904080390930176 110
1747423634848 12.904080390930176 110
1747423639179 53.10386657714844 120
1747423639179 53.10386657714844 120
1747423646807 28.507076263427734 130
1747423646807 28.507076263427734 130
1747423654771 12.906513214111328 140
1747423654773 12.906513214111328 140
1747423659096 8.551348686218262 150
1747423659097 8.551348686218262 150
1747423663511 18.641305923461914 160
1747423663511 18.641305923461914 160
1747423667850 16.99320411682129 170
1747423667851 16.99320411682129 170
1747423675771 21.972421646118164 180
1747423675771 21.972421646118164 180
1747423680111 8.036109924316406 190
1747423680112 8.036109924316406 190
1747423684462 12.801828384399414 200
1747423684462 12.801828384399414 200
1747423688816 4.744148254394531 210
1747423688817 4.744148254394531 210
1747423692981 19.571218490600586 220
1747423692982 19.571218490600586 220
1747423701151 25.842411041259766 230
1747423701152 25.842411041259766 230
1747423705501 1.1265572309494019 240
1747423705501 1.1265572309494019 240
1747423709891 32.3150749206543 250
1747423709892 32.3150749206543 250
1747423714244 3.9451518058776855 260
1747423714245 3.9451518058776855 260
1747423723760 24.149032592773438 270
1747423723760 24.149032592773438 270
1747423728186 15.433487892150879 280
1747423728187 15.433487892150879 280
1747423732603 13.698490142822266 290
1747423732604 13.698490142822266 290
1747423736979 0.698872447013855 300
1747423736980 0.698872447013855 300
