1747423582436 4.886363636363637e-05 10
1747423582435 4.886363636363637e-05 10
1747423586575 4.772727272727273e-05 20
1747423586575 4.772727272727273e-05 20
1747423590735 4.659090909090909e-05 30
1747423590735 4.659090909090909e-05 30
1747423594918 4.545454545454546e-05 40
1747423594920 4.545454545454546e-05 40
1747423602638 4.431818181818182e-05 50
1747423602639 4.431818181818182e-05 50
1747423608536 4.318181818181819e-05 60
1747423608536 4.318181818181819e-05 60
1747423614409 4.204545454545455e-05 70
1747423614410 4.204545454545455e-05 70
1747423618604 4.0909090909090915e-05 80
1747423618605 4.0909090909090915e-05 80
1747423626227 3.9772727272727275e-05 90
1747423626228 3.9772727272727275e-05 90
1747423630512 3.8636363636363636e-05 100
1747423630513 3.8636363636363636e-05 100
1747423634847 3.7500000000000003e-05 110
1747423634848 3.7500000000000003e-05 110
1747423639179 3.6363636363636364e-05 120
1747423639179 3.6363636363636364e-05 120
1747423646807 3.522727272727273e-05 130
1747423646807 3.522727272727273e-05 130
1747423654771 3.409090909090909e-05 140
1747423654773 3.409090909090909e-05 140
1747423659096 3.295454545454545e-05 150
1747423659097 3.295454545454545e-05 150
1747423663511 3.181818181818182e-05 160
1747423663511 3.181818181818182e-05 160
1747423667850 3.068181818181818e-05 170
1747423667851 3.068181818181818e-05 170
1747423675771 2.954545454545455e-05 180
1747423675771 2.954545454545455e-05 180
1747423680111 2.8409090909090912e-05 190
1747423680112 2.8409090909090912e-05 190
1747423684462 2.7272727272727273e-05 200
1747423684462 2.7272727272727273e-05 200
1747423688816 2.6136363636363637e-05 210
1747423688817 2.6136363636363637e-05 210
1747423692981 2.5e-05 220
1747423692982 2.5e-05 220
1747423701151 2.3863636363636365e-05 230
1747423701152 2.3863636363636365e-05 230
1747423705501 2.272727272727273e-05 240
1747423705501 2.272727272727273e-05 240
1747423709891 2.1590909090909093e-05 250
1747423709892 2.1590909090909093e-05 250
1747423714244 2.0454545454545457e-05 260
1747423714245 2.0454545454545457e-05 260
1747423723760 1.9318181818181818e-05 270
1747423723760 1.9318181818181818e-05 270
1747423728186 1.8181818181818182e-05 280
1747423728187 1.8181818181818182e-05 280
1747423732603 1.7045454545454546e-05 290
1747423732604 1.7045454545454546e-05 290
1747423736979 1.590909090909091e-05 300
1747423736980 1.590909090909091e-05 300
