1747423582436 0.7507 10
1747423582435 0.7507 10
1747423586575 0.7345 20
1747423586575 0.7345 20
1747423590735 0.679 30
1747423590735 0.679 30
1747423594918 0.7091 40
1747423594920 0.7091 40
1747423602638 0.651 50
1747423602639 0.651 50
1747423608536 0.5665 60
1747423608536 0.5665 60
1747423614409 0.5738 70
1747423614410 0.5738 70
1747423618604 0.483 80
1747423618605 0.483 80
1747423626227 0.4536 90
1747423626228 0.4536 90
1747423630512 0.3468 100
1747423630513 0.3468 100
1747423634847 0.2972 110
1747423634848 0.2972 110
1747423639179 0.4904 120
1747423639179 0.4904 120
1747423646807 0.3573 130
1747423646807 0.3573 130
1747423654771 0.2658 140
1747423654773 0.2658 140
1747423659096 0.3183 150
1747423659097 0.3183 150
1747423663511 0.3654 160
1747423663511 0.3654 160
1747423667850 0.2924 170
1747423667851 0.2924 170
1747423675771 0.2514 180
1747423675771 0.2514 180
1747423680111 0.1522 190
1747423680112 0.1522 190
1747423684462 0.1416 200
1747423684462 0.1416 200
1747423688816 0.2846 210
1747423688817 0.2846 210
1747423692981 0.2752 220
1747423692982 0.2752 220
1747423701151 0.193 230
1747423701152 0.193 230
1747423705501 0.112 240
1747423705501 0.112 240
1747423709891 0.2633 250
1747423709892 0.2633 250
1747423714244 0.1744 260
1747423714245 0.1744 260
1747423723760 0.1406 270
1747423723760 0.1406 270
1747423728186 0.0791 280
1747423728187 0.0791 280
1747423732603 0.1362 290
1747423732604 0.1362 290
1747423736979 0.0162 300
1747423736980 0.0162 300
