1746984019446 1.0 9
1746984026330 1.1111111111111112 10
1746984026330 1.1111111111111112 10
1746984077369 2.0 18
1746984077370 2.0 18
1746984089225 2.2222222222222223 20
1746984089227 2.2222222222222223 20
1746984133235 3.0 27
1746984133236 3.0 27
1746984149782 3.3333333333333335 30
1746984149783 3.3333333333333335 30
1746984183743 4.0 36
1746984183744 4.0 36
1746984202983 4.444444444444445 40
1746984202984 4.444444444444445 40
1746984233731 5.0 45
1746984233730 5.0 45
1746984259657 5.555555555555555 50
1746984259657 5.555555555555555 50
1746984292312 6.0 54
1746984292313 6.0 54
1746984324862 6.666666666666667 60
1746984324864 6.666666666666667 60
1746984349803 7.0 63
1746984349804 7.0 63
1746984351580 7.0 63
1746984351581 7.0 63
