1747376079825 0.11235955056179775 10
1747376079825 0.11235955056179775 10
1747376087405 0.2247191011235955 20
1747376087421 0.2247191011235955 20
1747376095029 0.33707865168539325 30
1747376095027 0.33707865168539325 30
1747376102631 0.449438202247191 40
1747376102631 0.449438202247191 40
1747376110282 0.5617977528089888 50
1747376110282 0.5617977528089888 50
1747376118041 0.6741573033707865 60
1747376118041 0.6741573033707865 60
1747376127396 0.7865168539325843 70
1747376127397 0.7865168539325843 70
1747376134977 0.898876404494382 80
1747376134977 0.898876404494382 80
1747376146057 1.0 89
1747376146057 1.0 89
1747376148257 1.0112359550561798 90
1747376148257 1.0112359550561798 90
1747376159185 1.1235955056179776 100
1747376159185 1.1235955056179776 100
1747376168362 1.2359550561797752 110
1747376168362 1.2359550561797752 110
1747376177887 1.348314606741573 120
1747376177888 1.348314606741573 120
1747376185394 1.4606741573033708 130
1747376185394 1.4606741573033708 130
1747376194770 1.5730337078651684 140
1747376194771 1.5730337078651684 140
1747376202315 1.6853932584269664 150
1747376202315 1.6853932584269664 150
1747376209831 1.797752808988764 160
1747376209831 1.797752808988764 160
1747376217567 1.9101123595505618 170
1747376217567 1.9101123595505618 170
1747376228031 2.0 178
1747376228031 2.0 178
1747376231398 2.0224719101123596 180
1747376231398 2.0224719101123596 180
1747376240751 2.134831460674157 190
1747376240753 2.134831460674157 190
1747376248451 2.247191011235955 200
1747376248451 2.247191011235955 200
1747376256246 2.359550561797753 210
1747376256246 2.359550561797753 210
1747376263868 2.4719101123595504 220
1747376263869 2.4719101123595504 220
1747376273267 2.5842696629213484 230
1747376273268 2.5842696629213484 230
1747376280953 2.696629213483146 240
1747376280954 2.696629213483146 240
1747376288651 2.808988764044944 250
1747376288651 2.808988764044944 250
1747376296382 2.9213483146067416 260
1747376296381 2.9213483146067416 260
1747376306293 3.0 267
1747376306293 3.0 267
1747376311905 3.033707865168539 270
1747376311905 3.033707865168539 270
1747376319668 3.146067415730337 280
1747376319668 3.146067415730337 280
1747376327321 3.258426966292135 290
1747376327321 3.258426966292135 290
1747376335101 3.370786516853933 300
1747376335103 3.370786516853933 300
1747376344354 3.4831460674157304 310
1747376344355 3.4831460674157304 310
1747376351927 3.595505617977528 320
1747376351927 3.595505617977528 320
1747376362097 3.7078651685393256 330
1747376362097 3.7078651685393256 330
1747376370355 3.8202247191011236 340
1747376370355 3.8202247191011236 340
1747376379592 3.932584269662921 350
1747376379592 3.932584269662921 350
1747376391851 4.0 356
1747376391851 4.0 356
1747376396291 4.044943820224719 360
1747376396291 4.044943820224719 360
1747376405510 4.157303370786517 370
1747376405510 4.157303370786517 370
1747376413067 4.269662921348314 380
1747376413067 4.269662921348314 380
1747376423875 4.382022471910112 390
1747376423875 4.382022471910112 390
1747376434673 4.49438202247191 400
1747376434675 4.49438202247191 400
1747376442243 4.606741573033708 410
1747376442243 4.606741573033708 410
1747376449996 4.719101123595506 420
1747376449996 4.719101123595506 420
1747376457762 4.831460674157303 430
1747376457762 4.831460674157303 430
1747376465528 4.943820224719101 440
1747376465528 4.943820224719101 440
1747376474268 5.0 445
1747376474269 5.0 445
1747376476155 5.0 445
1747376476155 5.0 445
