1747376079825 2.5685644149780273 10
1747376079825 2.5685644149780273 10
1747376087405 3.1795036792755127 20
1747376087421 3.1795036792755127 20
1747376095029 3.571990489959717 30
1747376095027 3.571990489959717 30
1747376102631 4.360636234283447 40
1747376102631 4.360636234283447 40
1747376110282 4.780205726623535 50
1747376110282 4.780205726623535 50
1747376118041 4.494384288787842 60
1747376118041 4.494384288787842 60
1747376127396 8.23454761505127 70
1747376127397 8.23454761505127 70
1747376134977 5.398476600646973 80
1747376134977 5.398476600646973 80
1747376148257 7.426000595092773 90
1747376148257 7.426000595092773 90
1747376159185 8.347434043884277 100
1747376159185 8.347434043884277 100
1747376168362 16.658119201660156 110
1747376168362 16.658119201660156 110
1747376177887 15.575920104980469 120
1747376177888 15.575920104980469 120
1747376185394 7.519509792327881 130
1747376185394 7.519509792327881 130
1747376194770 10.127297401428223 140
1747376194771 10.127297401428223 140
1747376202315 6.912461757659912 150
1747376202315 6.912461757659912 150
1747376209831 6.172110557556152 160
1747376209831 6.172110557556152 160
1747376217567 8.086609840393066 170
1747376217567 8.086609840393066 170
1747376231398 6.430330753326416 180
1747376231398 6.430330753326416 180
1747376240751 13.316473960876465 190
1747376240753 13.316473960876465 190
1747376248451 11.334789276123047 200
1747376248451 11.334789276123047 200
1747376256246 1.6862847805023193 210
1747376256246 1.6862847805023193 210
1747376263868 9.973609924316406 220
1747376263869 9.973609924316406 220
1747376273267 14.518245697021484 230
1747376273268 14.518245697021484 230
1747376280953 3.5501859188079834 240
1747376280954 3.5501859188079834 240
1747376288651 3.449686288833618 250
1747376288651 3.449686288833618 250
1747376296382 2.6429030895233154 260
1747376296381 2.6429030895233154 260
1747376311905 5.293163776397705 270
1747376311905 5.293163776397705 270
1747376319668 11.464446067810059 280
1747376319668 11.464446067810059 280
1747376327321 10.40312385559082 290
1747376327321 10.40312385559082 290
1747376335101 10.093496322631836 300
1747376335103 10.093496322631836 300
1747376344354 3.044187307357788 310
1747376344355 3.044187307357788 310
1747376351927 9.719719886779785 320
1747376351927 9.719719886779785 320
1747376362097 3.1550309658050537 330
1747376362097 3.1550309658050537 330
1747376370355 16.41147232055664 340
1747376370355 16.41147232055664 340
1747376379592 16.548145294189453 350
1747376379592 16.548145294189453 350
1747376396291 9.772029876708984 360
1747376396291 9.772029876708984 360
1747376405510 3.918192148208618 370
1747376405510 3.918192148208618 370
1747376413067 0.4834822118282318 380
1747376413067 0.4834822118282318 380
1747376423875 0.35570600628852844 390
1747376423875 0.35570600628852844 390
1747376434673 25.28679656982422 400
1747376434675 25.28679656982422 400
1747376442243 3.945969820022583 410
1747376442243 3.945969820022583 410
1747376449996 0.21121394634246826 420
1747376449996 0.21121394634246826 420
1747376457762 0.18863815069198608 430
1747376457762 0.18863815069198608 430
1747376465528 2.265366315841675 440
1747376465528 2.265366315841675 440
