1747376079825 9.887640449438202e-06 10
1747376079825 9.887640449438202e-06 10
1747376087405 9.775280898876405e-06 20
1747376087421 9.775280898876405e-06 20
1747376095029 9.662921348314608e-06 30
1747376095027 9.662921348314608e-06 30
1747376102631 9.55056179775281e-06 40
1747376102631 9.55056179775281e-06 40
1747376110282 9.438202247191012e-06 50
1747376110282 9.438202247191012e-06 50
1747376118041 9.325842696629213e-06 60
1747376118041 9.325842696629213e-06 60
1747376127396 9.213483146067417e-06 70
1747376127397 9.213483146067417e-06 70
1747376134977 9.101123595505619e-06 80
1747376134977 9.101123595505619e-06 80
1747376148257 8.988764044943822e-06 90
1747376148257 8.988764044943822e-06 90
1747376159185 8.876404494382023e-06 100
1747376159185 8.876404494382023e-06 100
1747376168362 8.764044943820226e-06 110
1747376168362 8.764044943820226e-06 110
1747376177887 8.651685393258428e-06 120
1747376177888 8.651685393258428e-06 120
1747376185394 8.53932584269663e-06 130
1747376185394 8.53932584269663e-06 130
1747376194770 8.426966292134832e-06 140
1747376194771 8.426966292134832e-06 140
1747376202315 8.314606741573035e-06 150
1747376202315 8.314606741573035e-06 150
1747376209831 8.202247191011237e-06 160
1747376209831 8.202247191011237e-06 160
1747376217567 8.08988764044944e-06 170
1747376217567 8.08988764044944e-06 170
1747376231398 7.97752808988764e-06 180
1747376231398 7.97752808988764e-06 180
1747376240751 7.865168539325843e-06 190
1747376240753 7.865168539325843e-06 190
1747376248451 7.752808988764046e-06 200
1747376248451 7.752808988764046e-06 200
1747376256246 7.640449438202247e-06 210
1747376256246 7.640449438202247e-06 210
1747376263868 7.5280898876404495e-06 220
1747376263869 7.5280898876404495e-06 220
1747376273267 7.415730337078652e-06 230
1747376273268 7.415730337078652e-06 230
1747376280953 7.303370786516854e-06 240
1747376280954 7.303370786516854e-06 240
1747376288651 7.191011235955056e-06 250
1747376288651 7.191011235955056e-06 250
1747376296382 7.078651685393258e-06 260
1747376296381 7.078651685393258e-06 260
1747376311905 6.966292134831461e-06 270
1747376311905 6.966292134831461e-06 270
1747376319668 6.853932584269663e-06 280
1747376319668 6.853932584269663e-06 280
1747376327321 6.741573033707865e-06 290
1747376327321 6.741573033707865e-06 290
1747376335101 6.629213483146067e-06 300
1747376335103 6.629213483146067e-06 300
1747376344354 6.51685393258427e-06 310
1747376344355 6.51685393258427e-06 310
1747376351927 6.404494382022472e-06 320
1747376351927 6.404494382022472e-06 320
1747376362097 6.292134831460674e-06 330
1747376362097 6.292134831460674e-06 330
1747376370355 6.179775280898876e-06 340
1747376370355 6.179775280898876e-06 340
1747376379592 6.06741573033708e-06 350
1747376379592 6.06741573033708e-06 350
1747376396291 5.955056179775281e-06 360
1747376396291 5.955056179775281e-06 360
1747376405510 5.842696629213483e-06 370
1747376405510 5.842696629213483e-06 370
1747376413067 5.730337078651685e-06 380
1747376413067 5.730337078651685e-06 380
1747376423875 5.617977528089889e-06 390
1747376423875 5.617977528089889e-06 390
1747376434673 5.50561797752809e-06 400
1747376434675 5.50561797752809e-06 400
1747376442243 5.393258426966292e-06 410
1747376442243 5.393258426966292e-06 410
1747376449996 5.280898876404494e-06 420
1747376449996 5.280898876404494e-06 420
1747376457762 5.168539325842698e-06 430
1747376457762 5.168539325842698e-06 430
1747376465528 5.0561797752809e-06 440
1747376465528 5.0561797752809e-06 440
