1747376079825 0.5925 10
1747376079825 0.5925 10
1747376087405 0.6535 20
1747376087421 0.6535 20
1747376095029 0.5958 30
1747376095027 0.5958 30
1747376102631 0.5706 40
1747376102631 0.5706 40
1747376110282 0.5472 50
1747376110282 0.5472 50
1747376118041 0.5314 60
1747376118041 0.5314 60
1747376127396 0.4238 70
1747376127397 0.4238 70
1747376134977 0.3838 80
1747376134977 0.3838 80
1747376148257 0.4665 90
1747376148257 0.4665 90
1747376159185 0.3516 100
1747376159185 0.3516 100
1747376168362 0.3679 110
1747376168362 0.3679 110
1747376177887 0.2883 120
1747376177888 0.2883 120
1747376185394 0.3744 130
1747376185394 0.3744 130
1747376194770 0.2915 140
1747376194771 0.2915 140
1747376202315 0.3429 150
1747376202315 0.3429 150
1747376209831 0.3494 160
1747376209831 0.3494 160
1747376217567 0.3246 170
1747376217567 0.3246 170
1747376231398 0.2685 180
1747376231398 0.2685 180
1747376240751 0.2745 190
1747376240753 0.2745 190
1747376248451 0.1862 200
1747376248451 0.1862 200
1747376256246 0.2202 210
1747376256246 0.2202 210
1747376263868 0.2211 220
1747376263869 0.2211 220
1747376273267 0.1999 230
1747376273268 0.1999 230
1747376280953 0.172 240
1747376280954 0.172 240
1747376288651 0.1634 250
1747376288651 0.1634 250
1747376296382 0.1896 260
1747376296381 0.1896 260
1747376311905 0.0874 270
1747376311905 0.0874 270
1747376319668 0.139 280
1747376319668 0.139 280
1747376327321 0.1708 290
1747376327321 0.1708 290
1747376335101 0.1212 300
1747376335103 0.1212 300
1747376344354 0.0914 310
1747376344355 0.0914 310
1747376351927 0.1675 320
1747376351927 0.1675 320
1747376362097 0.1383 330
1747376362097 0.1383 330
1747376370355 0.1531 340
1747376370355 0.1531 340
1747376379592 0.1029 350
1747376379592 0.1029 350
1747376396291 0.1222 360
1747376396291 0.1222 360
1747376405510 0.0732 370
1747376405510 0.0732 370
1747376413067 0.0283 380
1747376413067 0.0283 380
1747376423875 0.0942 390
1747376423875 0.0942 390
1747376434673 0.1049 400
1747376434675 0.1049 400
1747376442243 0.0594 410
1747376442243 0.0594 410
1747376449996 0.0752 420
1747376449996 0.0752 420
1747376457762 0.0483 430
1747376457762 0.0483 430
1747376465528 0.0377 440
1747376465528 0.0377 440
