1747374724624 0.11235955056179775 10
1747374724625 0.11235955056179775 10
1747374729671 0.2247191011235955 20
1747374729675 0.2247191011235955 20
1747374733823 0.33707865168539325 30
1747374733824 0.33707865168539325 30
1747374739312 0.449438202247191 40
1747374739312 0.449438202247191 40
1747374743106 0.5617977528089888 50
1747374743107 0.5617977528089888 50
1747374746918 0.6741573033707865 60
1747374746919 0.6741573033707865 60
1747374752382 0.7865168539325843 70
1747374752383 0.7865168539325843 70
1747374756193 0.898876404494382 80
1747374756193 0.898876404494382 80
1747374761885 1.0 89
1747374761886 1.0 89
1747374764141 1.0112359550561798 90
1747374764143 1.0112359550561798 90
1747374768076 1.1235955056179776 100
1747374768077 1.1235955056179776 100
1747374773575 1.2359550561797752 110
1747374773576 1.2359550561797752 110
1747374777398 1.348314606741573 120
1747374777399 1.348314606741573 120
1747374781337 1.4606741573033708 130
1747374781338 1.4606741573033708 130
1747374787008 1.5730337078651684 140
1747374787009 1.5730337078651684 140
1747374790902 1.6853932584269664 150
1747374790903 1.6853932584269664 150
1747374794858 1.797752808988764 160
1747374794859 1.797752808988764 160
1747374800450 1.9101123595505618 170
1747374800451 1.9101123595505618 170
1747374807702 2.0 178
1747374807702 2.0 178
1747374810763 2.0224719101123596 180
1747374810764 2.0224719101123596 180
1747374816289 2.134831460674157 190
1747374816290 2.134831460674157 190
1747374821754 2.247191011235955 200
1747374821755 2.247191011235955 200
1747374825613 2.359550561797753 210
1747374825614 2.359550561797753 210
1747374831200 2.4719101123595504 220
1747374831203 2.4719101123595504 220
1747374836732 2.5842696629213484 230
1747374836733 2.5842696629213484 230
1747374840589 2.696629213483146 240
1747374840589 2.696629213483146 240
1747374844439 2.808988764044944 250
1747374844439 2.808988764044944 250
1747374848269 2.9213483146067416 260
1747374848269 2.9213483146067416 260
1747374853222 3.0 267
1747374853223 3.0 267
1747374856312 3.033707865168539 270
1747374856313 3.033707865168539 270
1747374861820 3.146067415730337 280
1747374861820 3.146067415730337 280
1747374865666 3.258426966292135 290
1747374865666 3.258426966292135 290
1747374869587 3.370786516853933 300
1747374869588 3.370786516853933 300
1747374875427 3.4831460674157304 310
1747374875428 3.4831460674157304 310
1747374879423 3.595505617977528 320
1747374879423 3.595505617977528 320
1747374885131 3.7078651685393256 330
1747374885132 3.7078651685393256 330
1747374889024 3.8202247191011236 340
1747374889025 3.8202247191011236 340
1747374892908 3.932584269662921 350
1747374892909 3.932584269662921 350
1747374897530 4.0 356
1747374897531 4.0 356
1747374900955 4.044943820224719 360
1747374900956 4.044943820224719 360
1747374908119 4.157303370786517 370
1747374908119 4.157303370786517 370
1747374913689 4.269662921348314 380
1747374913689 4.269662921348314 380
1747374917628 4.382022471910112 390
1747374917628 4.382022471910112 390
1747374921582 4.49438202247191 400
1747374921582 4.49438202247191 400
1747374925607 4.606741573033708 410
1747374925603 4.606741573033708 410
1747374929613 4.719101123595506 420
1747374929614 4.719101123595506 420
1747374933470 4.831460674157303 430
1747374933470 4.831460674157303 430
1747374938938 4.943820224719101 440
1747374938938 4.943820224719101 440
1747374943117 5.0 445
1747374943119 5.0 445
1747374944607 5.0 445
1747374944607 5.0 445
