1747374724624 2.7078847885131836 10
1747374724625 2.7078847885131836 10
1747374729671 1.805511474609375 20
1747374729675 1.805511474609375 20
1747374733823 4.680984973907471 30
1747374733824 4.680984973907471 30
1747374739312 2.5343754291534424 40
1747374739312 2.5343754291534424 40
1747374743106 4.616130352020264 50
1747374743107 4.616130352020264 50
1747374746918 3.4891436100006104 60
1747374746919 3.4891436100006104 60
1747374752382 3.6446359157562256 70
1747374752383 3.6446359157562256 70
1747374756193 5.615616321563721 80
1747374756193 5.615616321563721 80
1747374764141 7.036227703094482 90
1747374764143 7.036227703094482 90
1747374768076 7.131362438201904 100
1747374768077 7.131362438201904 100
1747374773575 8.841415405273438 110
1747374773576 8.841415405273438 110
1747374777398 5.7118730545043945 120
1747374777399 5.7118730545043945 120
1747374781337 14.301687240600586 130
1747374781338 14.301687240600586 130
1747374787008 6.906392574310303 140
1747374787009 6.906392574310303 140
1747374790902 3.3778960704803467 150
1747374790903 3.3778960704803467 150
1747374794858 5.216756820678711 160
1747374794859 5.216756820678711 160
1747374800450 8.13010311126709 170
1747374800451 8.13010311126709 170
1747374810763 7.001375675201416 180
1747374810764 7.001375675201416 180
1747374816289 7.565481185913086 190
1747374816290 7.565481185913086 190
1747374821754 5.011432647705078 200
1747374821755 5.011432647705078 200
1747374825613 6.112339019775391 210
1747374825614 6.112339019775391 210
1747374831200 7.9222187995910645 220
1747374831203 7.9222187995910645 220
1747374836732 6.477055072784424 230
1747374836733 6.477055072784424 230
1747374840589 8.44675064086914 240
1747374840589 8.44675064086914 240
1747374844439 6.32255220413208 250
1747374844439 6.32255220413208 250
1747374848269 6.929790496826172 260
1747374848269 6.929790496826172 260
1747374856312 7.541794300079346 270
1747374856313 7.541794300079346 270
1747374861820 2.1492831707000732 280
1747374861820 2.1492831707000732 280
1747374865666 7.971189022064209 290
1747374865666 7.971189022064209 290
1747374869587 4.721480369567871 300
1747374869588 4.721480369567871 300
1747374875427 5.063070774078369 310
1747374875428 5.063070774078369 310
1747374879423 11.29931640625 320
1747374879423 11.29931640625 320
1747374885131 9.165863990783691 330
1747374885132 9.165863990783691 330
1747374889024 12.293778419494629 340
1747374889025 12.293778419494629 340
1747374892908 12.283519744873047 350
1747374892909 12.283519744873047 350
1747374900955 5.80465841293335 360
1747374900956 5.80465841293335 360
1747374908119 17.53693199157715 370
1747374908119 17.53693199157715 370
1747374913689 14.534858703613281 380
1747374913689 14.534858703613281 380
1747374917628 2.586489677429199 390
1747374917628 2.586489677429199 390
1747374921582 4.889275550842285 400
1747374921582 4.889275550842285 400
1747374925607 0.7711808681488037 410
1747374925603 0.7711808681488037 410
1747374929613 2.008148193359375 420
1747374929614 2.008148193359375 420
1747374933470 11.7167387008667 430
1747374933470 11.7167387008667 430
1747374938938 14.993441581726074 440
1747374938938 14.993441581726074 440
