1747374724624 9.887640449438202e-06 10
1747374724625 9.887640449438202e-06 10
1747374729671 9.775280898876405e-06 20
1747374729675 9.775280898876405e-06 20
1747374733823 9.662921348314608e-06 30
1747374733824 9.662921348314608e-06 30
1747374739312 9.55056179775281e-06 40
1747374739312 9.55056179775281e-06 40
1747374743106 9.438202247191012e-06 50
1747374743107 9.438202247191012e-06 50
1747374746918 9.325842696629213e-06 60
1747374746919 9.325842696629213e-06 60
1747374752382 9.213483146067417e-06 70
1747374752383 9.213483146067417e-06 70
1747374756193 9.101123595505619e-06 80
1747374756193 9.101123595505619e-06 80
1747374764141 8.988764044943822e-06 90
1747374764143 8.988764044943822e-06 90
1747374768076 8.876404494382023e-06 100
1747374768077 8.876404494382023e-06 100
1747374773575 8.764044943820226e-06 110
1747374773576 8.764044943820226e-06 110
1747374777398 8.651685393258428e-06 120
1747374777399 8.651685393258428e-06 120
1747374781337 8.53932584269663e-06 130
1747374781338 8.53932584269663e-06 130
1747374787008 8.426966292134832e-06 140
1747374787009 8.426966292134832e-06 140
1747374790902 8.314606741573035e-06 150
1747374790903 8.314606741573035e-06 150
1747374794858 8.202247191011237e-06 160
1747374794859 8.202247191011237e-06 160
1747374800450 8.08988764044944e-06 170
1747374800451 8.08988764044944e-06 170
1747374810763 7.97752808988764e-06 180
1747374810764 7.97752808988764e-06 180
1747374816289 7.865168539325843e-06 190
1747374816290 7.865168539325843e-06 190
1747374821754 7.752808988764046e-06 200
1747374821755 7.752808988764046e-06 200
1747374825613 7.640449438202247e-06 210
1747374825614 7.640449438202247e-06 210
1747374831200 7.5280898876404495e-06 220
1747374831203 7.5280898876404495e-06 220
1747374836732 7.415730337078652e-06 230
1747374836733 7.415730337078652e-06 230
1747374840589 7.303370786516854e-06 240
1747374840589 7.303370786516854e-06 240
1747374844439 7.191011235955056e-06 250
1747374844439 7.191011235955056e-06 250
1747374848269 7.078651685393258e-06 260
1747374848269 7.078651685393258e-06 260
1747374856312 6.966292134831461e-06 270
1747374856313 6.966292134831461e-06 270
1747374861820 6.853932584269663e-06 280
1747374861820 6.853932584269663e-06 280
1747374865666 6.741573033707865e-06 290
1747374865666 6.741573033707865e-06 290
1747374869587 6.629213483146067e-06 300
1747374869588 6.629213483146067e-06 300
1747374875427 6.51685393258427e-06 310
1747374875428 6.51685393258427e-06 310
1747374879423 6.404494382022472e-06 320
1747374879423 6.404494382022472e-06 320
1747374885131 6.292134831460674e-06 330
1747374885132 6.292134831460674e-06 330
1747374889024 6.179775280898876e-06 340
1747374889025 6.179775280898876e-06 340
1747374892908 6.06741573033708e-06 350
1747374892909 6.06741573033708e-06 350
1747374900955 5.955056179775281e-06 360
1747374900956 5.955056179775281e-06 360
1747374908119 5.842696629213483e-06 370
1747374908119 5.842696629213483e-06 370
1747374913689 5.730337078651685e-06 380
1747374913689 5.730337078651685e-06 380
1747374917628 5.617977528089889e-06 390
1747374917628 5.617977528089889e-06 390
1747374921582 5.50561797752809e-06 400
1747374921582 5.50561797752809e-06 400
1747374925607 5.393258426966292e-06 410
1747374925603 5.393258426966292e-06 410
1747374929613 5.280898876404494e-06 420
1747374929614 5.280898876404494e-06 420
1747374933470 5.168539325842698e-06 430
1747374933470 5.168539325842698e-06 430
1747374938938 5.0561797752809e-06 440
1747374938938 5.0561797752809e-06 440
