1747374724624 0.6262 10
1747374724625 0.6262 10
1747374729671 0.5888 20
1747374729675 0.5888 20
1747374733823 0.6272 30
1747374733824 0.6272 30
1747374739312 0.5895 40
1747374739312 0.5895 40
1747374743106 0.599 50
1747374743107 0.599 50
1747374746918 0.5028 60
1747374746919 0.5028 60
1747374752382 0.5718 70
1747374752383 0.5718 70
1747374756193 0.5468 80
1747374756193 0.5468 80
1747374764141 0.5076 90
1747374764143 0.5076 90
1747374768076 0.4986 100
1747374768077 0.4986 100
1747374773575 0.4596 110
1747374773576 0.4596 110
1747374777398 0.4292 120
1747374777399 0.4292 120
1747374781337 0.4303 130
1747374781338 0.4303 130
1747374787008 0.3929 140
1747374787009 0.3929 140
1747374790902 0.2928 150
1747374790903 0.2928 150
1747374794858 0.2972 160
1747374794859 0.2972 160
1747374800450 0.3464 170
1747374800451 0.3464 170
1747374810763 0.3172 180
1747374810764 0.3172 180
1747374816289 0.4234 190
1747374816290 0.4234 190
1747374821754 0.2332 200
1747374821755 0.2332 200
1747374825613 0.2885 210
1747374825614 0.2885 210
1747374831200 0.2636 220
1747374831203 0.2636 220
1747374836732 0.2942 230
1747374836733 0.2942 230
1747374840589 0.2682 240
1747374840589 0.2682 240
1747374844439 0.24 250
1747374844439 0.24 250
1747374848269 0.2331 260
1747374848269 0.2331 260
1747374856312 0.2732 270
1747374856313 0.2732 270
1747374861820 0.253 280
1747374861820 0.253 280
1747374865666 0.2695 290
1747374865666 0.2695 290
1747374869587 0.1843 300
1747374869588 0.1843 300
1747374875427 0.2214 310
1747374875428 0.2214 310
1747374879423 0.1771 320
1747374879423 0.1771 320
1747374885131 0.1461 330
1747374885132 0.1461 330
1747374889024 0.1855 340
1747374889025 0.1855 340
1747374892908 0.1461 350
1747374892909 0.1461 350
1747374900955 0.1046 360
1747374900956 0.1046 360
1747374908119 0.207 370
1747374908119 0.207 370
1747374913689 0.1191 380
1747374913689 0.1191 380
1747374917628 0.1137 390
1747374917628 0.1137 390
1747374921582 0.1169 400
1747374921582 0.1169 400
1747374925607 0.0762 410
1747374925603 0.0762 410
1747374929613 0.0496 420
1747374929614 0.0496 420
1747374933470 0.1149 430
1747374933470 0.1149 430
1747374938938 0.1602 440
1747374938938 0.1602 440
