1747370728908 0.11235955056179775 10
1747370728909 0.11235955056179775 10
1747370732843 0.2247191011235955 20
1747370732842 0.2247191011235955 20
1747370736754 0.33707865168539325 30
1747370736754 0.33707865168539325 30
1747370740752 0.449438202247191 40
1747370740753 0.449438202247191 40
1747370744709 0.5617977528089888 50
1747370744711 0.5617977528089888 50
1747370750363 0.6741573033707865 60
1747370750365 0.6741573033707865 60
1747370754310 0.7865168539325843 70
1747370754311 0.7865168539325843 70
1747370758225 0.898876404494382 80
1747370758225 0.898876404494382 80
1747370763992 1.0 89
1747370763992 1.0 89
1747370766035 1.0112359550561798 90
1747370766036 1.0112359550561798 90
1747370769936 1.1235955056179776 100
1747370769936 1.1235955056179776 100
1747370773760 1.2359550561797752 110
1747370773760 1.2359550561797752 110
1747370777688 1.348314606741573 120
1747370777688 1.348314606741573 120
1747370781621 1.4606741573033708 130
1747370781622 1.4606741573033708 130
1747370785536 1.5730337078651684 140
1747370785536 1.5730337078651684 140
1747370789564 1.6853932584269664 150
1747370789565 1.6853932584269664 150
1747370793490 1.797752808988764 160
1747370793490 1.797752808988764 160
1747370797514 1.9101123595505618 170
1747370797515 1.9101123595505618 170
1747370803004 2.0 178
1747370803005 2.0 178
1747370805372 2.0224719101123596 180
1747370805372 2.0224719101123596 180
1747370809357 2.134831460674157 190
1747370809358 2.134831460674157 190
1747370814975 2.247191011235955 200
1747370814974 2.247191011235955 200
1747370818858 2.359550561797753 210
1747370818858 2.359550561797753 210
1747370825967 2.4719101123595504 220
1747370825972 2.4719101123595504 220
1747370829949 2.5842696629213484 230
1747370829949 2.5842696629213484 230
1747370833853 2.696629213483146 240
1747370833853 2.696629213483146 240
1747370839457 2.808988764044944 250
1747370839458 2.808988764044944 250
1747370843372 2.9213483146067416 260
1747370843372 2.9213483146067416 260
1747370848475 3.0 267
1747370848476 3.0 267
1747370851189 3.033707865168539 270
1747370851189 3.033707865168539 270
1747370855140 3.146067415730337 280
1747370855140 3.146067415730337 280
1747370859156 3.258426966292135 290
1747370859156 3.258426966292135 290
1747370864700 3.370786516853933 300
1747370864700 3.370786516853933 300
1747370868919 3.4831460674157304 310
1747370868919 3.4831460674157304 310
1747370872919 3.595505617977528 320
1747370872919 3.595505617977528 320
1747370878579 3.7078651685393256 330
1747370878579 3.7078651685393256 330
1747370884161 3.8202247191011236 340
1747370884162 3.8202247191011236 340
1747370889678 3.932584269662921 350
1747370889678 3.932584269662921 350
1747370894406 4.0 356
1747370894407 4.0 356
1747370897581 4.044943820224719 360
1747370897581 4.044943820224719 360
1747370901459 4.157303370786517 370
1747370901459 4.157303370786517 370
1747370908715 4.269662921348314 380
1747370908715 4.269662921348314 380
1747370912705 4.382022471910112 390
1747370912706 4.382022471910112 390
1747370916647 4.49438202247191 400
1747370916647 4.49438202247191 400
1747370920593 4.606741573033708 410
1747370920593 4.606741573033708 410
1747370927917 4.719101123595506 420
1747370927918 4.719101123595506 420
1747370931840 4.831460674157303 430
1747370931839 4.831460674157303 430
1747370937465 4.943820224719101 440
1747370937465 4.943820224719101 440
1747370941719 5.0 445
1747370941720 5.0 445
1747370943129 5.0 445
1747370943130 5.0 445
