1747370728908 1.8833110332489014 10
1747370728909 1.8833110332489014 10
1747370732843 9.976494789123535 20
1747370732842 9.976494789123535 20
1747370736754 6.998374938964844 30
1747370736754 6.998374938964844 30
1747370740752 13.611138343811035 40
1747370740753 13.611138343811035 40
1747370744709 5.163727283477783 50
1747370744711 5.163727283477783 50
1747370750363 6.238372802734375 60
1747370750365 6.238372802734375 60
1747370754310 16.72576904296875 70
1747370754311 16.72576904296875 70
1747370758225 6.703952789306641 80
1747370758225 6.703952789306641 80
1747370766035 5.295554161071777 90
1747370766036 5.295554161071777 90
1747370769936 1.925445556640625 100
1747370769936 1.925445556640625 100
1747370773760 3.0744402408599854 110
1747370773760 3.0744402408599854 110
1747370777688 10.806312561035156 120
1747370777688 10.806312561035156 120
1747370781621 10.467668533325195 130
1747370781622 10.467668533325195 130
1747370785536 9.199531555175781 140
1747370785536 9.199531555175781 140
1747370789564 2.4467475414276123 150
1747370789565 2.4467475414276123 150
1747370793490 8.027559280395508 160
1747370793490 8.027559280395508 160
1747370797514 8.189291000366211 170
1747370797515 8.189291000366211 170
1747370805372 3.7771520614624023 180
1747370805372 3.7771520614624023 180
1747370809357 9.456059455871582 190
1747370809358 9.456059455871582 190
1747370814974 1.3641588687896729 200
1747370814975 1.3641588687896729 200
1747370818858 4.986727237701416 210
1747370818858 4.986727237701416 210
1747370825967 0.12280742079019547 220
1747370825972 0.12280742079019547 220
1747370829949 13.752697944641113 230
1747370829949 13.752697944641113 230
1747370833853 23.27018165588379 240
1747370833853 23.27018165588379 240
1747370839457 3.471613645553589 250
1747370839458 3.471613645553589 250
1747370843372 4.393755912780762 260
1747370843372 4.393755912780762 260
1747370851189 0.08388788998126984 270
1747370851189 0.08388788998126984 270
1747370855140 1.0846229791641235 280
1747370855140 1.0846229791641235 280
1747370859156 0.04820204898715019 290
1747370859156 0.04820204898715019 290
1747370864700 0.17272666096687317 300
1747370864700 0.17272666096687317 300
1747370868919 0.16948534548282623 310
1747370868919 0.16948534548282623 310
1747370872919 0.04860091581940651 320
1747370872919 0.04860091581940651 320
1747370878579 0.19985531270503998 330
1747370878579 0.19985531270503998 330
1747370884161 4.666885852813721 340
1747370884162 4.666885852813721 340
1747370889678 0.030454063788056374 350
1747370889678 0.030454063788056374 350
1747370897581 0.01649710163474083 360
1747370897581 0.01649710163474083 360
1747370901459 15.967527389526367 370
1747370901459 15.967527389526367 370
1747370908715 0.017430998384952545 380
1747370908715 0.017430998384952545 380
1747370912705 0.012555401772260666 390
1747370912706 0.012555401772260666 390
1747370916647 2.2830615043640137 400
1747370916647 2.2830615043640137 400
1747370920593 0.968258261680603 410
1747370920593 0.968258261680603 410
1747370927917 0.020241983234882355 420
1747370927918 0.020241983234882355 420
1747370931840 0.05926356837153435 430
1747370931839 0.05926356837153435 430
1747370937465 0.018380366265773773 440
1747370937465 0.018380366265773773 440
