1747370728908 4.943820224719101e-05 10
1747370728909 4.943820224719101e-05 10
1747370732843 4.8876404494382024e-05 20
1747370732842 4.8876404494382024e-05 20
1747370736754 4.831460674157304e-05 30
1747370736754 4.831460674157304e-05 30
1747370740752 4.7752808988764046e-05 40
1747370740753 4.7752808988764046e-05 40
1747370744709 4.719101123595506e-05 50
1747370744711 4.719101123595506e-05 50
1747370750363 4.662921348314607e-05 60
1747370750365 4.662921348314607e-05 60
1747370754310 4.606741573033708e-05 70
1747370754311 4.606741573033708e-05 70
1747370758225 4.550561797752809e-05 80
1747370758225 4.550561797752809e-05 80
1747370766035 4.4943820224719104e-05 90
1747370766036 4.4943820224719104e-05 90
1747370769936 4.438202247191011e-05 100
1747370769936 4.438202247191011e-05 100
1747370773760 4.3820224719101126e-05 110
1747370773760 4.3820224719101126e-05 110
1747370777688 4.3258426966292134e-05 120
1747370777688 4.3258426966292134e-05 120
1747370781621 4.269662921348315e-05 130
1747370781622 4.269662921348315e-05 130
1747370785536 4.2134831460674156e-05 140
1747370785536 4.2134831460674156e-05 140
1747370789564 4.157303370786517e-05 150
1747370789565 4.157303370786517e-05 150
1747370793490 4.1011235955056184e-05 160
1747370793490 4.1011235955056184e-05 160
1747370797514 4.044943820224719e-05 170
1747370797515 4.044943820224719e-05 170
1747370805372 3.98876404494382e-05 180
1747370805372 3.98876404494382e-05 180
1747370809357 3.9325842696629214e-05 190
1747370809358 3.9325842696629214e-05 190
1747370814975 3.876404494382023e-05 200
1747370814974 3.876404494382023e-05 200
1747370818858 3.8202247191011236e-05 210
1747370818858 3.8202247191011236e-05 210
1747370825967 3.764044943820225e-05 220
1747370825972 3.764044943820225e-05 220
1747370829949 3.7078651685393264e-05 230
1747370829949 3.7078651685393264e-05 230
1747370833853 3.651685393258427e-05 240
1747370833853 3.651685393258427e-05 240
1747370839457 3.595505617977528e-05 250
1747370839458 3.595505617977528e-05 250
1747370843372 3.5393258426966294e-05 260
1747370843372 3.5393258426966294e-05 260
1747370851189 3.483146067415731e-05 270
1747370851189 3.483146067415731e-05 270
1747370855140 3.4269662921348316e-05 280
1747370855140 3.4269662921348316e-05 280
1747370859156 3.370786516853933e-05 290
1747370859156 3.370786516853933e-05 290
1747370864700 3.314606741573034e-05 300
1747370864700 3.314606741573034e-05 300
1747370868919 3.258426966292135e-05 310
1747370868919 3.258426966292135e-05 310
1747370872919 3.202247191011236e-05 320
1747370872919 3.202247191011236e-05 320
1747370878579 3.1460674157303374e-05 330
1747370878579 3.1460674157303374e-05 330
1747370884161 3.089887640449438e-05 340
1747370884162 3.089887640449438e-05 340
1747370889678 3.0337078651685396e-05 350
1747370889678 3.0337078651685396e-05 350
1747370897581 2.9775280898876406e-05 360
1747370897581 2.9775280898876406e-05 360
1747370901459 2.9213483146067417e-05 370
1747370901459 2.9213483146067417e-05 370
1747370908715 2.8651685393258425e-05 380
1747370908715 2.8651685393258425e-05 380
1747370912705 2.8089887640449443e-05 390
1747370912706 2.8089887640449443e-05 390
1747370916647 2.752808988764045e-05 400
1747370916647 2.752808988764045e-05 400
1747370920593 2.696629213483146e-05 410
1747370920593 2.696629213483146e-05 410
1747370927917 2.6404494382022472e-05 420
1747370927918 2.6404494382022472e-05 420
1747370931840 2.5842696629213486e-05 430
1747370931839 2.5842696629213486e-05 430
1747370937465 2.5280898876404497e-05 440
1747370937465 2.5280898876404497e-05 440
