1747370728908 0.657 10
1747370728909 0.657 10
1747370732842 0.6603 20
1747370732843 0.6603 20
1747370736754 0.5977 30
1747370736754 0.5977 30
1747370740752 0.6095 40
1747370740753 0.6095 40
1747370744709 0.4949 50
1747370744711 0.4949 50
1747370750363 0.3882 60
1747370750365 0.3882 60
1747370754310 0.5762 70
1747370754311 0.5762 70
1747370758225 0.4727 80
1747370758225 0.4727 80
1747370766035 0.4252 90
1747370766036 0.4252 90
1747370769936 0.2232 100
1747370769936 0.2232 100
1747370773760 0.2071 110
1747370773760 0.2071 110
1747370777688 0.4992 120
1747370777688 0.4992 120
1747370781621 0.4064 130
1747370781622 0.4064 130
1747370785536 0.4696 140
1747370785536 0.4696 140
1747370789564 0.1941 150
1747370789565 0.1941 150
1747370793490 0.2526 160
1747370793490 0.2526 160
1747370797514 0.3493 170
1747370797515 0.3493 170
1747370805372 0.19 180
1747370805372 0.19 180
1747370809357 0.1072 190
1747370809358 0.1072 190
1747370814974 0.1517 200
1747370814975 0.1517 200
1747370818858 0.1564 210
1747370818858 0.1564 210
1747370825967 0.0975 220
1747370825972 0.0975 220
1747370829949 0.2012 230
1747370829949 0.2012 230
1747370833853 0.1182 240
1747370833853 0.1182 240
1747370839457 0.0751 250
1747370839458 0.0751 250
1747370843372 0.1121 260
1747370843372 0.1121 260
1747370851189 0.0908 270
1747370851189 0.0908 270
1747370855140 0.0435 280
1747370855140 0.0435 280
1747370859156 0.0563 290
1747370859156 0.0563 290
1747370864700 0.0018 300
1747370864700 0.0018 300
1747370868919 0.0734 310
1747370868919 0.0734 310
1747370872919 0.0364 320
1747370872919 0.0364 320
1747370878579 0.0592 330
1747370878579 0.0592 330
1747370884161 0.0091 340
1747370884162 0.0091 340
1747370889678 0.0058 350
1747370889678 0.0058 350
1747370897581 0.0007 360
1747370897581 0.0007 360
1747370901459 0.057 370
1747370901459 0.057 370
1747370908715 0.0202 380
1747370908715 0.0202 380
1747370912705 0.0494 390
1747370912706 0.0494 390
1747370916647 0.0414 400
1747370916647 0.0414 400
1747370920593 0.0009 410
1747370920593 0.0009 410
1747370927917 0.0035 420
1747370927918 0.0035 420
1747370931840 0.0005 430
1747370931839 0.0005 430
1747370937465 0.001 440
1747370937465 0.001 440
