1747405632075 0.10638297872340426 10
1747405632075 0.10638297872340426 10
1747405637443 0.2127659574468085 20
1747405637443 0.2127659574468085 20
1747405641192 0.3191489361702128 30
1747405641192 0.3191489361702128 30
1747405646571 0.425531914893617 40
1747405646573 0.425531914893617 40
1747405651952 0.5319148936170213 50
1747405651952 0.5319148936170213 50
1747405658938 0.6382978723404256 60
1747405658940 0.6382978723404256 60
1747405664300 0.7446808510638298 70
1747405664300 0.7446808510638298 70
1747405668048 0.851063829787234 80
1747405668048 0.851063829787234 80
1747405671811 0.9574468085106383 90
1747405671811 0.9574468085106383 90
1747405675535 1.0 94
1747405675535 1.0 94
1747405679360 1.0638297872340425 100
1747405679360 1.0638297872340425 100
1747405683144 1.1702127659574468 110
1747405683146 1.1702127659574468 110
1747405688543 1.2765957446808511 120
1747405688543 1.2765957446808511 120
1747405692326 1.3829787234042552 130
1747405692326 1.3829787234042552 130
1747405696091 1.4893617021276595 140
1747405696091 1.4893617021276595 140
1747405701478 1.5957446808510638 150
1747405701478 1.5957446808510638 150
1747405705252 1.702127659574468 160
1747405705252 1.702127659574468 160
1747405709035 1.8085106382978724 170
1747405709035 1.8085106382978724 170
1747405712834 1.9148936170212765 180
1747405712834 1.9148936170212765 180
1747405718084 2.0 188
1747405718084 2.0 188
1747405720562 2.021276595744681 190
1747405720562 2.021276595744681 190
1747405724357 2.127659574468085 200
1747405724357 2.127659574468085 200
1747405729749 2.2340425531914896 210
1747405729749 2.2340425531914896 210
1747405733550 2.3404255319148937 220
1747405733550 2.3404255319148937 220
1747405738967 2.4468085106382977 230
1747405738967 2.4468085106382977 230
1747405742739 2.5531914893617023 240
1747405742739 2.5531914893617023 240
1747405748146 2.6595744680851063 250
1747405748146 2.6595744680851063 250
1747405751932 2.7659574468085104 260
1747405751932 2.7659574468085104 260
1747405755724 2.872340425531915 270
1747405755724 2.872340425531915 270
1747405759508 2.978723404255319 280
1747405759508 2.978723404255319 280
1747405762508 3.0 282
1747405762508 3.0 282
1747405767510 3.0851063829787235 290
1747405767510 3.0851063829787235 290
1747405772899 3.1914893617021276 300
1747405772915 3.1914893617021276 300
1747405776669 3.297872340425532 310
1747405776669 3.297872340425532 310
1747405780439 3.404255319148936 320
1747405780441 3.404255319148936 320
1747405784198 3.5106382978723403 330
1747405784198 3.5106382978723403 330
1747405787977 3.617021276595745 340
1747405787977 3.617021276595745 340
1747405791749 3.723404255319149 350
1747405791764 3.723404255319149 350
1747405795543 3.829787234042553 360
1747405795543 3.829787234042553 360
1747405799313 3.9361702127659575 370
1747405799313 3.9361702127659575 370
1747405805471 4.0 376
1747405805471 4.0 376
1747405808541 4.042553191489362 380
1747405808541 4.042553191489362 380
1747405813919 4.148936170212766 390
1747405813920 4.148936170212766 390
1747405817689 4.25531914893617 400
1747405817689 4.25531914893617 400
1747405821463 4.361702127659575 410
1747405821463 4.361702127659575 410
1747405825247 4.468085106382979 420
1747405825247 4.468085106382979 420
1747405829032 4.574468085106383 430
1747405829032 4.574468085106383 430
1747405832801 4.680851063829787 440
1747405832801 4.680851063829787 440
1747405836577 4.787234042553192 450
1747405836577 4.787234042553192 450
1747405840355 4.8936170212765955 460
1747405840355 4.8936170212765955 460
1747405844002 5.0 470
1747405844002 5.0 470
1747405846395 5.0 470
1747405846395 5.0 470
1747405851802 5.1063829787234045 480
1747405851800 5.1063829787234045 480
1747405858804 5.212765957446808 490
1747405858804 5.212765957446808 490
1747405862581 5.319148936170213 500
1747405862581 5.319148936170213 500
1747405866354 5.425531914893617 510
1747405866355 5.425531914893617 510
1747405870125 5.531914893617021 520
1747405870125 5.531914893617021 520
1747405875515 5.638297872340425 530
1747405875516 5.638297872340425 530
1747405879284 5.74468085106383 540
1747405879284 5.74468085106383 540
1747405883062 5.851063829787234 550
1747405883063 5.851063829787234 550
1747405886840 5.957446808510638 560
1747405886841 5.957446808510638 560
1747405890584 6.0 564
1747405890584 6.0 564
1747405894420 6.0638297872340425 570
1747405894421 6.0638297872340425 570
1747405901409 6.170212765957447 580
1747405901410 6.170212765957447 580
1747405906764 6.276595744680851 590
1747405906765 6.276595744680851 590
1747405910514 6.382978723404255 600
1747405910515 6.382978723404255 600
1747405914285 6.48936170212766 610
1747405914286 6.48936170212766 610
1747405918062 6.595744680851064 620
1747405918063 6.595744680851064 620
1747405921836 6.702127659574468 630
1747405921837 6.702127659574468 630
1747405925878 6.808510638297872 640
1747405925877 6.808510638297872 640
1747405929869 6.914893617021277 650
1747405929869 6.914893617021277 650
1747405935205 7.0 658
1747405935205 7.0 658
1747405937721 7.0212765957446805 660
1747405937722 7.0212765957446805 660
1747405941872 7.127659574468085 670
1747405941873 7.127659574468085 670
1747405947652 7.23404255319149 680
1747405947653 7.23404255319149 680
1747405953165 7.340425531914893 690
1747405953166 7.340425531914893 690
1747405956985 7.446808510638298 700
1747405956986 7.446808510638298 700
1747405960813 7.553191489361702 710
1747405960814 7.553191489361702 710
1747405966283 7.659574468085106 720
1747405966284 7.659574468085106 720
1747405970104 7.76595744680851 730
1747405970105 7.76595744680851 730
1747405975581 7.872340425531915 740
1747405975582 7.872340425531915 740
1747405979422 7.9787234042553195 750
1747405979423 7.9787234042553195 750
1747405982494 8.0 752
1747405982494 8.0 752
1747405987168 8.085106382978724 760
1747405987169 8.085106382978724 760
1747405992710 8.191489361702128 770
1747405992711 8.191489361702128 770
1747405996547 8.297872340425531 780
1747405996549 8.297872340425531 780
1747406002020 8.404255319148936 790
1747406002020 8.404255319148936 790
1747406005905 8.51063829787234 800
1747406005906 8.51063829787234 800
