1747405632075 3.5474743843078613 10
1747405632075 3.5474743843078613 10
1747405637443 108.82182312011719 20
1747405637443 108.82182312011719 20
1747405641192 7.98889684677124 30
1747405641192 7.98889684677124 30
1747405646571 0.2520834803581238 40
1747405646573 0.2520834803581238 40
1747405651952 19.347978591918945 50
1747405651952 19.347978591918945 50
1747405658938 0.07584869116544724 60
1747405658940 0.07584869116544724 60
1747405664300 4.230957984924316 70
1747405664300 4.230957984924316 70
1747405668048 0.14130181074142456 80
1747405668048 0.14130181074142456 80
1747405671811 1.9033819437026978 90
1747405671811 1.9033819437026978 90
1747405679360 0.026070192456245422 100
1747405679360 0.026070192456245422 100
1747405683144 74.19947052001953 110
1747405683146 74.19947052001953 110
1747405688543 0.052139490842819214 120
1747405688543 0.052139490842819214 120
1747405692326 0.02853824943304062 130
1747405692326 0.02853824943304062 130
1747405696091 0.05341879650950432 140
1747405696091 0.05341879650950432 140
1747405701478 2.2627687454223633 150
1747405701478 2.2627687454223633 150
1747405705252 0.027355032041668892 160
1747405705252 0.027355032041668892 160
1747405709035 0.07424262166023254 170
1747405709035 0.07424262166023254 170
1747405712834 0.03524112328886986 180
1747405712834 0.03524112328886986 180
1747405720562 0.03520062565803528 190
1747405720562 0.03520062565803528 190
1747405724357 0.03358181565999985 200
1747405724357 0.03358181565999985 200
1747405729749 0.20194169878959656 210
1747405729749 0.20194169878959656 210
1747405733550 0.021201983094215393 220
1747405733550 0.021201983094215393 220
1747405738967 0.5491098761558533 230
1747405738967 0.5491098761558533 230
1747405742739 8.706265449523926 240
1747405742739 8.706265449523926 240
1747405748146 0.015307317487895489 250
1747405748146 0.015307317487895489 250
1747405751932 0.011838807724416256 260
1747405751932 0.011838807724416256 260
1747405755724 3.507871150970459 270
1747405755724 3.507871150970459 270
1747405759508 0.015414850786328316 280
1747405759508 0.015414850786328316 280
1747405767510 0.0148440171033144 290
1747405767510 0.0148440171033144 290
1747405772899 0.013599035330116749 300
1747405772915 0.013599035330116749 300
1747405776669 0.009816180914640427 310
1747405776669 0.009816180914640427 310
1747405780439 0.008020361885428429 320
1747405780441 0.008020361885428429 320
1747405784198 0.006464263889938593 330
1747405784198 0.006464263889938593 330
1747405787977 0.007046159822493792 340
1747405787977 0.007046159822493792 340
1747405791749 4.8436503410339355 350
1747405791764 4.8436503410339355 350
1747405795543 0.00839200709015131 360
1747405795543 0.00839200709015131 360
1747405799313 0.00841043796390295 370
1747405799313 0.00841043796390295 370
1747405808541 0.007923395372927189 380
1747405808541 0.007923395372927189 380
1747405813919 0.008168304339051247 390
1747405813920 0.008168304339051247 390
1747405817689 0.006968124303966761 400
1747405817689 0.006968124303966761 400
1747405821463 0.005650561302900314 410
1747405821463 0.005650561302900314 410
1747405825247 0.005157254636287689 420
1747405825247 0.005157254636287689 420
1747405829032 0.013476420193910599 430
1747405829032 0.013476420193910599 430
1747405832801 0.003991418052464724 440
1747405832801 0.003991418052464724 440
1747405836577 0.003913525026291609 450
1747405836577 0.003913525026291609 450
1747405840355 0.0040079387836158276 460
1747405840355 0.0040079387836158276 460
1747405844002 0.004321455955505371 470
1747405844002 0.004321455955505371 470
1747405851802 0.6418026089668274 480
1747405851800 0.6418026089668274 480
1747405858804 0.21234680712223053 490
1747405858804 0.21234680712223053 490
1747405862581 0.003465608460828662 500
1747405862581 0.003465608460828662 500
1747405866354 0.006341247353702784 510
1747405866355 0.006341247353702784 510
1747405870125 0.004234020598232746 520
1747405870125 0.004234020598232746 520
1747405875515 0.003783013904467225 530
1747405875516 0.003783013904467225 530
1747405879284 0.0025956679601222277 540
1747405879284 0.0025956679601222277 540
1747405883062 0.00268568005412817 550
1747405883063 0.00268568005412817 550
1747405886840 0.008639664389193058 560
1747405886841 0.008639664389193058 560
1747405894420 0.002232409780845046 570
1747405894421 0.002232409780845046 570
1747405901409 0.002999234711751342 580
1747405901410 0.002999234711751342 580
1747405906764 0.002389392117038369 590
1747405906765 0.002389392117038369 590
1747405910514 0.0022674596402794123 600
1747405910515 0.0022674596402794123 600
1747405914285 0.002117618452757597 610
1747405914286 0.002117618452757597 610
1747405918062 0.0025043897330760956 620
1747405918063 0.0025043897330760956 620
1747405921836 0.0027316820342093706 630
1747405921837 0.0027316820342093706 630
1747405925878 0.0020712094847112894 640
1747405925877 0.0020712094847112894 640
1747405929869 0.002237784443423152 650
1747405929869 0.002237784443423152 650
1747405937721 0.002144266152754426 660
1747405937722 0.002144266152754426 660
1747405941872 0.0018522778991609812 670
1747405941873 0.0018522778991609812 670
1747405947652 0.0020760195329785347 680
1747405947653 0.0020760195329785347 680
1747405953165 0.0021662963554263115 690
1747405953166 0.0021662963554263115 690
1747405956985 0.003055548295378685 700
1747405956986 0.003055548295378685 700
1747405960813 0.0016637231456115842 710
1747405960814 0.0016637231456115842 710
1747405966283 0.0017876146594062448 720
1747405966284 0.0017876146594062448 720
1747405970104 0.0017147919861599803 730
1747405970105 0.0017147919861599803 730
1747405975581 0.0017420504009351134 740
1747405975582 0.0017420504009351134 740
1747405979422 0.001977446721866727 750
1747405979423 0.001977446721866727 750
1747405987168 0.0019970275461673737 760
1747405987169 0.0019970275461673737 760
1747405992710 0.0016984031535685062 770
1747405992711 0.0016984031535685062 770
1747405996547 0.0016398269217461348 780
1747405996549 0.0016398269217461348 780
1747406002020 0.0020846552215516567 790
1747406002020 0.0020846552215516567 790
1747406005905 0.0015259255887940526 800
1747406005906 0.0015259255887940526 800
