1747405632075 4.946808510638298e-05 10
1747405632075 4.946808510638298e-05 10
1747405637443 4.893617021276596e-05 20
1747405637443 4.893617021276596e-05 20
1747405641192 4.840425531914894e-05 30
1747405641192 4.840425531914894e-05 30
1747405646571 4.787234042553192e-05 40
1747405646573 4.787234042553192e-05 40
1747405651952 4.734042553191489e-05 50
1747405651952 4.734042553191489e-05 50
1747405658938 4.680851063829788e-05 60
1747405658940 4.680851063829788e-05 60
1747405664300 4.627659574468085e-05 70
1747405664300 4.627659574468085e-05 70
1747405668048 4.574468085106383e-05 80
1747405668048 4.574468085106383e-05 80
1747405671811 4.5212765957446815e-05 90
1747405671811 4.5212765957446815e-05 90
1747405679360 4.468085106382979e-05 100
1747405679360 4.468085106382979e-05 100
1747405683144 4.414893617021277e-05 110
1747405683146 4.414893617021277e-05 110
1747405688543 4.3617021276595746e-05 120
1747405688543 4.3617021276595746e-05 120
1747405692326 4.3085106382978725e-05 130
1747405692326 4.3085106382978725e-05 130
1747405696091 4.2553191489361704e-05 140
1747405696091 4.2553191489361704e-05 140
1747405701478 4.2021276595744684e-05 150
1747405701478 4.2021276595744684e-05 150
1747405705252 4.148936170212766e-05 160
1747405705252 4.148936170212766e-05 160
1747405709035 4.095744680851064e-05 170
1747405709035 4.095744680851064e-05 170
1747405712834 4.0425531914893614e-05 180
1747405712834 4.0425531914893614e-05 180
1747405720562 3.9893617021276594e-05 190
1747405720562 3.9893617021276594e-05 190
1747405724357 3.936170212765958e-05 200
1747405724357 3.936170212765958e-05 200
1747405729749 3.882978723404255e-05 210
1747405729749 3.882978723404255e-05 210
1747405733550 3.829787234042553e-05 220
1747405733550 3.829787234042553e-05 220
1747405738967 3.776595744680852e-05 230
1747405738967 3.776595744680852e-05 230
1747405742739 3.723404255319149e-05 240
1747405742739 3.723404255319149e-05 240
1747405748146 3.670212765957447e-05 250
1747405748146 3.670212765957447e-05 250
1747405751932 3.617021276595745e-05 260
1747405751932 3.617021276595745e-05 260
1747405755724 3.563829787234043e-05 270
1747405755724 3.563829787234043e-05 270
1747405759508 3.5106382978723407e-05 280
1747405759508 3.5106382978723407e-05 280
1747405767510 3.4574468085106386e-05 290
1747405767510 3.4574468085106386e-05 290
1747405772899 3.4042553191489365e-05 300
1747405772915 3.4042553191489365e-05 300
1747405776669 3.3510638297872344e-05 310
1747405776669 3.3510638297872344e-05 310
1747405780439 3.2978723404255317e-05 320
1747405780441 3.2978723404255317e-05 320
1747405784198 3.2446808510638296e-05 330
1747405784198 3.2446808510638296e-05 330
1747405787977 3.191489361702128e-05 340
1747405787977 3.191489361702128e-05 340
1747405791749 3.1382978723404254e-05 350
1747405791764 3.1382978723404254e-05 350
1747405795543 3.085106382978723e-05 360
1747405795543 3.085106382978723e-05 360
1747405799313 3.0319148936170216e-05 370
1747405799313 3.0319148936170216e-05 370
1747405808541 2.9787234042553192e-05 380
1747405808541 2.9787234042553192e-05 380
1747405813919 2.925531914893617e-05 390
1747405813920 2.925531914893617e-05 390
1747405817689 2.8723404255319154e-05 400
1747405817689 2.8723404255319154e-05 400
1747405821463 2.819148936170213e-05 410
1747405821463 2.819148936170213e-05 410
1747405825247 2.765957446808511e-05 420
1747405825247 2.765957446808511e-05 420
1747405829032 2.7127659574468084e-05 430
1747405829032 2.7127659574468084e-05 430
1747405832801 2.6595744680851064e-05 440
1747405832801 2.6595744680851064e-05 440
1747405836577 2.6063829787234046e-05 450
1747405836577 2.6063829787234046e-05 450
1747405840355 2.5531914893617022e-05 460
1747405840355 2.5531914893617022e-05 460
1747405844002 2.5e-05 470
1747405844002 2.5e-05 470
1747405851802 2.446808510638298e-05 480
1747405851800 2.446808510638298e-05 480
1747405858804 2.393617021276596e-05 490
1747405858804 2.393617021276596e-05 490
1747405862581 2.340425531914894e-05 500
1747405862581 2.340425531914894e-05 500
1747405866354 2.2872340425531915e-05 510
1747405866355 2.2872340425531915e-05 510
1747405870125 2.2340425531914894e-05 520
1747405870125 2.2340425531914894e-05 520
1747405875515 2.1808510638297873e-05 530
1747405875516 2.1808510638297873e-05 530
1747405879284 2.1276595744680852e-05 540
1747405879284 2.1276595744680852e-05 540
1747405883062 2.074468085106383e-05 550
1747405883063 2.074468085106383e-05 550
1747405886840 2.0212765957446807e-05 560
1747405886841 2.0212765957446807e-05 560
1747405894420 1.968085106382979e-05 570
1747405894421 1.968085106382979e-05 570
1747405901409 1.9148936170212766e-05 580
1747405901410 1.9148936170212766e-05 580
1747405906764 1.8617021276595745e-05 590
1747405906765 1.8617021276595745e-05 590
1747405910514 1.8085106382978724e-05 600
1747405910515 1.8085106382978724e-05 600
1747405914285 1.7553191489361703e-05 610
1747405914286 1.7553191489361703e-05 610
1747405918062 1.7021276595744682e-05 620
1747405918063 1.7021276595744682e-05 620
1747405921836 1.6489361702127658e-05 630
1747405921837 1.6489361702127658e-05 630
1747405925878 1.595744680851064e-05 640
1747405925877 1.595744680851064e-05 640
1747405929869 1.5425531914893617e-05 650
1747405929869 1.5425531914893617e-05 650
1747405937721 1.4893617021276596e-05 660
1747405937722 1.4893617021276596e-05 660
1747405941872 1.4361702127659577e-05 670
1747405941873 1.4361702127659577e-05 670
1747405947652 1.3829787234042554e-05 680
1747405947653 1.3829787234042554e-05 680
1747405953165 1.3297872340425532e-05 690
1747405953166 1.3297872340425532e-05 690
1747405956985 1.2765957446808511e-05 700
1747405956986 1.2765957446808511e-05 700
1747405960813 1.223404255319149e-05 710
1747405960814 1.223404255319149e-05 710
1747405966283 1.170212765957447e-05 720
1747405966284 1.170212765957447e-05 720
1747405970104 1.1170212765957447e-05 730
1747405970105 1.1170212765957447e-05 730
1747405975581 1.0638297872340426e-05 740
1747405975582 1.0638297872340426e-05 740
1747405979422 1.0106382978723404e-05 750
1747405979423 1.0106382978723404e-05 750
1747405987168 9.574468085106383e-06 760
1747405987169 9.574468085106383e-06 760
1747405992710 9.042553191489362e-06 770
1747405992711 9.042553191489362e-06 770
1747405996547 8.510638297872341e-06 780
1747405996549 8.510638297872341e-06 780
1747406002020 7.97872340425532e-06 790
1747406002020 7.97872340425532e-06 790
1747406005905 7.446808510638298e-06 800
1747406005906 7.446808510638298e-06 800
