1747405632075 0.6454 10
1747405632075 0.6454 10
1747405637443 0.2428 20
1747405637443 0.2428 20
1747405641192 0.7376 30
1747405641192 0.7376 30
1747405646571 0.1726 40
1747405646573 0.1726 40
1747405651952 0.1359 50
1747405651952 0.1359 50
1747405658938 0.0259 60
1747405658940 0.0259 60
1747405664300 0.2059 70
1747405664300 0.2059 70
1747405668048 0.1342 80
1747405668048 0.1342 80
1747405671811 0.2036 90
1747405671811 0.2036 90
1747405679360 0.0452 100
1747405679360 0.0452 100
1747405683144 0.1429 110
1747405683146 0.1429 110
1747405688543 0.0941 120
1747405688543 0.0941 120
1747405692326 0.0393 130
1747405692326 0.0393 130
1747405696091 0.0028 140
1747405696091 0.0028 140
1747405701478 0.0507 150
1747405701478 0.0507 150
1747405705252 0.0031 160
1747405705252 0.0031 160
1747405709035 0.0557 170
1747405709035 0.0557 170
1747405712834 0.1287 180
1747405712834 0.1287 180
1747405720562 0.0841 190
1747405720562 0.0841 190
1747405724357 0.1036 200
1747405724357 0.1036 200
1747405729749 0.0359 210
1747405729749 0.0359 210
1747405733550 0.0437 220
1747405733550 0.0437 220
1747405738967 0.1052 230
1747405738967 0.1052 230
1747405742739 0.0542 240
1747405742739 0.0542 240
1747405748146 0.0011 250
1747405748146 0.0011 250
1747405751932 0.0007 260
1747405751932 0.0007 260
1747405755724 0.1033 270
1747405755724 0.1033 270
1747405759508 0.0417 280
1747405759508 0.0417 280
1747405767510 0.0007 290
1747405767510 0.0007 290
1747405772899 0.0006 300
1747405772915 0.0006 300
1747405776669 0.0005 310
1747405776669 0.0005 310
1747405780439 0.0004 320
1747405780441 0.0004 320
1747405784198 0.0003 330
1747405784198 0.0003 330
1747405787977 0.0003 340
1747405787977 0.0003 340
1747405791749 0.0516 350
1747405791764 0.0516 350
1747405795543 0.0208 360
1747405795543 0.0208 360
1747405799313 0.0446 370
1747405799313 0.0446 370
1747405808541 0.0003 380
1747405808541 0.0003 380
1747405813919 0.0365 390
1747405813920 0.0365 390
1747405817689 0.0007 400
1747405817689 0.0007 400
1747405821463 0.025 410
1747405821463 0.025 410
1747405825247 0.0003 420
1747405825247 0.0003 420
1747405829032 0.0002 430
1747405829032 0.0002 430
1747405832801 0.0002 440
1747405832801 0.0002 440
1747405836577 0.0002 450
1747405836577 0.0002 450
1747405840355 0.0002 460
1747405840355 0.0002 460
1747405844002 0.0236 470
1747405844002 0.0236 470
1747405851802 0.0792 480
1747405851800 0.0792 480
1747405858804 0.0002 490
1747405858804 0.0002 490
1747405862581 0.0012 500
1747405862581 0.0012 500
1747405866354 0.0002 510
1747405866355 0.0002 510
1747405870125 0.0001 520
1747405870125 0.0001 520
1747405875515 0.0001 530
1747405875516 0.0001 530
1747405879284 0.0614 540
1747405879284 0.0614 540
1747405883062 0.0001 550
1747405883063 0.0001 550
1747405886840 0.0001 560
1747405886841 0.0001 560
1747405894420 0.0001 570
1747405894421 0.0001 570
1747405901409 0.0001 580
1747405901410 0.0001 580
1747405906765 0.0001 590
1747405906764 0.0001 590
1747405910514 0.0001 600
1747405910515 0.0001 600
1747405914285 0.0219 610
1747405914286 0.0219 610
1747405918062 0.0001 620
1747405918063 0.0001 620
1747405921836 0.0001 630
1747405921837 0.0001 630
1747405925878 0.0001 640
1747405925877 0.0001 640
1747405929869 0.0001 650
1747405929869 0.0001 650
1747405937721 0.0001 660
1747405937722 0.0001 660
1747405941872 0.0001 670
1747405941873 0.0001 670
1747405947652 0.0001 680
1747405947653 0.0001 680
1747405953165 0.0001 690
1747405953166 0.0001 690
1747405956985 0.0001 700
1747405956986 0.0001 700
1747405960813 0.0001 710
1747405960814 0.0001 710
1747405966283 0.0001 720
1747405966284 0.0001 720
1747405970104 0.0001 730
1747405970105 0.0001 730
1747405975581 0.0001 740
1747405975582 0.0001 740
1747405979422 0.0001 750
1747405979423 0.0001 750
1747405987168 0.0001 760
1747405987169 0.0001 760
1747405992710 0.0001 770
1747405992711 0.0001 770
1747405996547 0.0001 780
1747405996549 0.0001 780
1747406002020 0.0001 790
1747406002020 0.0001 790
1747406005905 0.0001 800
1747406005906 0.0001 800
