1747394725196 0.0228310502283105 10
1747394725197 0.0228310502283105 10
1747394727105 0.045662100456621 20
1747394727106 0.045662100456621 20
1747394729023 0.0684931506849315 30
1747394729024 0.0684931506849315 30
1747394730955 0.091324200913242 40
1747394730956 0.091324200913242 40
1747394732886 0.1141552511415525 50
1747394732888 0.1141552511415525 50
1747394734815 0.136986301369863 60
1747394734816 0.136986301369863 60
1747394736752 0.1598173515981735 70
1747394736753 0.1598173515981735 70
1747394738684 0.182648401826484 80
1747394738685 0.182648401826484 80
1747394740614 0.2054794520547945 90
1747394740616 0.2054794520547945 90
1747394742559 0.228310502283105 100
1747394742561 0.228310502283105 100
1747394744504 0.2511415525114155 110
1747394744506 0.2511415525114155 110
1747394746446 0.273972602739726 120
1747394746447 0.273972602739726 120
1747394748393 0.2968036529680365 130
1747394748394 0.2968036529680365 130
1747394750348 0.319634703196347 140
1747394750349 0.319634703196347 140
1747394752311 0.3424657534246575 150
1747394752312 0.3424657534246575 150
1747394754265 0.365296803652968 160
1747394754266 0.365296803652968 160
1747394756220 0.3881278538812785 170
1747394756221 0.3881278538812785 170
1747394758185 0.410958904109589 180
1747394758186 0.410958904109589 180
1747394760154 0.4337899543378995 190
1747394760154 0.4337899543378995 190
1747394762108 0.45662100456621 200
1747394762109 0.45662100456621 200
1747394764067 0.4794520547945205 210
1747394764068 0.4794520547945205 210
1747394766032 0.502283105022831 220
1747394766033 0.502283105022831 220
1747394767999 0.5251141552511416 230
1747394768000 0.5251141552511416 230
1747394769957 0.547945205479452 240
1747394769958 0.547945205479452 240
1747394771923 0.5707762557077626 250
1747394771925 0.5707762557077626 250
1747394773900 0.593607305936073 260
1747394773901 0.593607305936073 260
1747394775869 0.6164383561643836 270
1747394775870 0.6164383561643836 270
1747394777836 0.639269406392694 280
1747394777837 0.639269406392694 280
1747394779811 0.6621004566210046 290
1747394779812 0.6621004566210046 290
1747394781786 0.684931506849315 300
1747394781788 0.684931506849315 300
1747394783767 0.7077625570776256 310
1747394783768 0.7077625570776256 310
1747394785733 0.730593607305936 320
1747394785734 0.730593607305936 320
1747394787714 0.7534246575342466 330
1747394787715 0.7534246575342466 330
1747394789698 0.776255707762557 340
1747394789699 0.776255707762557 340
1747394791682 0.7990867579908676 350
1747394791683 0.7990867579908676 350
1747394793674 0.821917808219178 360
1747394793675 0.821917808219178 360
1747394795662 0.8447488584474886 370
1747394795663 0.8447488584474886 370
1747394797642 0.867579908675799 380
1747394797643 0.867579908675799 380
1747394799633 0.8904109589041096 390
1747394799634 0.8904109589041096 390
1747394801616 0.91324200913242 400
1747394801617 0.91324200913242 400
1747394803604 0.9360730593607306 410
1747394803605 0.9360730593607306 410
1747394805600 0.958904109589041 420
1747394805601 0.958904109589041 420
1747394807602 0.9817351598173516 430
1747394807604 0.9817351598173516 430
1747394815098 1.0 438
1747394815099 1.0 438
1747394816778 1.004566210045662 440
1747394816779 1.004566210045662 440
1747394818788 1.0273972602739727 450
1747394818789 1.0273972602739727 450
1747394820784 1.0502283105022832 460
1747394820785 1.0502283105022832 460
1747394822772 1.0730593607305936 470
1747394822772 1.0730593607305936 470
1747394824760 1.095890410958904 480
1747394824762 1.095890410958904 480
1747394826762 1.1187214611872145 490
1747394826763 1.1187214611872145 490
1747394828768 1.1415525114155252 500
1747394828770 1.1415525114155252 500
1747394830774 1.1643835616438356 510
1747394830775 1.1643835616438356 510
1747394832763 1.187214611872146 520
1747394832764 1.187214611872146 520
1747394834755 1.2100456621004567 530
1747394834756 1.2100456621004567 530
1747394836757 1.2328767123287672 540
1747394836758 1.2328767123287672 540
1747394838774 1.2557077625570776 550
1747394838776 1.2557077625570776 550
1747394840783 1.278538812785388 560
1747394840784 1.278538812785388 560
1747394842796 1.3013698630136985 570
1747394842797 1.3013698630136985 570
1747394844800 1.3242009132420092 580
1747394844801 1.3242009132420092 580
1747394846802 1.3470319634703196 590
1747394846803 1.3470319634703196 590
1747394848811 1.36986301369863 600
1747394848812 1.36986301369863 600
1747394850825 1.3926940639269407 610
1747394850826 1.3926940639269407 610
1747394852830 1.4155251141552512 620
1747394852831 1.4155251141552512 620
1747394854832 1.4383561643835616 630
1747394854830 1.4383561643835616 630
1747394856828 1.461187214611872 640
1747394856829 1.461187214611872 640
1747394858828 1.4840182648401825 650
1747394858828 1.4840182648401825 650
1747394860827 1.5068493150684932 660
1747394860828 1.5068493150684932 660
1747394862841 1.5296803652968036 670
1747394862842 1.5296803652968036 670
1747394864844 1.5525114155251143 680
1747394864845 1.5525114155251143 680
1747394866841 1.5753424657534247 690
1747394866842 1.5753424657534247 690
1747394868837 1.5981735159817352 700
1747394868839 1.5981735159817352 700
1747394870850 1.6210045662100456 710
1747394870851 1.6210045662100456 710
1747394872868 1.643835616438356 720
1747394872870 1.643835616438356 720
1747394874871 1.6666666666666665 730
1747394874872 1.6666666666666665 730
1747394876872 1.6894977168949772 740
1747394876873 1.6894977168949772 740
1747394878887 1.7123287671232876 750
1747394878889 1.7123287671232876 750
1747394880895 1.7351598173515983 760
1747394880896 1.7351598173515983 760
1747394882921 1.7579908675799087 770
1747394882922 1.7579908675799087 770
1747394884936 1.7808219178082192 780
1747394884937 1.7808219178082192 780
1747394886953 1.8036529680365296 790
1747394886954 1.8036529680365296 790
1747394888963 1.82648401826484 800
1747394888964 1.82648401826484 800
1747394890977 1.8493150684931505 810
1747394890978 1.8493150684931505 810
1747394892975 1.8721461187214612 820
1747394892976 1.8721461187214612 820
1747394894982 1.8949771689497716 830
1747394894984 1.8949771689497716 830
1747394897012 1.9178082191780823 840
1747394897013 1.9178082191780823 840
1747394899040 1.9406392694063928 850
1747394899043 1.9406392694063928 850
1747394901057 1.9634703196347032 860
1747394901057 1.9634703196347032 860
1747394903062 1.9863013698630136 870
1747394903063 1.9863013698630136 870
1747394910246 2.0 876
1747394910247 2.0 876
1747394912396 2.009132420091324 880
1747394912395 2.009132420091324 880
1747394914493 2.0319634703196345 890
1747394914494 2.0319634703196345 890
1747394916522 2.0547945205479454 900
1747394916524 2.0547945205479454 900
1747394918535 2.077625570776256 910
1747394918536 2.077625570776256 910
1747394920560 2.1004566210045663 920
1747394920561 2.1004566210045663 920
1747394922583 2.1232876712328768 930
1747394922584 2.1232876712328768 930
1747394924589 2.146118721461187 940
1747394924590 2.146118721461187 940
1747394926595 2.1689497716894977 950
1747394926596 2.1689497716894977 950
1747394928616 2.191780821917808 960
1747394928617 2.191780821917808 960
1747394930637 2.2146118721461185 970
1747394930638 2.2146118721461185 970
1747394932657 2.237442922374429 980
1747394932657 2.237442922374429 980
1747394934668 2.26027397260274 990
1747394934669 2.26027397260274 990
1747394936686 2.2831050228310503 1000
1747394936687 2.2831050228310503 1000
1747394938696 2.3059360730593608 1010
1747394938697 2.3059360730593608 1010
1747394940714 2.328767123287671 1020
1747394940714 2.328767123287671 1020
1747394942727 2.3515981735159817 1030
1747394942729 2.3515981735159817 1030
1747394944742 2.374429223744292 1040
1747394944743 2.374429223744292 1040
1747394946757 2.3972602739726026 1050
1747394946759 2.3972602739726026 1050
1747394948779 2.4200913242009134 1060
1747394948780 2.4200913242009134 1060
1747394950796 2.442922374429224 1070
1747394950797 2.442922374429224 1070
1747394952842 2.4657534246575343 1080
1747394952843 2.4657534246575343 1080
1747394954853 2.4885844748858448 1090
1747394954855 2.4885844748858448 1090
1747394956874 2.5114155251141552 1100
1747394956875 2.5114155251141552 1100
1747394958885 2.5342465753424657 1110
1747394958885 2.5342465753424657 1110
1747394960898 2.557077625570776 1120
1747394960900 2.557077625570776 1120
1747394962925 2.5799086757990866 1130
1747394962926 2.5799086757990866 1130
1747394964944 2.602739726027397 1140
1747394964946 2.602739726027397 1140
1747394966979 2.625570776255708 1150
1747394966980 2.625570776255708 1150
1747394969002 2.6484018264840183 1160
1747394969001 2.6484018264840183 1160
1747394971011 2.671232876712329 1170
1747394971012 2.671232876712329 1170
1747394973034 2.6940639269406392 1180
1747394973036 2.6940639269406392 1180
1747394975052 2.7168949771689497 1190
1747394975053 2.7168949771689497 1190
1747394977068 2.73972602739726 1200
1747394977070 2.73972602739726 1200
1747394979087 2.762557077625571 1210
1747394979088 2.762557077625571 1210
1747394981098 2.7853881278538815 1220
1747394981097 2.7853881278538815 1220
1747394983123 2.808219178082192 1230
1747394983124 2.808219178082192 1230
1747394985147 2.8310502283105023 1240
1747394985147 2.8310502283105023 1240
1747394987160 2.853881278538813 1250
1747394987161 2.853881278538813 1250
1747394989174 2.8767123287671232 1260
1747394989175 2.8767123287671232 1260
1747394991196 2.8995433789954337 1270
1747394991198 2.8995433789954337 1270
1747394993224 2.922374429223744 1280
1747394993225 2.922374429223744 1280
1747394995252 2.9452054794520546 1290
1747394995253 2.9452054794520546 1290
1747394997284 2.968036529680365 1300
1747394997285 2.968036529680365 1300
1747394999307 2.990867579908676 1310
1747394999309 2.990867579908676 1310
1747395006115 3.0 1314
1747395006117 3.0 1314
1747395008650 3.0136986301369864 1320
1747395008651 3.0136986301369864 1320
1747395010670 3.036529680365297 1330
1747395010671 3.036529680365297 1330
1747395012698 3.0593607305936072 1340
1747395012699 3.0593607305936072 1340
1747395014718 3.0821917808219177 1350
1747395014719 3.0821917808219177 1350
1747395016738 3.105022831050228 1360
1747395016739 3.105022831050228 1360
1747395018759 3.127853881278539 1370
1747395018760 3.127853881278539 1370
1747395020779 3.1506849315068495 1380
1747395020780 3.1506849315068495 1380
1747395022798 3.17351598173516 1390
1747395022800 3.17351598173516 1390
1747395024830 3.1963470319634704 1400
1747395024831 3.1963470319634704 1400
1747395026854 3.219178082191781 1410
1747395026855 3.219178082191781 1410
1747395028886 3.2420091324200913 1420
1747395028885 3.2420091324200913 1420
1747395030909 3.2648401826484017 1430
1747395030911 3.2648401826484017 1430
1747395032939 3.287671232876712 1440
1747395032940 3.287671232876712 1440
1747395034964 3.3105022831050226 1450
1747395034966 3.3105022831050226 1450
1747395036980 3.3333333333333335 1460
1747395036981 3.3333333333333335 1460
1747395039007 3.356164383561644 1470
1747395039008 3.356164383561644 1470
1747395041045 3.3789954337899544 1480
1747395041047 3.3789954337899544 1480
1747395043071 3.401826484018265 1490
1747395043072 3.401826484018265 1490
1747395045101 3.4246575342465753 1500
1747395045102 3.4246575342465753 1500
1747395047128 3.4474885844748857 1510
1747395047127 3.4474885844748857 1510
1747395049142 3.470319634703196 1520
1747395049143 3.470319634703196 1520
1747395051169 3.493150684931507 1530
1747395051171 3.493150684931507 1530
1747395053202 3.5159817351598175 1540
1747395053203 3.5159817351598175 1540
1747395055227 3.538812785388128 1550
1747395055228 3.538812785388128 1550
1747395057248 3.5616438356164384 1560
1747395057249 3.5616438356164384 1560
1747395059269 3.584474885844749 1570
1747395059271 3.584474885844749 1570
1747395061316 3.6073059360730593 1580
1747395061318 3.6073059360730593 1580
1747395063346 3.6301369863013697 1590
1747395063347 3.6301369863013697 1590
1747395065383 3.65296803652968 1600
1747395065384 3.65296803652968 1600
1747395067398 3.6757990867579906 1610
1747395067399 3.6757990867579906 1610
1747395069417 3.6986301369863015 1620
1747395069418 3.6986301369863015 1620
1747395071449 3.721461187214612 1630
1747395071450 3.721461187214612 1630
1747395073475 3.7442922374429224 1640
1747395073474 3.7442922374429224 1640
1747395075501 3.767123287671233 1650
1747395075502 3.767123287671233 1650
1747395077528 3.7899543378995433 1660
1747395077529 3.7899543378995433 1660
1747395079556 3.8127853881278537 1670
1747395079557 3.8127853881278537 1670
1747395081582 3.8356164383561646 1680
1747395081583 3.8356164383561646 1680
1747395083606 3.858447488584475 1690
1747395083607 3.858447488584475 1690
1747395085709 3.8812785388127855 1700
1747395085710 3.8812785388127855 1700
1747395087743 3.904109589041096 1710
1747395087744 3.904109589041096 1710
1747395089770 3.9269406392694064 1720
1747395089772 3.9269406392694064 1720
1747395091811 3.949771689497717 1730
1747395091812 3.949771689497717 1730
1747395093834 3.9726027397260273 1740
1747395093835 3.9726027397260273 1740
1747395095855 3.9954337899543377 1750
1747395095857 3.9954337899543377 1750
1747395102291 4.0 1752
1747395102292 4.0 1752
1747395105317 4.018264840182648 1760
1747395105316 4.018264840182648 1760
1747395107347 4.041095890410959 1770
1747395107347 4.041095890410959 1770
1747395109376 4.063926940639269 1780
1747395109377 4.063926940639269 1780
1747395111401 4.0867579908675795 1790
1747395111402 4.0867579908675795 1790
1747395113427 4.109589041095891 1800
1747395113429 4.109589041095891 1800
1747395115469 4.132420091324201 1810
1747395115470 4.132420091324201 1810
1747395117482 4.155251141552512 1820
1747395117483 4.155251141552512 1820
1747395119512 4.178082191780822 1830
1747395119513 4.178082191780822 1830
1747395121556 4.200913242009133 1840
1747395121557 4.200913242009133 1840
1747395123597 4.223744292237443 1850
1747395123598 4.223744292237443 1850
1747395125626 4.2465753424657535 1860
1747395125628 4.2465753424657535 1860
1747395127658 4.269406392694064 1870
1747395127660 4.269406392694064 1870
1747395129703 4.292237442922374 1880
1747395129705 4.292237442922374 1880
1747395131743 4.315068493150685 1890
1747395131745 4.315068493150685 1890
1747395133799 4.337899543378995 1900
1747395133800 4.337899543378995 1900
1747395135830 4.360730593607306 1910
1747395135831 4.360730593607306 1910
1747395137849 4.383561643835616 1920
1747395137850 4.383561643835616 1920
1747395139874 4.406392694063927 1930
1747395139876 4.406392694063927 1930
1747395141900 4.429223744292237 1940
1747395141901 4.429223744292237 1940
1747395143924 4.4520547945205475 1950
1747395143924 4.4520547945205475 1950
1747395145938 4.474885844748858 1960
1747395145939 4.474885844748858 1960
1747395147966 4.497716894977169 1970
1747395147967 4.497716894977169 1970
1747395150009 4.52054794520548 1980
1747395150008 4.52054794520548 1980
1747395152034 4.54337899543379 1990
1747395152035 4.54337899543379 1990
1747395154053 4.566210045662101 2000
1747395154054 4.566210045662101 2000
1747395156074 4.589041095890411 2010
1747395156076 4.589041095890411 2010
1747395158119 4.6118721461187215 2020
1747395158120 4.6118721461187215 2020
1747395160162 4.634703196347032 2030
1747395160163 4.634703196347032 2030
1747395162189 4.657534246575342 2040
1747395162190 4.657534246575342 2040
1747395164216 4.680365296803653 2050
1747395164217 4.680365296803653 2050
1747395166266 4.703196347031963 2060
1747395166267 4.703196347031963 2060
1747395168311 4.726027397260274 2070
1747395168313 4.726027397260274 2070
1747395170354 4.748858447488584 2080
1747395170355 4.748858447488584 2080
1747395172375 4.771689497716895 2090
1747395172376 4.771689497716895 2090
1747395174393 4.794520547945205 2100
1747395174394 4.794520547945205 2100
1747395176428 4.817351598173516 2110
1747395176429 4.817351598173516 2110
1747395178463 4.840182648401827 2120
1747395178465 4.840182648401827 2120
1747395180488 4.863013698630137 2130
1747395180489 4.863013698630137 2130
1747395182507 4.885844748858448 2140
1747395182508 4.885844748858448 2140
1747395184551 4.908675799086758 2150
1747395184553 4.908675799086758 2150
1747395186590 4.931506849315069 2160
1747395186592 4.931506849315069 2160
1747395188618 4.954337899543379 2170
1747395188620 4.954337899543379 2170
1747395190653 4.9771689497716896 2180
1747395190654 4.9771689497716896 2180
1747395192605 5.0 2190
1747395192606 5.0 2190
1747395198728 5.0 2190
1747395198729 5.0 2190
1747395200083 5.0 2190
1747395200084 5.0 2190
