1747394725196 2.0024988651275635 10
1747394725197 2.0024988651275635 10
1747394727105 3.724116802215576 20
1747394727106 3.724116802215576 20
1747394729023 4.8045573234558105 30
1747394729024 4.8045573234558105 30
1747394730955 9.745275497436523 40
1747394730956 9.745275497436523 40
1747394732886 0.2271413803100586 50
1747394732888 0.2271413803100586 50
1747394734815 1.6655985116958618 60
1747394734816 1.6655985116958618 60
1747394736752 7.203114986419678 70
1747394736753 7.203114986419678 70
1747394738684 9.689504623413086 80
1747394738685 9.689504623413086 80
1747394740614 11.396864891052246 90
1747394740616 11.396864891052246 90
1747394742559 0.0774090588092804 100
1747394742561 0.0774090588092804 100
1747394744504 1.1022711992263794 110
1747394744506 1.1022711992263794 110
1747394746446 1.6684825420379639 120
1747394746447 1.6684825420379639 120
1747394748393 0.0670824721455574 130
1747394748394 0.0670824721455574 130
1747394750348 9.80684757232666 140
1747394750349 9.80684757232666 140
1747394752311 0.707633376121521 150
1747394752312 0.707633376121521 150
1747394754265 2.937838315963745 160
1747394754266 2.937838315963745 160
1747394756220 0.7652522325515747 170
1747394756221 0.7652522325515747 170
1747394758185 5.76812744140625 180
1747394758186 5.76812744140625 180
1747394760154 0.08092939853668213 190
1747394760154 0.08092939853668213 190
1747394762108 0.03745358809828758 200
1747394762109 0.03745358809828758 200
1747394764067 0.05486247316002846 210
1747394764068 0.05486247316002846 210
1747394766032 0.08116784691810608 220
1747394766033 0.08116784691810608 220
1747394767999 1.1855601072311401 230
1747394768000 1.1855601072311401 230
1747394769957 6.0377397537231445 240
1747394769958 6.0377397537231445 240
1747394771923 7.25147008895874 250
1747394771925 7.25147008895874 250
1747394773900 0.32788845896720886 260
1747394773901 0.32788845896720886 260
1747394775869 0.02588929980993271 270
1747394775870 0.02588929980993271 270
1747394777836 2.4915082454681396 280
1747394777837 2.4915082454681396 280
1747394779811 0.0350240059196949 290
1747394779812 0.0350240059196949 290
1747394781786 0.3189779818058014 300
1747394781788 0.3189779818058014 300
1747394783767 0.01779245398938656 310
1747394783768 0.01779245398938656 310
1747394785733 0.05135742947459221 320
1747394785734 0.05135742947459221 320
1747394787714 0.024725371971726418 330
1747394787715 0.024725371971726418 330
1747394789698 0.02447645738720894 340
1747394789699 0.02447645738720894 340
1747394791682 0.12715914845466614 350
1747394791683 0.12715914845466614 350
1747394793674 1.6931536197662354 360
1747394793675 1.6931536197662354 360
1747394795662 0.00898983608931303 370
1747394795663 0.00898983608931303 370
1747394797642 0.011124825105071068 380
1747394797643 0.011124825105071068 380
1747394799633 1.8844088315963745 390
1747394799634 1.8844088315963745 390
1747394801616 0.01446474064141512 400
1747394801617 0.01446474064141512 400
1747394803604 0.030491480603814125 410
1747394803605 0.030491480603814125 410
1747394805600 0.020179057493805885 420
1747394805601 0.020179057493805885 420
1747394807602 0.0638781487941742 430
1747394807604 0.0638781487941742 430
1747394816778 0.13499850034713745 440
1747394816779 0.13499850034713745 440
1747394818788 0.015593057498335838 450
1747394818789 0.015593057498335838 450
1747394820784 0.03127622976899147 460
1747394820785 0.03127622976899147 460
1747394822772 0.6627892255783081 470
1747394822772 0.6627892255783081 470
1747394824760 0.025449806824326515 480
1747394824762 0.025449806824326515 480
1747394826762 0.01611669920384884 490
1747394826763 0.01611669920384884 490
1747394828768 0.01664157584309578 500
1747394828770 0.01664157584309578 500
1747394830774 0.44511646032333374 510
1747394830775 0.44511646032333374 510
1747394832763 0.016603311523795128 520
1747394832764 0.016603311523795128 520
1747394834755 0.011171608231961727 530
1747394834756 0.011171608231961727 530
1747394836757 0.008790704421699047 540
1747394836758 0.008790704421699047 540
1747394838774 0.19522948563098907 550
1747394838776 0.19522948563098907 550
1747394840783 0.03255990147590637 560
1747394840784 0.03255990147590637 560
1747394842796 0.5221222639083862 570
1747394842797 0.5221222639083862 570
1747394844800 0.12990257143974304 580
1747394844801 0.12990257143974304 580
1747394846802 0.010182774625718594 590
1747394846803 0.010182774625718594 590
1747394848811 0.45315179228782654 600
1747394848812 0.45315179228782654 600
1747394850825 0.007453810889273882 610
1747394850826 0.007453810889273882 610
1747394852830 0.008665952831506729 620
1747394852831 0.008665952831506729 620
1747394854830 0.005580595228821039 630
1747394854832 0.005580595228821039 630
1747394856828 0.005774637684226036 640
1747394856829 0.005774637684226036 640
1747394858828 0.0044054901227355 650
1747394858828 0.0044054901227355 650
1747394860827 0.004914590157568455 660
1747394860828 0.004914590157568455 660
1747394862841 0.013179613277316093 670
1747394862842 0.013179613277316093 670
1747394864844 0.00509599968791008 680
1747394864845 0.00509599968791008 680
1747394866841 0.0038629190530627966 690
1747394866842 0.0038629190530627966 690
1747394868837 0.005947033409029245 700
1747394868839 0.005947033409029245 700
1747394870850 0.005484418943524361 710
1747394870851 0.005484418943524361 710
1747394872868 0.0048049818724393845 720
1747394872870 0.0048049818724393845 720
1747394874871 0.004324615467339754 730
1747394874872 0.004324615467339754 730
1747394876872 0.0299975723028183 740
1747394876873 0.0299975723028183 740
1747394878887 0.0034773496445268393 750
1747394878889 0.0034773496445268393 750
1747394880895 0.004057759884744883 760
1747394880896 0.004057759884744883 760
1747394882921 0.0029970949981361628 770
1747394882922 0.0029970949981361628 770
1747394884936 0.002690056338906288 780
1747394884937 0.002690056338906288 780
1747394886953 2.106919527053833 790
1747394886954 2.106919527053833 790
1747394888963 0.006669494789093733 800
1747394888964 0.006669494789093733 800
1747394890977 0.011631897650659084 810
1747394890978 0.011631897650659084 810
1747394892975 0.014208919368684292 820
1747394892976 0.014208919368684292 820
1747394894982 0.0077401199378073215 830
1747394894984 0.0077401199378073215 830
1747394897012 0.009019996970891953 840
1747394897013 0.009019996970891953 840
1747394899040 0.024829434230923653 850
1747394899043 0.024829434230923653 850
1747394901057 0.0076287733390927315 860
1747394901057 0.0076287733390927315 860
1747394903062 0.006399709265679121 870
1747394903063 0.006399709265679121 870
1747394912395 0.019994264468550682 880
1747394912396 0.019994264468550682 880
1747394914493 0.01903112791478634 890
1747394914494 0.01903112791478634 890
1747394916522 0.006197485141456127 900
1747394916524 0.006197485141456127 900
1747394918535 0.0055839186534285545 910
1747394918536 0.0055839186534285545 910
1747394920560 0.004425864666700363 920
1747394920561 0.004425864666700363 920
1747394922583 0.0036956509575247765 930
1747394922584 0.0036956509575247765 930
1747394924589 0.003878579707816243 940
1747394924590 0.003878579707816243 940
1747394926595 0.005459446460008621 950
1747394926596 0.005459446460008621 950
1747394928616 0.003449855837970972 960
1747394928617 0.003449855837970972 960
1747394930637 0.003602032782509923 970
1747394930638 0.003602032782509923 970
1747394932657 0.0034120571799576283 980
1747394932657 0.0034120571799576283 980
1747394934668 0.003373748390004039 990
1747394934669 0.003373748390004039 990
1747394936686 0.0028577225748449564 1000
1747394936687 0.0028577225748449564 1000
1747394938696 0.0022740939166396856 1010
1747394938697 0.0022740939166396856 1010
1747394940714 0.0019347688648849726 1020
1747394940714 0.0019347688648849726 1020
1747394942727 0.004215393215417862 1030
1747394942729 0.004215393215417862 1030
1747394944742 0.006014605052769184 1040
1747394944743 0.006014605052769184 1040
1747394946757 0.0028554669115692377 1050
1747394946759 0.0028554669115692377 1050
1747394948779 0.12428753823041916 1060
1747394948780 0.12428753823041916 1060
1747394950796 0.0022353711538016796 1070
1747394950797 0.0022353711538016796 1070
1747394952842 0.002563492162153125 1080
1747394952843 0.002563492162153125 1080
1747394954853 0.006498995237052441 1090
1747394954855 0.006498995237052441 1090
1747394956874 0.0023084254935383797 1100
1747394956875 0.0023084254935383797 1100
1747394958885 0.001970886252820492 1110
1747394958885 0.001970886252820492 1110
1747394960898 0.002002285560593009 1120
1747394960900 0.002002285560593009 1120
1747394962925 0.008878224529325962 1130
1747394962926 0.008878224529325962 1130
1747394964944 0.0016690818592905998 1140
1747394964946 0.0016690818592905998 1140
1747394966979 0.0025926907546818256 1150
1747394966980 0.0025926907546818256 1150
1747394969001 0.0021442421711981297 1160
1747394969002 0.0021442421711981297 1160
1747394971011 0.004047808237373829 1170
1747394971012 0.004047808237373829 1170
1747394973034 0.0023233587853610516 1180
1747394973036 0.0023233587853610516 1180
1747394975052 0.001456223544664681 1190
1747394975053 0.001456223544664681 1190
1747394977068 0.001357443630695343 1200
1747394977070 0.001357443630695343 1200
1747394979087 0.001396113308146596 1210
1747394979088 0.001396113308146596 1210
1747394981098 0.0011660754680633545 1220
1747394981097 0.0011660754680633545 1220
1747394983123 0.0014120432315394282 1230
1747394983124 0.0014120432315394282 1230
1747394985147 0.0012611348647624254 1240
1747394985147 0.0012611348647624254 1240
1747394987160 0.0011040462413802743 1250
1747394987161 0.0011040462413802743 1250
1747394989174 0.0016498632030561566 1260
1747394989175 0.0016498632030561566 1260
1747394991196 0.001369228819385171 1270
1747394991198 0.001369228819385171 1270
1747394993224 0.0013903528451919556 1280
1747394993225 0.0013903528451919556 1280
1747394995252 0.001602236065082252 1290
1747394995253 0.001602236065082252 1290
1747394997284 0.0013394723646342754 1300
1747394997285 0.0013394723646342754 1300
1747394999307 0.0009815020021051168 1310
1747394999309 0.0009815020021051168 1310
1747395008650 0.0014717618469148874 1320
1747395008651 0.0014717618469148874 1320
1747395010670 0.0014090081676840782 1330
1747395010671 0.0014090081676840782 1330
1747395012698 0.001175319543108344 1340
1747395012699 0.001175319543108344 1340
1747395014718 0.0010326465126127005 1350
1747395014719 0.0010326465126127005 1350
1747395016738 0.0014004918048158288 1360
1747395016739 0.0014004918048158288 1360
1747395018759 0.0011706087971106172 1370
1747395018760 0.0011706087971106172 1370
1747395020779 0.001292667118832469 1380
1747395020780 0.001292667118832469 1380
1747395022798 0.0009804139845073223 1390
1747395022800 0.0009804139845073223 1390
1747395024830 0.0017977505922317505 1400
1747395024831 0.0017977505922317505 1400
1747395026854 0.0009711059974506497 1410
1747395026855 0.0009711059974506497 1410
1747395028886 0.0008599431021139026 1420
1747395028885 0.0008599431021139026 1420
1747395030909 0.0010864477371796966 1430
1747395030911 0.0010864477371796966 1430
1747395032939 0.0011169040808454156 1440
1747395032940 0.0011169040808454156 1440
1747395034964 0.0008309907279908657 1450
1747395034966 0.0008309907279908657 1450
1747395036980 0.0009711905149742961 1460
1747395036981 0.0009711905149742961 1460
1747395039007 0.0008312729187309742 1470
1747395039008 0.0008312729187309742 1470
1747395041045 0.0009679343784227967 1480
1747395041047 0.0009679343784227967 1480
1747395043071 0.0009459357243031263 1490
1747395043072 0.0009459357243031263 1490
1747395045101 0.0010682458523660898 1500
1747395045102 0.0010682458523660898 1500
1747395047128 0.0006829341291449964 1510
1747395047127 0.0006829341291449964 1510
1747395049142 0.0005712060374207795 1520
1747395049143 0.0005712060374207795 1520
1747395051169 0.0007148875738494098 1530
1747395051171 0.0007148875738494098 1530
1747395053202 0.0006655477336607873 1540
1747395053203 0.0006655477336607873 1540
1747395055227 0.000730863306671381 1550
1747395055228 0.000730863306671381 1550
1747395057248 0.0009398136753588915 1560
1747395057249 0.0009398136753588915 1560
1747395059269 0.0007713849190622568 1570
1747395059271 0.0007713849190622568 1570
1747395061316 0.0005983514711260796 1580
1747395061318 0.0005983514711260796 1580
1747395063346 0.0006842815782874823 1590
1747395063347 0.0006842815782874823 1590
1747395065383 0.0006961417384445667 1600
1747395065384 0.0006961417384445667 1600
1747395067398 0.0006335643702186644 1610
1747395067399 0.0006335643702186644 1610
1747395069417 0.0008322595385834575 1620
1747395069418 0.0008322595385834575 1620
1747395071449 0.0004537454806268215 1630
1747395071450 0.0004537454806268215 1630
1747395073475 0.0006696542841382325 1640
1747395073474 0.0006696542841382325 1640
1747395075501 0.0008366332040168345 1650
1747395075502 0.0008366332040168345 1650
1747395077528 0.000884597422555089 1660
1747395077529 0.000884597422555089 1660
1747395079556 0.0009460582514293492 1670
1747395079557 0.0009460582514293492 1670
1747395081582 0.000778279616497457 1680
1747395081583 0.000778279616497457 1680
1747395083606 0.0005337668699212372 1690
1747395083607 0.0005337668699212372 1690
1747395085709 0.0004727137857116759 1700
1747395085710 0.0004727137857116759 1700
1747395087743 0.0008266826625913382 1710
1747395087744 0.0008266826625913382 1710
1747395089770 0.0005782049847766757 1720
1747395089772 0.0005782049847766757 1720
1747395091811 0.0007087679696269333 1730
1747395091812 0.0007087679696269333 1730
1747395093834 0.0004631627525668591 1740
1747395093835 0.0004631627525668591 1740
1747395095855 0.0006762188277207315 1750
1747395095857 0.0006762188277207315 1750
1747395105317 0.0010895592859014869 1760
1747395105316 0.0010895592859014869 1760
1747395107347 0.00043477065628394485 1770
1747395107347 0.00043477065628394485 1770
1747395109376 0.0007449274999089539 1780
1747395109377 0.0007449274999089539 1780
1747395111401 0.000988301821053028 1790
1747395111402 0.000988301821053028 1790
1747395113427 0.0006545556243509054 1800
1747395113429 0.0006545556243509054 1800
1747395115469 0.0005976713728159666 1810
1747395115470 0.0005976713728159666 1810
1747395117482 0.0006699278019368649 1820
1747395117483 0.0006699278019368649 1820
1747395119512 0.0006962010520510375 1830
1747395119513 0.0006962010520510375 1830
1747395121556 0.0005857972428202629 1840
1747395121557 0.0005857972428202629 1840
1747395123597 0.0004895273596048355 1850
1747395123598 0.0004895273596048355 1850
1747395125626 0.001099451445043087 1860
1747395125628 0.001099451445043087 1860
1747395127658 0.0006284441915340722 1870
1747395127660 0.0006284441915340722 1870
1747395129703 58.21646499633789 1880
1747395129705 58.21646499633789 1880
1747395131743 0.0005096651730127633 1890
1747395131745 0.0005096651730127633 1890
1747395133799 0.0005950134363956749 1900
1747395133800 0.0005950134363956749 1900
1747395135830 0.000424552068579942 1910
1747395135831 0.000424552068579942 1910
1747395137849 0.00041846567182801664 1920
1747395137850 0.00041846567182801664 1920
1747395139874 0.0006133030983619392 1930
1747395139876 0.0006133030983619392 1930
1747395141900 0.0005062825512140989 1940
1747395141901 0.0005062825512140989 1940
1747395143924 0.0005026942235417664 1950
1747395143924 0.0005026942235417664 1950
1747395145938 0.0005992126534692943 1960
1747395145939 0.0005992126534692943 1960
1747395147966 36.636802673339844 1970
1747395147967 36.636802673339844 1970
1747395150009 0.009525531902909279 1980
1747395150008 0.009525531902909279 1980
1747395152034 2.0804572105407715 1990
1747395152035 2.0804572105407715 1990
1747395154053 0.00033167656511068344 2000
1747395154054 0.00033167656511068344 2000
1747395156074 2.9059126377105713 2010
1747395156076 2.9059126377105713 2010
1747395158119 0.000777698471210897 2020
1747395158120 0.000777698471210897 2020
1747395160162 0.44658440351486206 2030
1747395160163 0.44658440351486206 2030
1747395162189 0.03822806105017662 2040
1747395162190 0.03822806105017662 2040
1747395164216 0.005993618629872799 2050
1747395164217 0.005993618629872799 2050
1747395166266 0.001471053808927536 2060
1747395166267 0.001471053808927536 2060
1747395168311 0.0033584635239094496 2070
1747395168313 0.0033584635239094496 2070
1747395170354 0.0008827705751173198 2080
1747395170355 0.0008827705751173198 2080
1747395172375 0.0007830507238395512 2090
1747395172376 0.0007830507238395512 2090
1747395174393 0.0006330129108391702 2100
1747395174394 0.0006330129108391702 2100
1747395176428 0.0016363664763048291 2110
1747395176429 0.0016363664763048291 2110
1747395178463 0.0006410235655494034 2120
1747395178465 0.0006410235655494034 2120
1747395180488 0.0006194447632879019 2130
1747395180489 0.0006194447632879019 2130
1747395182507 14.464757919311523 2140
1747395182508 14.464757919311523 2140
1747395184551 0.002100735902786255 2150
1747395184553 0.002100735902786255 2150
1747395186590 0.0009763774578459561 2160
1747395186592 0.0009763774578459561 2160
1747395188618 0.0007540224469266832 2170
1747395188620 0.0007540224469266832 2170
1747395190653 0.2463669776916504 2180
1747395190654 0.2463669776916504 2180
1747395192605 0.0006282066460698843 2190
1747395192606 0.0006282066460698843 2190
