1747394725196 4.988584474885845e-05 10
1747394725197 4.988584474885845e-05 10
1747394727105 4.977168949771689e-05 20
1747394727106 4.977168949771689e-05 20
1747394729023 4.9657534246575346e-05 30
1747394729024 4.9657534246575346e-05 30
1747394730955 4.9543378995433794e-05 40
1747394730956 4.9543378995433794e-05 40
1747394732886 4.942922374429224e-05 50
1747394732888 4.942922374429224e-05 50
1747394734815 4.9315068493150684e-05 60
1747394734816 4.9315068493150684e-05 60
1747394736752 4.920091324200913e-05 70
1747394736753 4.920091324200913e-05 70
1747394738684 4.908675799086758e-05 80
1747394738685 4.908675799086758e-05 80
1747394740614 4.8972602739726034e-05 90
1747394740616 4.8972602739726034e-05 90
1747394742559 4.8858447488584476e-05 100
1747394742561 4.8858447488584476e-05 100
1747394744504 4.8744292237442924e-05 110
1747394744506 4.8744292237442924e-05 110
1747394746446 4.863013698630137e-05 120
1747394746447 4.863013698630137e-05 120
1747394748393 4.851598173515982e-05 130
1747394748394 4.851598173515982e-05 130
1747394750348 4.840182648401827e-05 140
1747394750349 4.840182648401827e-05 140
1747394752311 4.8287671232876716e-05 150
1747394752312 4.8287671232876716e-05 150
1747394754265 4.8173515981735164e-05 160
1747394754266 4.8173515981735164e-05 160
1747394756220 4.805936073059361e-05 170
1747394756221 4.805936073059361e-05 170
1747394758185 4.794520547945205e-05 180
1747394758186 4.794520547945205e-05 180
1747394760154 4.78310502283105e-05 190
1747394760154 4.78310502283105e-05 190
1747394762108 4.7716894977168955e-05 200
1747394762109 4.7716894977168955e-05 200
1747394764067 4.7602739726027403e-05 210
1747394764068 4.7602739726027403e-05 210
1747394766032 4.7488584474885845e-05 220
1747394766033 4.7488584474885845e-05 220
1747394767999 4.737442922374429e-05 230
1747394768000 4.737442922374429e-05 230
1747394769957 4.726027397260274e-05 240
1747394769958 4.726027397260274e-05 240
1747394771923 4.714611872146119e-05 250
1747394771925 4.714611872146119e-05 250
1747394773900 4.703196347031964e-05 260
1747394773901 4.703196347031964e-05 260
1747394775869 4.6917808219178085e-05 270
1747394775870 4.6917808219178085e-05 270
1747394777836 4.680365296803653e-05 280
1747394777837 4.680365296803653e-05 280
1747394779811 4.668949771689498e-05 290
1747394779812 4.668949771689498e-05 290
1747394781786 4.657534246575342e-05 300
1747394781788 4.657534246575342e-05 300
1747394783767 4.646118721461187e-05 310
1747394783768 4.646118721461187e-05 310
1747394785733 4.6347031963470325e-05 320
1747394785734 4.6347031963470325e-05 320
1747394787714 4.623287671232877e-05 330
1747394787715 4.623287671232877e-05 330
1747394789698 4.6118721461187214e-05 340
1747394789699 4.6118721461187214e-05 340
1747394791682 4.600456621004566e-05 350
1747394791683 4.600456621004566e-05 350
1747394793674 4.589041095890411e-05 360
1747394793675 4.589041095890411e-05 360
1747394795662 4.577625570776256e-05 370
1747394795663 4.577625570776256e-05 370
1747394797642 4.5662100456621006e-05 380
1747394797643 4.5662100456621006e-05 380
1747394799633 4.5547945205479454e-05 390
1747394799634 4.5547945205479454e-05 390
1747394801616 4.54337899543379e-05 400
1747394801617 4.54337899543379e-05 400
1747394803604 4.531963470319635e-05 410
1747394803605 4.531963470319635e-05 410
1747394805600 4.520547945205479e-05 420
1747394805601 4.520547945205479e-05 420
1747394807602 4.5091324200913246e-05 430
1747394807604 4.5091324200913246e-05 430
1747394816778 4.4977168949771694e-05 440
1747394816779 4.4977168949771694e-05 440
1747394818788 4.486301369863014e-05 450
1747394818789 4.486301369863014e-05 450
1747394820784 4.474885844748858e-05 460
1747394820785 4.474885844748858e-05 460
1747394822772 4.463470319634703e-05 470
1747394822772 4.463470319634703e-05 470
1747394824760 4.452054794520548e-05 480
1747394824762 4.452054794520548e-05 480
1747394826762 4.4406392694063934e-05 490
1747394826763 4.4406392694063934e-05 490
1747394828768 4.4292237442922375e-05 500
1747394828770 4.4292237442922375e-05 500
1747394830774 4.417808219178082e-05 510
1747394830775 4.417808219178082e-05 510
1747394832763 4.406392694063927e-05 520
1747394832764 4.406392694063927e-05 520
1747394834755 4.394977168949772e-05 530
1747394834756 4.394977168949772e-05 530
1747394836757 4.383561643835617e-05 540
1747394836758 4.383561643835617e-05 540
1747394838774 4.3721461187214615e-05 550
1747394838776 4.3721461187214615e-05 550
1747394840783 4.360730593607306e-05 560
1747394840784 4.360730593607306e-05 560
1747394842796 4.349315068493151e-05 570
1747394842797 4.349315068493151e-05 570
1747394844800 4.337899543378995e-05 580
1747394844801 4.337899543378995e-05 580
1747394846802 4.32648401826484e-05 590
1747394846803 4.32648401826484e-05 590
1747394848811 4.3150684931506855e-05 600
1747394848812 4.3150684931506855e-05 600
1747394850825 4.30365296803653e-05 610
1747394850826 4.30365296803653e-05 610
1747394852830 4.2922374429223744e-05 620
1747394852831 4.2922374429223744e-05 620
1747394854830 4.280821917808219e-05 630
1747394854832 4.280821917808219e-05 630
1747394856828 4.269406392694064e-05 640
1747394856829 4.269406392694064e-05 640
1747394858828 4.257990867579909e-05 650
1747394858828 4.257990867579909e-05 650
1747394860827 4.2465753424657536e-05 660
1747394860828 4.2465753424657536e-05 660
1747394862841 4.2351598173515984e-05 670
1747394862842 4.2351598173515984e-05 670
1747394864844 4.223744292237443e-05 680
1747394864845 4.223744292237443e-05 680
1747394866841 4.212328767123288e-05 690
1747394866842 4.212328767123288e-05 690
1747394868837 4.200913242009132e-05 700
1747394868839 4.200913242009132e-05 700
1747394870850 4.1894977168949776e-05 710
1747394870851 4.1894977168949776e-05 710
1747394872868 4.1780821917808224e-05 720
1747394872870 4.1780821917808224e-05 720
1747394874871 4.166666666666667e-05 730
1747394874872 4.166666666666667e-05 730
1747394876872 4.155251141552511e-05 740
1747394876873 4.155251141552511e-05 740
1747394878887 4.143835616438356e-05 750
1747394878889 4.143835616438356e-05 750
1747394880895 4.132420091324201e-05 760
1747394880896 4.132420091324201e-05 760
1747394882921 4.121004566210046e-05 770
1747394882922 4.121004566210046e-05 770
1747394884936 4.1095890410958905e-05 780
1747394884937 4.1095890410958905e-05 780
1747394886953 4.098173515981735e-05 790
1747394886954 4.098173515981735e-05 790
1747394888963 4.08675799086758e-05 800
1747394888964 4.08675799086758e-05 800
1747394890977 4.075342465753425e-05 810
1747394890978 4.075342465753425e-05 810
1747394892975 4.063926940639269e-05 820
1747394892976 4.063926940639269e-05 820
1747394894982 4.0525114155251145e-05 830
1747394894984 4.0525114155251145e-05 830
1747394897012 4.041095890410959e-05 840
1747394897013 4.041095890410959e-05 840
1747394899040 4.029680365296804e-05 850
1747394899043 4.029680365296804e-05 850
1747394901057 4.018264840182648e-05 860
1747394901057 4.018264840182648e-05 860
1747394903062 4.006849315068493e-05 870
1747394903063 4.006849315068493e-05 870
1747394912395 3.995433789954338e-05 880
1747394912396 3.995433789954338e-05 880
1747394914493 3.984018264840183e-05 890
1747394914494 3.984018264840183e-05 890
1747394916522 3.9726027397260274e-05 900
1747394916524 3.9726027397260274e-05 900
1747394918535 3.961187214611872e-05 910
1747394918536 3.961187214611872e-05 910
1747394920560 3.949771689497717e-05 920
1747394920561 3.949771689497717e-05 920
1747394922583 3.938356164383562e-05 930
1747394922584 3.938356164383562e-05 930
1747394924589 3.9269406392694066e-05 940
1747394924590 3.9269406392694066e-05 940
1747394926595 3.9155251141552514e-05 950
1747394926596 3.9155251141552514e-05 950
1747394928616 3.904109589041096e-05 960
1747394928617 3.904109589041096e-05 960
1747394930637 3.892694063926941e-05 970
1747394930638 3.892694063926941e-05 970
1747394932657 3.881278538812785e-05 980
1747394932657 3.881278538812785e-05 980
1747394934668 3.86986301369863e-05 990
1747394934669 3.86986301369863e-05 990
1747394936686 3.8584474885844754e-05 1000
1747394936687 3.8584474885844754e-05 1000
1747394938696 3.84703196347032e-05 1010
1747394938697 3.84703196347032e-05 1010
1747394940714 3.8356164383561644e-05 1020
1747394940714 3.8356164383561644e-05 1020
1747394942727 3.824200913242009e-05 1030
1747394942729 3.824200913242009e-05 1030
1747394944742 3.812785388127854e-05 1040
1747394944743 3.812785388127854e-05 1040
1747394946757 3.801369863013699e-05 1050
1747394946759 3.801369863013699e-05 1050
1747394948779 3.7899543378995436e-05 1060
1747394948780 3.7899543378995436e-05 1060
1747394950796 3.7785388127853884e-05 1070
1747394950797 3.7785388127853884e-05 1070
1747394952842 3.767123287671233e-05 1080
1747394952843 3.767123287671233e-05 1080
1747394954853 3.755707762557078e-05 1090
1747394954855 3.755707762557078e-05 1090
1747394956874 3.744292237442922e-05 1100
1747394956875 3.744292237442922e-05 1100
1747394958885 3.7328767123287675e-05 1110
1747394958885 3.7328767123287675e-05 1110
1747394960898 3.7214611872146123e-05 1120
1747394960900 3.7214611872146123e-05 1120
1747394962925 3.710045662100457e-05 1130
1747394962926 3.710045662100457e-05 1130
1747394964944 3.698630136986301e-05 1140
1747394964946 3.698630136986301e-05 1140
1747394966979 3.687214611872146e-05 1150
1747394966980 3.687214611872146e-05 1150
1747394969002 3.675799086757991e-05 1160
1747394969001 3.675799086757991e-05 1160
1747394971011 3.664383561643836e-05 1170
1747394971012 3.664383561643836e-05 1170
1747394973034 3.6529680365296805e-05 1180
1747394973036 3.6529680365296805e-05 1180
1747394975052 3.641552511415525e-05 1190
1747394975053 3.641552511415525e-05 1190
1747394977068 3.63013698630137e-05 1200
1747394977070 3.63013698630137e-05 1200
1747394979087 3.618721461187215e-05 1210
1747394979088 3.618721461187215e-05 1210
1747394981098 3.60730593607306e-05 1220
1747394981097 3.60730593607306e-05 1220
1747394983123 3.5958904109589045e-05 1230
1747394983124 3.5958904109589045e-05 1230
1747394985147 3.584474885844749e-05 1240
1747394985147 3.584474885844749e-05 1240
1747394987160 3.573059360730594e-05 1250
1747394987161 3.573059360730594e-05 1250
1747394989174 3.561643835616438e-05 1260
1747394989175 3.561643835616438e-05 1260
1747394991196 3.550228310502283e-05 1270
1747394991198 3.550228310502283e-05 1270
1747394993224 3.538812785388128e-05 1280
1747394993225 3.538812785388128e-05 1280
1747394995252 3.527397260273973e-05 1290
1747394995253 3.527397260273973e-05 1290
1747394997284 3.5159817351598174e-05 1300
1747394997285 3.5159817351598174e-05 1300
1747394999307 3.504566210045662e-05 1310
1747394999309 3.504566210045662e-05 1310
1747395008650 3.493150684931507e-05 1320
1747395008651 3.493150684931507e-05 1320
1747395010670 3.481735159817352e-05 1330
1747395010671 3.481735159817352e-05 1330
1747395012698 3.4703196347031966e-05 1340
1747395012699 3.4703196347031966e-05 1340
1747395014718 3.4589041095890414e-05 1350
1747395014719 3.4589041095890414e-05 1350
1747395016738 3.447488584474886e-05 1360
1747395016739 3.447488584474886e-05 1360
1747395018759 3.436073059360731e-05 1370
1747395018760 3.436073059360731e-05 1370
1747395020779 3.424657534246575e-05 1380
1747395020780 3.424657534246575e-05 1380
1747395022798 3.41324200913242e-05 1390
1747395022800 3.41324200913242e-05 1390
1747395024830 3.4018264840182654e-05 1400
1747395024831 3.4018264840182654e-05 1400
1747395026854 3.39041095890411e-05 1410
1747395026855 3.39041095890411e-05 1410
1747395028886 3.378995433789954e-05 1420
1747395028885 3.378995433789954e-05 1420
1747395030909 3.367579908675799e-05 1430
1747395030911 3.367579908675799e-05 1430
1747395032939 3.356164383561644e-05 1440
1747395032940 3.356164383561644e-05 1440
1747395034964 3.344748858447489e-05 1450
1747395034966 3.344748858447489e-05 1450
1747395036980 3.3333333333333335e-05 1460
1747395036981 3.3333333333333335e-05 1460
1747395039007 3.321917808219178e-05 1470
1747395039008 3.321917808219178e-05 1470
1747395041045 3.310502283105023e-05 1480
1747395041047 3.310502283105023e-05 1480
1747395043071 3.299086757990868e-05 1490
1747395043072 3.299086757990868e-05 1490
1747395045101 3.287671232876712e-05 1500
1747395045102 3.287671232876712e-05 1500
1747395047128 3.2762557077625575e-05 1510
1747395047127 3.2762557077625575e-05 1510
1747395049142 3.264840182648402e-05 1520
1747395049143 3.264840182648402e-05 1520
1747395051169 3.253424657534247e-05 1530
1747395051171 3.253424657534247e-05 1530
1747395053202 3.242009132420091e-05 1540
1747395053203 3.242009132420091e-05 1540
1747395055227 3.230593607305936e-05 1550
1747395055228 3.230593607305936e-05 1550
1747395057248 3.219178082191781e-05 1560
1747395057249 3.219178082191781e-05 1560
1747395059269 3.207762557077626e-05 1570
1747395059271 3.207762557077626e-05 1570
1747395061316 3.1963470319634704e-05 1580
1747395061318 3.1963470319634704e-05 1580
1747395063346 3.184931506849315e-05 1590
1747395063347 3.184931506849315e-05 1590
1747395065383 3.17351598173516e-05 1600
1747395065384 3.17351598173516e-05 1600
1747395067398 3.162100456621005e-05 1610
1747395067399 3.162100456621005e-05 1610
1747395069417 3.1506849315068496e-05 1620
1747395069418 3.1506849315068496e-05 1620
1747395071449 3.1392694063926944e-05 1630
1747395071450 3.1392694063926944e-05 1630
1747395073475 3.127853881278539e-05 1640
1747395073474 3.127853881278539e-05 1640
1747395075501 3.116438356164384e-05 1650
1747395075502 3.116438356164384e-05 1650
1747395077528 3.105022831050228e-05 1660
1747395077529 3.105022831050228e-05 1660
1747395079556 3.093607305936073e-05 1670
1747395079557 3.093607305936073e-05 1670
1747395081582 3.082191780821918e-05 1680
1747395081583 3.082191780821918e-05 1680
1747395083606 3.070776255707763e-05 1690
1747395083607 3.070776255707763e-05 1690
1747395085709 3.059360730593607e-05 1700
1747395085710 3.059360730593607e-05 1700
1747395087743 3.047945205479452e-05 1710
1747395087744 3.047945205479452e-05 1710
1747395089770 3.036529680365297e-05 1720
1747395089772 3.036529680365297e-05 1720
1747395091811 3.025114155251142e-05 1730
1747395091812 3.025114155251142e-05 1730
1747395093834 3.0136986301369862e-05 1740
1747395093835 3.0136986301369862e-05 1740
1747395095855 3.0022831050228313e-05 1750
1747395095857 3.0022831050228313e-05 1750
1747395105317 2.990867579908676e-05 1760
1747395105316 2.990867579908676e-05 1760
1747395107347 2.979452054794521e-05 1770
1747395107347 2.979452054794521e-05 1770
1747395109376 2.9680365296803654e-05 1780
1747395109377 2.9680365296803654e-05 1780
1747395111401 2.9566210045662102e-05 1790
1747395111402 2.9566210045662102e-05 1790
1747395113427 2.945205479452055e-05 1800
1747395113429 2.945205479452055e-05 1800
1747395115469 2.9337899543378998e-05 1810
1747395115470 2.9337899543378998e-05 1810
1747395117482 2.9223744292237442e-05 1820
1747395117483 2.9223744292237442e-05 1820
1747395119512 2.910958904109589e-05 1830
1747395119513 2.910958904109589e-05 1830
1747395121556 2.8995433789954342e-05 1840
1747395121557 2.8995433789954342e-05 1840
1747395123597 2.888127853881279e-05 1850
1747395123598 2.888127853881279e-05 1850
1747395125626 2.8767123287671234e-05 1860
1747395125628 2.8767123287671234e-05 1860
1747395127658 2.8652968036529682e-05 1870
1747395127660 2.8652968036529682e-05 1870
1747395129703 2.853881278538813e-05 1880
1747395129705 2.853881278538813e-05 1880
1747395131743 2.842465753424658e-05 1890
1747395131745 2.842465753424658e-05 1890
1747395133799 2.8310502283105023e-05 1900
1747395133800 2.8310502283105023e-05 1900
1747395135830 2.819634703196347e-05 1910
1747395135831 2.819634703196347e-05 1910
1747395137849 2.808219178082192e-05 1920
1747395137850 2.808219178082192e-05 1920
1747395139874 2.796803652968037e-05 1930
1747395139876 2.796803652968037e-05 1930
1747395141900 2.785388127853881e-05 1940
1747395141901 2.785388127853881e-05 1940
1747395143924 2.7739726027397263e-05 1950
1747395143924 2.7739726027397263e-05 1950
1747395145938 2.762557077625571e-05 1960
1747395145939 2.762557077625571e-05 1960
1747395147966 2.751141552511416e-05 1970
1747395147967 2.751141552511416e-05 1970
1747395150008 2.7397260273972603e-05 1980
1747395152034 2.728310502283105e-05 1990
1747395152035 2.728310502283105e-05 1990
1747395154053 2.71689497716895e-05 2000
1747395154054 2.71689497716895e-05 2000
1747395156074 2.7054794520547947e-05 2010
1747395156076 2.7054794520547947e-05 2010
1747395158119 2.6940639269406392e-05 2020
1747395158120 2.6940639269406392e-05 2020
1747395160162 2.682648401826484e-05 2030
1747395160163 2.682648401826484e-05 2030
1747395162189 2.671232876712329e-05 2040
1747395162190 2.671232876712329e-05 2040
1747395164216 2.659817351598174e-05 2050
1747395164217 2.659817351598174e-05 2050
1747395166266 2.6484018264840184e-05 2060
1747395166267 2.6484018264840184e-05 2060
1747395168311 2.6369863013698632e-05 2070
1747395168313 2.6369863013698632e-05 2070
1747395170354 2.625570776255708e-05 2080
1747395170355 2.625570776255708e-05 2080
1747395172375 2.6141552511415528e-05 2090
1747395172376 2.6141552511415528e-05 2090
1747395174393 2.6027397260273973e-05 2100
1747395174394 2.6027397260273973e-05 2100
1747395176428 2.591324200913242e-05 2110
1747395176429 2.591324200913242e-05 2110
1747395178463 2.579908675799087e-05 2120
1747395178465 2.579908675799087e-05 2120
1747395180488 2.568493150684932e-05 2130
1747395180489 2.568493150684932e-05 2130
1747395182507 2.557077625570776e-05 2140
1747395182508 2.557077625570776e-05 2140
1747395184551 2.5456621004566213e-05 2150
1747395184553 2.5456621004566213e-05 2150
1747395186590 2.534246575342466e-05 2160
1747395186592 2.534246575342466e-05 2160
1747395188618 2.522831050228311e-05 2170
1747395188620 2.522831050228311e-05 2170
1747395190653 2.5114155251141553e-05 2180
1747395190654 2.5114155251141553e-05 2180
1747395192605 2.5e-05 2190
1747395192606 2.5e-05 2190
