1747394725196 0.6207 10
1747394725197 0.6207 10
1747394727105 0.3077 20
1747394727106 0.3077 20
1747394729023 0.0849 30
1747394729024 0.0849 30
1747394730955 0.0541 40
1747394730956 0.0541 40
1747394732886 0.1133 50
1747394732888 0.1133 50
1747394734815 0.1685 60
1747394734816 0.1685 60
1747394736752 0.112 70
1747394736753 0.112 70
1747394738684 0.0809 80
1747394738685 0.0809 80
1747394740614 0.1003 90
1747394740616 0.1003 90
1747394742559 0.0315 100
1747394742561 0.0315 100
1747394744504 0.0361 110
1747394744506 0.0361 110
1747394746446 0.2097 120
1747394746447 0.2097 120
1747394748393 0.1081 130
1747394748394 0.1081 130
1747394750348 0.2381 140
1747394750349 0.2381 140
1747394752311 0.1245 150
1747394752312 0.1245 150
1747394754265 0.1437 160
1747394754266 0.1437 160
1747394756220 0.0245 170
1747394756221 0.0245 170
1747394758185 0.0903 180
1747394758186 0.0903 180
1747394760154 0.0072 190
1747394760154 0.0072 190
1747394762108 0.0458 200
1747394762109 0.0458 200
1747394764067 0.073 210
1747394764068 0.073 210
1747394766032 0.0723 220
1747394766033 0.0723 220
1747394767999 0.0156 230
1747394768000 0.0156 230
1747394769957 0.0695 240
1747394769958 0.0695 240
1747394771923 0.0961 250
1747394771925 0.0961 250
1747394773900 0.0074 260
1747394773901 0.0074 260
1747394775869 0.0548 270
1747394775870 0.0548 270
1747394777836 0.1523 280
1747394777837 0.1523 280
1747394779811 0.0517 290
1747394779812 0.0517 290
1747394781786 0.0403 300
1747394781788 0.0403 300
1747394783767 0.0183 310
1747394783768 0.0183 310
1747394785733 0.0413 320
1747394785734 0.0413 320
1747394787714 0.0279 330
1747394787715 0.0279 330
1747394789698 0.0472 340
1747394789699 0.0472 340
1747394791682 0.0008 350
1747394791683 0.0008 350
1747394793674 0.0105 360
1747394793675 0.0105 360
1747394795662 0.0044 370
1747394795663 0.0044 370
1747394797642 0.0244 380
1747394797643 0.0244 380
1747394799633 0.0509 390
1747394799634 0.0509 390
1747394801616 0.0008 400
1747394801617 0.0008 400
1747394803604 0.0967 410
1747394803605 0.0967 410
1747394805600 0.0646 420
1747394805601 0.0646 420
1747394807602 0.0431 430
1747394807604 0.0431 430
1747394816778 0.0037 440
1747394816779 0.0037 440
1747394818788 0.0011 450
1747394818789 0.0011 450
1747394820784 0.0397 460
1747394820785 0.0397 460
1747394822772 0.0345 470
1747394822772 0.0345 470
1747394824760 0.0369 480
1747394824762 0.0369 480
1747394826762 0.002 490
1747394826763 0.002 490
1747394828768 0.0612 500
1747394828770 0.0612 500
1747394830774 0.0116 510
1747394830775 0.0116 510
1747394832763 0.0279 520
1747394832764 0.0279 520
1747394834755 0.0007 530
1747394834756 0.0007 530
1747394836757 0.0008 540
1747394836758 0.0008 540
1747394838774 0.001 550
1747394838776 0.001 550
1747394840783 0.1508 560
1747394840784 0.1508 560
1747394842796 0.0008 570
1747394842797 0.0008 570
1747394844800 0.0054 580
1747394844801 0.0054 580
1747394846802 0.0006 590
1747394846803 0.0006 590
1747394848811 0.0016 600
1747394848812 0.0016 600
1747394850825 0.0005 610
1747394850826 0.0005 610
1747394852830 0.0003 620
1747394852831 0.0003 620
1747394854830 0.0004 630
1747394854832 0.0004 630
1747394856828 0.0058 640
1747394856829 0.0058 640
1747394858828 0.0005 650
1747394858828 0.0005 650
1747394860827 0.0002 660
1747394860828 0.0002 660
1747394862841 0.0152 670
1747394862842 0.0152 670
1747394864844 0.0483 680
1747394864845 0.0483 680
1747394866841 0.0002 690
1747394866842 0.0002 690
1747394868837 0.0003 700
1747394868839 0.0003 700
1747394870850 0.0011 710
1747394870851 0.0011 710
1747394872868 0.0002 720
1747394872870 0.0002 720
1747394874871 0.0002 730
1747394874872 0.0002 730
1747394876872 0.0002 740
1747394876873 0.0002 740
1747394878887 0.0002 750
1747394878889 0.0002 750
1747394880895 0.0002 760
1747394880896 0.0002 760
1747394882921 0.0002 770
1747394882922 0.0002 770
1747394884936 0.0001 780
1747394884937 0.0001 780
1747394886953 0.0534 790
1747394886954 0.0534 790
1747394888963 0.0002 800
1747394888964 0.0002 800
1747394890977 0.0871 810
1747394890978 0.0871 810
1747394892975 0.0007 820
1747394892976 0.0007 820
1747394894982 0.0006 830
1747394894984 0.0006 830
1747394897012 0.0005 840
1747394897013 0.0005 840
1747394899040 0.0005 850
1747394899043 0.0005 850
1747394901057 0.0003 860
1747394901057 0.0003 860
1747394903062 0.0259 870
1747394903063 0.0259 870
1747394912395 0.0005 880
1747394912396 0.0005 880
1747394914493 0.0265 890
1747394914494 0.0265 890
1747394916522 0.0003 900
1747394916524 0.0003 900
1747394918535 0.0003 910
1747394918536 0.0003 910
1747394920560 0.0002 920
1747394920561 0.0002 920
1747394922583 0.0002 930
1747394922584 0.0002 930
1747394924589 0.0002 940
1747394924590 0.0002 940
1747394926595 0.0002 950
1747394926596 0.0002 950
1747394928616 0.0002 960
1747394928617 0.0002 960
1747394930637 0.0002 970
1747394930638 0.0002 970
1747394932657 0.0001 980
1747394932657 0.0001 980
1747394934668 0.0001 990
1747394934669 0.0001 990
1747394936686 0.0001 1000
1747394936687 0.0001 1000
1747394938696 0.0001 1010
1747394938697 0.0001 1010
1747394940714 0.0001 1020
1747394940714 0.0001 1020
1747394942727 0.038 1030
1747394942729 0.038 1030
1747394944742 0.0008 1040
1747394944743 0.0008 1040
1747394946757 0.0002 1050
1747394946759 0.0002 1050
1747394948779 0.0002 1060
1747394948780 0.0002 1060
1747394950796 0.0001 1070
1747394950797 0.0001 1070
1747394952842 0.0001 1080
1747394952843 0.0001 1080
1747394954853 0.0001 1090
1747394954855 0.0001 1090
1747394956874 0.0001 1100
1747394956875 0.0001 1100
1747394958885 0.0001 1110
1747394958885 0.0001 1110
1747394960898 0.0001 1120
1747394960900 0.0001 1120
1747394962925 0.0001 1130
1747394962926 0.0001 1130
1747394964944 0.0001 1140
1747394964946 0.0001 1140
1747394966979 0.0003 1150
1747394966980 0.0003 1150
1747394969001 0.0001 1160
1747394969002 0.0001 1160
1747394971011 0.0108 1170
1747394971012 0.0108 1170
1747394973034 0.0001 1180
1747394973036 0.0001 1180
1747394975052 0.0001 1190
1747394975053 0.0001 1190
1747394977068 0.0003 1200
1747394977070 0.0003 1200
1747394979087 0.0001 1210
1747394979088 0.0001 1210
1747394981098 0.0001 1220
1747394981097 0.0001 1220
1747394983123 0.0001 1230
1747394983124 0.0001 1230
1747394985147 0.0001 1240
1747394985147 0.0001 1240
1747394987160 0.0001 1250
1747394987161 0.0001 1250
1747394989174 0.0001 1260
1747394989175 0.0001 1260
1747394991196 0.0001 1270
1747394991198 0.0001 1270
1747394993224 0.0001 1280
1747394993225 0.0001 1280
1747394995252 0.0001 1290
1747394995253 0.0001 1290
1747394997284 0.0001 1300
1747394997285 0.0001 1300
1747394999307 0.0001 1310
1747394999309 0.0001 1310
1747395008650 0.0001 1320
1747395008651 0.0001 1320
1747395010670 0.0 1330
1747395010671 0.0 1330
1747395012698 0.0001 1340
1747395012699 0.0001 1340
1747395014718 0.0001 1350
1747395014719 0.0001 1350
1747395016738 0.0001 1360
1747395016739 0.0001 1360
1747395018759 0.0 1370
1747395018760 0.0 1370
1747395020779 0.0001 1380
1747395020780 0.0001 1380
1747395022798 0.0 1390
1747395022800 0.0 1390
1747395024830 0.0 1400
1747395024831 0.0 1400
1747395026854 0.0 1410
1747395026855 0.0 1410
1747395028886 0.0 1420
1747395028885 0.0 1420
1747395030909 0.0 1430
1747395030911 0.0 1430
1747395032939 0.0 1440
1747395032940 0.0 1440
1747395034964 0.0 1450
1747395034966 0.0 1450
1747395036980 0.0 1460
1747395036981 0.0 1460
1747395039007 0.0 1470
1747395039008 0.0 1470
1747395041045 0.0 1480
1747395041047 0.0 1480
1747395043071 0.0 1490
1747395043072 0.0 1490
1747395045101 0.0 1500
1747395045102 0.0 1500
1747395047128 0.0 1510
1747395047127 0.0 1510
1747395049142 0.0 1520
1747395049143 0.0 1520
1747395051169 0.0 1530
1747395051171 0.0 1530
1747395053202 0.0 1540
1747395053203 0.0 1540
1747395055227 0.0 1550
1747395055228 0.0 1550
1747395057248 0.0 1560
1747395057249 0.0 1560
1747395059269 0.0 1570
1747395059271 0.0 1570
1747395061316 0.0 1580
1747395061318 0.0 1580
1747395063346 0.0 1590
1747395063347 0.0 1590
1747395065383 0.0 1600
1747395065384 0.0 1600
1747395067398 0.0 1610
1747395067399 0.0 1610
1747395069417 0.0 1620
1747395069418 0.0 1620
1747395071449 0.0 1630
1747395071450 0.0 1630
1747395073475 0.0 1640
1747395073474 0.0 1640
1747395075501 0.0 1650
1747395075502 0.0 1650
1747395077528 0.0 1660
1747395077529 0.0 1660
1747395079556 0.0 1670
1747395079557 0.0 1670
1747395081582 0.0 1680
1747395081583 0.0 1680
1747395083606 0.0 1690
1747395083607 0.0 1690
1747395085709 0.0 1700
1747395085710 0.0 1700
1747395087743 0.0 1710
1747395087744 0.0 1710
1747395089770 0.0 1720
1747395089772 0.0 1720
1747395091811 0.0 1730
1747395091812 0.0 1730
1747395093834 0.0 1740
1747395093835 0.0 1740
1747395095855 0.0 1750
1747395095857 0.0 1750
1747395105317 0.0388 1760
1747395105316 0.0388 1760
1747395107347 0.0565 1770
1747395107347 0.0565 1770
1747395109376 0.0076 1780
1747395109377 0.0076 1780
1747395111401 0.0001 1790
1747395111402 0.0001 1790
1747395113427 0.0 1800
1747395113429 0.0 1800
1747395115469 0.0 1810
1747395115470 0.0 1810
1747395117482 0.0 1820
1747395117483 0.0 1820
1747395119512 0.0 1830
1747395119513 0.0 1830
1747395121556 0.0 1840
1747395121557 0.0 1840
1747395123597 0.01 1850
1747395123598 0.01 1850
1747395125626 0.0008 1860
1747395125628 0.0008 1860
1747395127658 0.0 1870
1747395127660 0.0 1870
1747395129703 0.0398 1880
1747395129705 0.0398 1880
1747395131743 0.0 1890
1747395131745 0.0 1890
1747395133799 0.002 1900
1747395133800 0.002 1900
1747395135830 0.0 1910
1747395135831 0.0 1910
1747395137849 0.0 1920
1747395137850 0.0 1920
1747395139874 0.0 1930
1747395139876 0.0 1930
1747395141900 0.0 1940
1747395141901 0.0 1940
1747395143924 0.0 1950
1747395143924 0.0 1950
1747395145938 0.0002 1960
1747395145939 0.0002 1960
1747395147966 0.0029 1970
1747395147967 0.0029 1970
1747395150009 0.0014 1980
1747395150008 0.0014 1980
1747395152034 0.0002 1990
1747395152035 0.0002 1990
1747395154053 0.0206 2000
1747395154054 0.0206 2000
1747395156074 0.0606 2010
1747395156076 0.0606 2010
1747395158119 0.0 2020
1747395158120 0.0 2020
1747395160162 0.044 2030
1747395160163 0.044 2030
1747395162189 0.0001 2040
1747395162190 0.0001 2040
1747395164216 0.0241 2050
1747395164217 0.0241 2050
1747395166266 0.0007 2060
1747395166267 0.0007 2060
1747395168311 0.0001 2070
1747395168313 0.0001 2070
1747395170354 0.0001 2080
1747395170355 0.0001 2080
1747395172375 0.0003 2090
1747395172376 0.0003 2090
1747395174393 0.0 2100
1747395174394 0.0 2100
1747395176428 0.0001 2110
1747395176429 0.0001 2110
1747395178463 0.0168 2120
1747395178465 0.0168 2120
1747395180488 0.0 2130
1747395180489 0.0 2130
1747395182507 0.0674 2140
1747395182508 0.0674 2140
1747395184551 0.0 2150
1747395184553 0.0 2150
1747395186590 0.0008 2160
1747395186592 0.0008 2160
1747395188618 0.0002 2170
1747395188620 0.0002 2170
1747395190653 0.0001 2180
1747395190654 0.0001 2180
1747395192605 0.0001 2190
1747395192606 0.0001 2190
