1747350056555 1.0 3
1747350056555 1.0 3
1747350059426 2.0 6
1747350059427 2.0 6
1747350062026 3.0 9
1747350062026 3.0 9
1747350064076 3.3333333333333335 10
1747350064078 3.3333333333333335 10
1747350064663 4.0 12
1747350064664 4.0 12
1747350067256 5.0 15
1747350067258 5.0 15
1747350069952 6.0 18
1747350069953 6.0 18
1747350074181 6.666666666666667 20
1747350074181 6.666666666666667 20
1747350074326 7.0 21
1747350074327 7.0 21
1747350076965 8.0 24
1747350076966 8.0 24
1747350079592 9.0 27
1747350079593 9.0 27
1747350081389 9.0 27
1747350081390 9.0 27
