1747417338695 0.11235955056179775 10
1747417338695 0.11235955056179775 10
1747417342868 0.2247191011235955 20
1747417342869 0.2247191011235955 20
1747417346963 0.33707865168539325 30
1747417346962 0.33707865168539325 30
1747417351432 0.449438202247191 40
1747417351433 0.449438202247191 40
1747417355567 0.5617977528089888 50
1747417355567 0.5617977528089888 50
1747417359731 0.6741573033707865 60
1747417359731 0.6741573033707865 60
1747417364026 0.7865168539325843 70
1747417364027 0.7865168539325843 70
1747417368273 0.898876404494382 80
1747417368274 0.898876404494382 80
1747417374434 1.0 89
1747417374434 1.0 89
1747417376952 1.0112359550561798 90
1747417376951 1.0112359550561798 90
1747417381332 1.1235955056179776 100
1747417381333 1.1235955056179776 100
1747417385598 1.2359550561797752 110
1747417385599 1.2359550561797752 110
1747417389883 1.348314606741573 120
1747417389882 1.348314606741573 120
1747417394168 1.4606741573033708 130
1747417394169 1.4606741573033708 130
1747417398483 1.5730337078651684 140
1747417398484 1.5730337078651684 140
1747417402777 1.6853932584269664 150
1747417402776 1.6853932584269664 150
1747417407110 1.797752808988764 160
1747417407111 1.797752808988764 160
1747417411453 1.9101123595505618 170
1747417411465 1.9101123595505618 170
1747417417360 2.0 178
1747417417360 2.0 178
1747417420237 2.0224719101123596 180
1747417420238 2.0224719101123596 180
1747417424614 2.134831460674157 190
1747417424612 2.134831460674157 190
1747417429056 2.247191011235955 200
1747417429056 2.247191011235955 200
1747417433474 2.359550561797753 210
1747417433475 2.359550561797753 210
1747417437899 2.4719101123595504 220
1747417437900 2.4719101123595504 220
1747417444088 2.5842696629213484 230
1747417444089 2.5842696629213484 230
1747417448534 2.696629213483146 240
1747417448535 2.696629213483146 240
1747417453000 2.808988764044944 250
1747417453001 2.808988764044944 250
1747417457434 2.9213483146067416 260
1747417457435 2.9213483146067416 260
1747417464687 3.0 267
1747417464686 3.0 267
1747417468054 3.033707865168539 270
1747417468055 3.033707865168539 270
1747417472632 3.146067415730337 280
1747417472627 3.146067415730337 280
1747417478734 3.258426966292135 290
1747417478735 3.258426966292135 290
1747417483145 3.370786516853933 300
1747417483146 3.370786516853933 300
1747417487553 3.4831460674157304 310
1747417487554 3.4831460674157304 310
1747417491873 3.595505617977528 320
1747417491874 3.595505617977528 320
1747417496216 3.7078651685393256 330
1747417496216 3.7078651685393256 330
1747417500551 3.8202247191011236 340
1747417500551 3.8202247191011236 340
1747417504861 3.932584269662921 350
1747417504861 3.932584269662921 350
1747417509839 4.0 356
1747417509840 4.0 356
1747417515087 4.044943820224719 360
1747417515089 4.044943820224719 360
1747417519437 4.157303370786517 370
1747417519438 4.157303370786517 370
1747417525419 4.269662921348314 380
1747417525420 4.269662921348314 380
1747417529810 4.382022471910112 390
1747417529811 4.382022471910112 390
1747417534283 4.49438202247191 400
1747417534284 4.49438202247191 400
1747417538688 4.606741573033708 410
1747417538688 4.606741573033708 410
1747417543107 4.719101123595506 420
1747417543108 4.719101123595506 420
1747417547498 4.831460674157303 430
1747417547499 4.831460674157303 430
1747417551949 4.943820224719101 440
1747417551950 4.943820224719101 440
1747417556522 5.0 445
1747417556522 5.0 445
1747417558490 5.0 445
1747417558489 5.0 445
