1747417338695 28.314769744873047 10
1747417338695 28.314769744873047 10
1747417342868 17.98409652709961 20
1747417342869 17.98409652709961 20
1747417346963 4.789170742034912 30
1747417346962 4.789170742034912 30
1747417351433 3.968923330307007 40
1747417351432 3.968923330307007 40
1747417355567 12.825214385986328 50
1747417355567 12.825214385986328 50
1747417359731 14.105067253112793 60
1747417359731 14.105067253112793 60
1747417364026 15.39964485168457 70
1747417364027 15.39964485168457 70
1747417368273 5.9932355880737305 80
1747417368274 5.9932355880737305 80
1747417376952 6.786704063415527 90
1747417376951 6.786704063415527 90
1747417381332 5.212441444396973 100
1747417381333 5.212441444396973 100
1747417385598 12.622123718261719 110
1747417385599 12.622123718261719 110
1747417389883 6.32534646987915 120
1747417389882 6.32534646987915 120
1747417394168 7.34703254699707 130
1747417394169 7.34703254699707 130
1747417398483 6.213766574859619 140
1747417398484 6.213766574859619 140
1747417402777 6.309576511383057 150
1747417402776 6.309576511383057 150
1747417407110 6.189037322998047 160
1747417407111 6.189037322998047 160
1747417411453 7.682909965515137 170
1747417411465 7.682909965515137 170
1747417420237 4.444095611572266 180
1747417420238 4.444095611572266 180
1747417424614 3.9141695499420166 190
1747417424612 3.9141695499420166 190
1747417429056 19.307918548583984 200
1747417429056 19.307918548583984 200
1747417433474 20.998756408691406 210
1747417433475 20.998756408691406 210
1747417437899 3.440492868423462 220
1747417437900 3.440492868423462 220
1747417444088 8.31633186340332 230
1747417444089 8.31633186340332 230
1747417448534 6.487084865570068 240
1747417448535 6.487084865570068 240
1747417453000 6.466712951660156 250
1747417453001 6.466712951660156 250
1747417457434 4.799858093261719 260
1747417457435 4.799858093261719 260
1747417468054 2.550610303878784 270
1747417468055 2.550610303878784 270
1747417472632 6.143435001373291 280
1747417472627 6.143435001373291 280
1747417478734 10.822257995605469 290
1747417478735 10.822257995605469 290
1747417483145 9.793821334838867 300
1747417483146 9.793821334838867 300
1747417487553 4.07230806350708 310
1747417487554 4.07230806350708 310
1747417491873 10.767512321472168 320
1747417491874 10.767512321472168 320
1747417496216 7.791415691375732 330
1747417496216 7.791415691375732 330
1747417500551 30.778589248657227 340
1747417500551 30.778589248657227 340
1747417504861 1.1857914924621582 350
1747417504861 1.1857914924621582 350
1747417515087 9.335038185119629 360
1747417515089 9.335038185119629 360
1747417519437 10.604940414428711 370
1747417519438 10.604940414428711 370
1747417525419 33.37705612182617 380
1747417525420 33.37705612182617 380
1747417529810 0.2565259635448456 390
1747417529811 0.2565259635448456 390
1747417534283 1.2916737794876099 400
1747417534284 1.2916737794876099 400
1747417538688 1.4359402656555176 410
1747417538688 1.4359402656555176 410
1747417543107 2.2235658168792725 420
1747417543108 2.2235658168792725 420
1747417547498 16.921960830688477 430
1747417547499 16.921960830688477 430
1747417551949 0.04650673270225525 440
1747417551950 0.04650673270225525 440
