1747417338695 4.943820224719101e-05 10
1747417338695 4.943820224719101e-05 10
1747417342868 4.8876404494382024e-05 20
1747417342869 4.8876404494382024e-05 20
1747417346963 4.831460674157304e-05 30
1747417346962 4.831460674157304e-05 30
1747417351432 4.7752808988764046e-05 40
1747417351433 4.7752808988764046e-05 40
1747417355567 4.719101123595506e-05 50
1747417355567 4.719101123595506e-05 50
1747417359731 4.662921348314607e-05 60
1747417359731 4.662921348314607e-05 60
1747417364026 4.606741573033708e-05 70
1747417364027 4.606741573033708e-05 70
1747417368273 4.550561797752809e-05 80
1747417368274 4.550561797752809e-05 80
1747417376952 4.4943820224719104e-05 90
1747417376951 4.4943820224719104e-05 90
1747417381332 4.438202247191011e-05 100
1747417381333 4.438202247191011e-05 100
1747417385598 4.3820224719101126e-05 110
1747417385599 4.3820224719101126e-05 110
1747417389883 4.3258426966292134e-05 120
1747417389882 4.3258426966292134e-05 120
1747417394168 4.269662921348315e-05 130
1747417394169 4.269662921348315e-05 130
1747417398483 4.2134831460674156e-05 140
1747417398484 4.2134831460674156e-05 140
1747417402777 4.157303370786517e-05 150
1747417402776 4.157303370786517e-05 150
1747417407110 4.1011235955056184e-05 160
1747417407111 4.1011235955056184e-05 160
1747417411453 4.044943820224719e-05 170
1747417411465 4.044943820224719e-05 170
1747417420237 3.98876404494382e-05 180
1747417420238 3.98876404494382e-05 180
1747417424614 3.9325842696629214e-05 190
1747417424612 3.9325842696629214e-05 190
1747417429056 3.876404494382023e-05 200
1747417429056 3.876404494382023e-05 200
1747417433474 3.8202247191011236e-05 210
1747417433475 3.8202247191011236e-05 210
1747417437899 3.764044943820225e-05 220
1747417437900 3.764044943820225e-05 220
1747417444088 3.7078651685393264e-05 230
1747417444089 3.7078651685393264e-05 230
1747417448534 3.651685393258427e-05 240
1747417448535 3.651685393258427e-05 240
1747417453000 3.595505617977528e-05 250
1747417453001 3.595505617977528e-05 250
1747417457434 3.5393258426966294e-05 260
1747417457435 3.5393258426966294e-05 260
1747417468054 3.483146067415731e-05 270
1747417468055 3.483146067415731e-05 270
1747417472632 3.4269662921348316e-05 280
1747417472627 3.4269662921348316e-05 280
1747417478734 3.370786516853933e-05 290
1747417478735 3.370786516853933e-05 290
1747417483145 3.314606741573034e-05 300
1747417483146 3.314606741573034e-05 300
1747417487553 3.258426966292135e-05 310
1747417487554 3.258426966292135e-05 310
1747417491873 3.202247191011236e-05 320
1747417491874 3.202247191011236e-05 320
1747417496216 3.1460674157303374e-05 330
1747417496216 3.1460674157303374e-05 330
1747417500551 3.089887640449438e-05 340
1747417500551 3.089887640449438e-05 340
1747417504861 3.0337078651685396e-05 350
1747417504861 3.0337078651685396e-05 350
1747417515087 2.9775280898876406e-05 360
1747417515089 2.9775280898876406e-05 360
1747417519437 2.9213483146067417e-05 370
1747417519438 2.9213483146067417e-05 370
1747417525419 2.8651685393258425e-05 380
1747417525420 2.8651685393258425e-05 380
1747417529810 2.8089887640449443e-05 390
1747417529811 2.8089887640449443e-05 390
1747417534283 2.752808988764045e-05 400
1747417534284 2.752808988764045e-05 400
1747417538688 2.696629213483146e-05 410
1747417538688 2.696629213483146e-05 410
1747417543107 2.6404494382022472e-05 420
1747417543108 2.6404494382022472e-05 420
1747417547498 2.5842696629213486e-05 430
1747417547499 2.5842696629213486e-05 430
1747417551949 2.5280898876404497e-05 440
1747417551950 2.5280898876404497e-05 440
