1747417338695 1.7355 10
1747417338695 1.7355 10
1747417342868 0.7125 20
1747417342869 0.7125 20
1747417346963 0.6523 30
1747417346962 0.6523 30
1747417351432 0.555 40
1747417351433 0.555 40
1747417355567 0.6029 50
1747417355567 0.6029 50
1747417359731 0.5232 60
1747417359731 0.5232 60
1747417364026 0.5832 70
1747417364027 0.5832 70
1747417368273 0.4598 80
1747417368274 0.4598 80
1747417376952 0.4553 90
1747417376951 0.4553 90
1747417381332 0.3083 100
1747417381333 0.3083 100
1747417385598 0.4048 110
1747417385599 0.4048 110
1747417389883 0.4015 120
1747417389882 0.4015 120
1747417394168 0.3141 130
1747417394169 0.3141 130
1747417398483 0.3472 140
1747417398484 0.3472 140
1747417402777 0.341 150
1747417402776 0.341 150
1747417407110 0.3604 160
1747417407111 0.3604 160
1747417411453 0.3689 170
1747417411465 0.3689 170
1747417420237 0.2393 180
1747417420238 0.2393 180
1747417424614 0.2129 190
1747417424612 0.2129 190
1747417429056 0.3537 200
1747417429056 0.3537 200
1747417433474 0.2587 210
1747417433475 0.2587 210
1747417437899 0.1458 220
1747417437900 0.1458 220
1747417444088 0.2183 230
1747417444089 0.2183 230
1747417448534 0.214 240
1747417448535 0.214 240
1747417453000 0.1833 250
1747417453001 0.1833 250
1747417457434 0.152 260
1747417457435 0.152 260
1747417468054 0.1642 270
1747417468055 0.1642 270
1747417472632 0.052 280
1747417472627 0.052 280
1747417478734 0.1891 290
1747417478735 0.1891 290
1747417483145 0.2794 300
1747417483146 0.2794 300
1747417487553 0.09 310
1747417487554 0.09 310
1747417491873 0.1104 320
1747417491874 0.1104 320
1747417496216 0.0881 330
1747417496216 0.0881 330
1747417500551 0.1905 340
1747417500551 0.1905 340
1747417504861 0.1631 350
1747417504861 0.1631 350
1747417515087 0.094 360
1747417515089 0.094 360
1747417519437 0.0116 370
1747417519438 0.0116 370
1747417525419 0.1012 380
1747417525420 0.1012 380
1747417529810 0.0238 390
1747417529811 0.0238 390
1747417534283 0.0496 400
1747417534284 0.0496 400
1747417538688 0.0678 410
1747417538688 0.0678 410
1747417543107 0.2945 420
1747417543108 0.2945 420
1747417547498 0.0531 430
1747417547499 0.0531 430
1747417551949 0.1021 440
1747417551950 0.1021 440
