1747373911606 0.11235955056179775 10
1747373911606 0.11235955056179775 10
1747373916934 0.2247191011235955 20
1747373916934 0.2247191011235955 20
1747373920642 0.33707865168539325 30
1747373920642 0.33707865168539325 30
1747373924365 0.449438202247191 40
1747373924365 0.449438202247191 40
1747373929713 0.5617977528089888 50
1747373929713 0.5617977528089888 50
1747373933450 0.6741573033707865 60
1747373933450 0.6741573033707865 60
1747373938804 0.7865168539325843 70
1747373938804 0.7865168539325843 70
1747373942549 0.898876404494382 80
1747373942563 0.898876404494382 80
1747373948275 1.0 89
1747373948275 1.0 89
1747373950005 1.0112359550561798 90
1747373950005 1.0112359550561798 90
1747373953782 1.1235955056179776 100
1747373953782 1.1235955056179776 100
1747373957545 1.2359550561797752 110
1747373957545 1.2359550561797752 110
1747373962932 1.348314606741573 120
1747373962932 1.348314606741573 120
1747373966707 1.4606741573033708 130
1747373966707 1.4606741573033708 130
1747373970485 1.5730337078651684 140
1747373970488 1.5730337078651684 140
1747373974256 1.6853932584269664 150
1747373974256 1.6853932584269664 150
1747373978043 1.797752808988764 160
1747373978043 1.797752808988764 160
1747373981840 1.9101123595505618 170
1747373981840 1.9101123595505618 170
1747373987101 2.0 178
1747373987101 2.0 178
1747373989224 2.0224719101123596 180
1747373989224 2.0224719101123596 180
1747373993041 2.134831460674157 190
1747373993041 2.134831460674157 190
1747373998466 2.247191011235955 200
1747373998468 2.247191011235955 200
1747374002266 2.359550561797753 210
1747374002266 2.359550561797753 210
1747374007671 2.4719101123595504 220
1747374007671 2.4719101123595504 220
1747374011446 2.5842696629213484 230
1747374011446 2.5842696629213484 230
1747374015272 2.696629213483146 240
1747374015272 2.696629213483146 240
1747374019106 2.808988764044944 250
1747374019106 2.808988764044944 250
1747374022967 2.9213483146067416 260
1747374022983 2.9213483146067416 260
1747374029559 3.0 267
1747374029559 3.0 267
1747374032209 3.033707865168539 270
1747374032225 3.033707865168539 270
1747374036187 3.146067415730337 280
1747374036188 3.146067415730337 280
1747374040151 3.258426966292135 290
1747374040150 3.258426966292135 290
1747374044030 3.370786516853933 300
1747374044031 3.370786516853933 300
1747374047924 3.4831460674157304 310
1747374047924 3.4831460674157304 310
1747374051820 3.595505617977528 320
1747374051820 3.595505617977528 320
1747374057432 3.7078651685393256 330
1747374057432 3.7078651685393256 330
1747374063022 3.8202247191011236 340
1747374063022 3.8202247191011236 340
1747374066888 3.932584269662921 350
1747374066888 3.932584269662921 350
1747374073138 4.0 356
1747374073138 4.0 356
1747374076243 4.044943820224719 360
1747374076244 4.044943820224719 360
1747374080080 4.157303370786517 370
1747374080080 4.157303370786517 370
1747374083901 4.269662921348314 380
1747374083901 4.269662921348314 380
1747374087757 4.382022471910112 390
1747374087757 4.382022471910112 390
1747374091623 4.49438202247191 400
1747374091623 4.49438202247191 400
1747374095484 4.606741573033708 410
1747374095472 4.606741573033708 410
1747374101189 4.719101123595506 420
1747374101189 4.719101123595506 420
1747374105364 4.831460674157303 430
1747374105364 4.831460674157303 430
1747374111129 4.943820224719101 440
1747374111131 4.943820224719101 440
1747374115393 5.0 445
1747374115393 5.0 445
1747374116796 5.0 445
1747374116796 5.0 445
