1747373911606 2.005417585372925 10
1747373911606 2.005417585372925 10
1747373916934 1.9937787055969238 20
1747373916934 1.9937787055969238 20
1747373920642 1.8400954008102417 30
1747373920642 1.8400954008102417 30
1747373924365 2.5838980674743652 40
1747373924365 2.5838980674743652 40
1747373929713 4.728044509887695 50
1747373929713 4.728044509887695 50
1747373933450 4.15607213973999 60
1747373933450 4.15607213973999 60
1747373938804 5.465446949005127 70
1747373938804 5.465446949005127 70
1747373942549 5.436391353607178 80
1747373942563 5.436391353607178 80
1747373950005 4.867031097412109 90
1747373950005 4.867031097412109 90
1747373953782 4.415663719177246 100
1747373953782 4.415663719177246 100
1747373957545 6.048110485076904 110
1747373957545 6.048110485076904 110
1747373962932 5.221648693084717 120
1747373962932 5.221648693084717 120
1747373966707 4.781865119934082 130
1747373966707 4.781865119934082 130
1747373970485 5.382874011993408 140
1747373970488 5.382874011993408 140
1747373974256 4.259474754333496 150
1747373974256 4.259474754333496 150
1747373978043 13.292550086975098 160
1747373978043 13.292550086975098 160
1747373981840 10.942115783691406 170
1747373981840 10.942115783691406 170
1747373989224 6.638195037841797 180
1747373989224 6.638195037841797 180
1747373993041 13.137072563171387 190
1747373993041 13.137072563171387 190
1747373998466 5.865373134613037 200
1747373998468 5.865373134613037 200
1747374002266 8.950990676879883 210
1747374002266 8.950990676879883 210
1747374007671 8.970667839050293 220
1747374007671 8.970667839050293 220
1747374011446 2.515406608581543 230
1747374011446 2.515406608581543 230
1747374015272 9.642416954040527 240
1747374015272 9.642416954040527 240
1747374019106 14.681069374084473 250
1747374019106 14.681069374084473 250
1747374022967 3.980149030685425 260
1747374022983 3.980149030685425 260
1747374032209 15.034079551696777 270
1747374032225 15.034079551696777 270
1747374036187 1.9442181587219238 280
1747374036188 1.9442181587219238 280
1747374040150 1.1871267557144165 290
1747374040151 1.1871267557144165 290
1747374044030 3.379530429840088 300
1747374044031 3.379530429840088 300
1747374047924 34.95737838745117 310
1747374047924 34.95737838745117 310
1747374051820 12.818418502807617 320
1747374051820 12.818418502807617 320
1747374057432 19.055553436279297 330
1747374057432 19.055553436279297 330
1747374063022 30.80708885192871 340
1747374063022 30.80708885192871 340
1747374066888 13.301556587219238 350
1747374066888 13.301556587219238 350
1747374076243 7.1734938621521 360
1747374076244 7.1734938621521 360
1747374080080 1.0055606365203857 370
1747374080080 1.0055606365203857 370
1747374083901 18.23747444152832 380
1747374083901 18.23747444152832 380
1747374087757 15.47364330291748 390
1747374087757 15.47364330291748 390
1747374091623 36.32059097290039 400
1747374091623 36.32059097290039 400
1747374095472 15.231756210327148 410
1747374095484 15.231756210327148 410
1747374101189 1.7500931024551392 420
1747374101189 1.7500931024551392 420
1747374105364 1.1653621196746826 430
1747374105364 1.1653621196746826 430
1747374111129 12.807394981384277 440
1747374111131 12.807394981384277 440
