1747373911606 9.887640449438202e-06 10
1747373911606 9.887640449438202e-06 10
1747373916934 9.775280898876405e-06 20
1747373916934 9.775280898876405e-06 20
1747373920642 9.662921348314608e-06 30
1747373920642 9.662921348314608e-06 30
1747373924365 9.55056179775281e-06 40
1747373924365 9.55056179775281e-06 40
1747373929713 9.438202247191012e-06 50
1747373929713 9.438202247191012e-06 50
1747373933450 9.325842696629213e-06 60
1747373933450 9.325842696629213e-06 60
1747373938804 9.213483146067417e-06 70
1747373938804 9.213483146067417e-06 70
1747373942549 9.101123595505619e-06 80
1747373942563 9.101123595505619e-06 80
1747373950005 8.988764044943822e-06 90
1747373950005 8.988764044943822e-06 90
1747373953782 8.876404494382023e-06 100
1747373953782 8.876404494382023e-06 100
1747373957545 8.764044943820226e-06 110
1747373957545 8.764044943820226e-06 110
1747373962932 8.651685393258428e-06 120
1747373962932 8.651685393258428e-06 120
1747373966707 8.53932584269663e-06 130
1747373966707 8.53932584269663e-06 130
1747373970485 8.426966292134832e-06 140
1747373970488 8.426966292134832e-06 140
1747373974256 8.314606741573035e-06 150
1747373974256 8.314606741573035e-06 150
1747373978043 8.202247191011237e-06 160
1747373978043 8.202247191011237e-06 160
1747373981840 8.08988764044944e-06 170
1747373981840 8.08988764044944e-06 170
1747373989224 7.97752808988764e-06 180
1747373989224 7.97752808988764e-06 180
1747373993041 7.865168539325843e-06 190
1747373993041 7.865168539325843e-06 190
1747373998466 7.752808988764046e-06 200
1747373998468 7.752808988764046e-06 200
1747374002266 7.640449438202247e-06 210
1747374002266 7.640449438202247e-06 210
1747374007671 7.5280898876404495e-06 220
1747374007671 7.5280898876404495e-06 220
1747374011446 7.415730337078652e-06 230
1747374011446 7.415730337078652e-06 230
1747374015272 7.303370786516854e-06 240
1747374015272 7.303370786516854e-06 240
1747374019106 7.191011235955056e-06 250
1747374019106 7.191011235955056e-06 250
1747374022967 7.078651685393258e-06 260
1747374022983 7.078651685393258e-06 260
1747374032209 6.966292134831461e-06 270
1747374032225 6.966292134831461e-06 270
1747374036187 6.853932584269663e-06 280
1747374036188 6.853932584269663e-06 280
1747374040150 6.741573033707865e-06 290
1747374040151 6.741573033707865e-06 290
1747374044030 6.629213483146067e-06 300
1747374044031 6.629213483146067e-06 300
1747374047924 6.51685393258427e-06 310
1747374047924 6.51685393258427e-06 310
1747374051820 6.404494382022472e-06 320
1747374051820 6.404494382022472e-06 320
1747374057432 6.292134831460674e-06 330
1747374057432 6.292134831460674e-06 330
1747374063022 6.179775280898876e-06 340
1747374063022 6.179775280898876e-06 340
1747374066888 6.06741573033708e-06 350
1747374066888 6.06741573033708e-06 350
1747374076243 5.955056179775281e-06 360
1747374076244 5.955056179775281e-06 360
1747374080080 5.842696629213483e-06 370
1747374080080 5.842696629213483e-06 370
1747374083901 5.730337078651685e-06 380
1747374083901 5.730337078651685e-06 380
1747374087757 5.617977528089889e-06 390
1747374087757 5.617977528089889e-06 390
1747374091623 5.50561797752809e-06 400
1747374091623 5.50561797752809e-06 400
1747374095472 5.393258426966292e-06 410
1747374095484 5.393258426966292e-06 410
1747374101189 5.280898876404494e-06 420
1747374101189 5.280898876404494e-06 420
1747374105364 5.168539325842698e-06 430
1747374105364 5.168539325842698e-06 430
1747374111129 5.0561797752809e-06 440
1747374111131 5.0561797752809e-06 440
