1747373911606 0.6421 10
1747373911606 0.6421 10
1747373916934 0.6432 20
1747373916934 0.6432 20
1747373920642 0.6097 30
1747373920642 0.6097 30
1747373924365 0.599 40
1747373924365 0.599 40
1747373929713 0.5815 50
1747373929713 0.5815 50
1747373933450 0.4779 60
1747373933450 0.4779 60
1747373938804 0.5487 70
1747373938804 0.5487 70
1747373942549 0.5449 80
1747373942563 0.5449 80
1747373950005 0.4635 90
1747373950005 0.4635 90
1747373953782 0.4395 100
1747373953782 0.4395 100
1747373957545 0.4283 110
1747373957545 0.4283 110
1747373962932 0.4097 120
1747373962932 0.4097 120
1747373966707 0.3856 130
1747373966707 0.3856 130
1747373970485 0.4073 140
1747373970488 0.4073 140
1747373974256 0.3261 150
1747373974256 0.3261 150
1747373978043 0.33 160
1747373978043 0.33 160
1747373981840 0.3604 170
1747373981840 0.3604 170
1747373989224 0.3464 180
1747373989224 0.3464 180
1747373993041 0.2867 190
1747373993041 0.2867 190
1747373998466 0.2789 200
1747373998468 0.2789 200
1747374002266 0.2825 210
1747374002266 0.2825 210
1747374007671 0.2703 220
1747374007671 0.2703 220
1747374011446 0.2565 230
1747374011446 0.2565 230
1747374015272 0.2094 240
1747374015272 0.2094 240
1747374019106 0.2554 250
1747374019106 0.2554 250
1747374022967 0.2003 260
1747374022983 0.2003 260
1747374032209 0.2109 270
1747374032225 0.2109 270
1747374036187 0.1067 280
1747374036188 0.1067 280
1747374040150 0.1437 290
1747374040151 0.1437 290
1747374044030 0.1246 300
1747374044031 0.1246 300
1747374047924 0.1571 310
1747374047924 0.1571 310
1747374051820 0.2192 320
1747374051820 0.2192 320
1747374057432 0.1932 330
1747374057432 0.1932 330
1747374063022 0.3007 340
1747374063022 0.3007 340
1747374066888 0.1251 350
1747374066888 0.1251 350
1747374076243 0.1125 360
1747374076244 0.1125 360
1747374080080 0.0741 370
1747374080080 0.0741 370
1747374083901 0.0461 380
1747374083901 0.0461 380
1747374087757 0.1066 390
1747374087757 0.1066 390
1747374091623 0.1036 400
1747374091623 0.1036 400
1747374095472 0.1497 410
1747374095484 0.1497 410
1747374101189 0.082 420
1747374101189 0.082 420
1747374105364 0.1126 430
1747374105364 0.1126 430
1747374111129 0.0408 440
1747374111131 0.0408 440
