1747417597453 0.10638297872340426 10
1747417597453 0.10638297872340426 10
1747417601744 0.2127659574468085 20
1747417601745 0.2127659574468085 20
1747417606259 0.3191489361702128 30
1747417606260 0.3191489361702128 30
1747417610586 0.425531914893617 40
1747417610587 0.425531914893617 40
1747417614955 0.5319148936170213 50
1747417614956 0.5319148936170213 50
1747417619348 0.6382978723404256 60
1747417619349 0.6382978723404256 60
1747417623734 0.7446808510638298 70
1747417623735 0.7446808510638298 70
1747417628032 0.851063829787234 80
1747417628032 0.851063829787234 80
1747417632362 0.9574468085106383 90
1747417632363 0.9574468085106383 90
1747417636654 1.0 94
1747417636654 1.0 94
1747417641696 1.0638297872340425 100
1747417641695 1.0638297872340425 100
1747417646112 1.1702127659574468 110
1747417646113 1.1702127659574468 110
1747417650486 1.2765957446808511 120
1747417650512 1.2765957446808511 120
1747417655021 1.3829787234042552 130
1747417655019 1.3829787234042552 130
1747417659452 1.4893617021276595 140
1747417659453 1.4893617021276595 140
1747417663796 1.5957446808510638 150
1747417663800 1.5957446808510638 150
1747417668190 1.702127659574468 160
1747417668187 1.702127659574468 160
1747417672561 1.8085106382978724 170
1747417672562 1.8085106382978724 170
1747417676907 1.9148936170212765 180
1747417676908 1.9148936170212765 180
1747417682905 2.0 188
1747417682906 2.0 188
1747417685756 2.021276595744681 190
1747417685757 2.021276595744681 190
1747417690093 2.127659574468085 200
1747417690093 2.127659574468085 200
1747417694443 2.2340425531914896 210
1747417694444 2.2340425531914896 210
1747417700774 2.3404255319148937 220
1747417700777 2.3404255319148937 220
1747417705243 2.4468085106382977 230
1747417705244 2.4468085106382977 230
1747417709638 2.5531914893617023 240
1747417709639 2.5531914893617023 240
1747417713973 2.6595744680851063 250
1747417713973 2.6595744680851063 250
1747417718375 2.7659574468085104 260
1747417718375 2.7659574468085104 260
1747417722811 2.872340425531915 270
1747417722813 2.872340425531915 270
1747417727214 2.978723404255319 280
1747417727212 2.978723404255319 280
1747417730593 3.0 282
1747417730594 3.0 282
1747417736182 3.0851063829787235 290
1747417736183 3.0851063829787235 290
1747417740730 3.1914893617021276 300
1747417740715 3.1914893617021276 300
1747417745231 3.297872340425532 310
1747417745232 3.297872340425532 310
1747417749612 3.404255319148936 320
1747417749613 3.404255319148936 320
1747417754017 3.5106382978723403 330
1747417754017 3.5106382978723403 330
1747417758423 3.617021276595745 340
1747417758422 3.617021276595745 340
1747417762835 3.723404255319149 350
1747417762834 3.723404255319149 350
1747417768860 3.829787234042553 360
1747417768861 3.829787234042553 360
1747417773182 3.9361702127659575 370
1747417773183 3.9361702127659575 370
1747417778257 4.0 376
1747417778257 4.0 376
1747417782196 4.042553191489362 380
1747417782196 4.042553191489362 380
1747417786734 4.148936170212766 390
1747417786735 4.148936170212766 390
1747417791142 4.25531914893617 400
1747417791143 4.25531914893617 400
1747417795536 4.361702127659575 410
1747417795537 4.361702127659575 410
1747417801615 4.468085106382979 420
1747417801616 4.468085106382979 420
1747417806018 4.574468085106383 430
1747417806018 4.574468085106383 430
1747417812100 4.680851063829787 440
1747417812101 4.680851063829787 440
1747417816485 4.787234042553192 450
1747417816486 4.787234042553192 450
1747417820889 4.8936170212765955 460
1747417820890 4.8936170212765955 460
1747417825054 5.0 470
1747417825053 5.0 470
1747417827722 5.0 470
1747417827723 5.0 470
1747417829812 5.0 470
1747417829811 5.0 470
