1747417597453 6.770463466644287 10
1747417597453 6.770463466644287 10
1747417601744 15.372285842895508 20
1747417601745 15.372285842895508 20
1747417606259 3.438634157180786 30
1747417606260 3.438634157180786 30
1747417610586 6.923224925994873 40
1747417610587 6.923224925994873 40
1747417614955 0.7120968103408813 50
1747417614956 0.7120968103408813 50
1747417619348 16.721986770629883 60
1747417619349 16.721986770629883 60
1747417623734 1.190160870552063 70
1747417623735 1.190160870552063 70
1747417628032 13.852017402648926 80
1747417628032 13.852017402648926 80
1747417632362 0.5182169675827026 90
1747417632363 0.5182169675827026 90
1747417641696 0.05771702527999878 100
1747417641695 0.05771702527999878 100
1747417646112 0.1381770223379135 110
1747417646113 0.1381770223379135 110
1747417650486 0.013627737760543823 120
1747417650512 0.013627737760543823 120
1747417655021 0.07005879282951355 130
1747417655019 0.07005879282951355 130
1747417659452 0.012425818480551243 140
1747417659453 0.012425818480551243 140
1747417663796 13.748075485229492 150
1747417663800 13.748075485229492 150
1747417668190 20.454242706298828 160
1747417668187 20.454242706298828 160
1747417672561 0.016098491847515106 170
1747417672562 0.016098491847515106 170
1747417676907 0.007867999374866486 180
1747417676908 0.007867999374866486 180
1747417685756 0.021909572184085846 190
1747417685757 0.021909572184085846 190
1747417690093 0.04864666610956192 200
1747417690093 0.04864666610956192 200
1747417694443 0.004415007308125496 210
1747417694444 0.004415007308125496 210
1747417700774 0.002128718886524439 220
1747417700777 0.002128718886524439 220
1747417705243 8.336772589245811e-05 230
1747417705244 8.336772589245811e-05 230
1747417709638 0.0009915799601003528 240
1747417709639 0.0009915799601003528 240
1747417713973 0.006996729876846075 250
1747417713973 0.006996729876846075 250
1747417718375 24.987876892089844 260
1747417718375 24.987876892089844 260
1747417722811 0.010426732711493969 270
1747417722813 0.010426732711493969 270
1747417727212 0.017338622361421585 280
1747417727214 0.017338622361421585 280
1747417736182 0.022724302485585213 290
1747417736183 0.022724302485585213 290
1747417740730 0.009164288640022278 300
1747417740715 0.009164288640022278 300
1747417745231 0.0017468209844082594 310
1747417745232 0.0017468209844082594 310
1747417749612 0.0034132220316678286 320
1747417749613 0.0034132220316678286 320
1747417754017 0.12280745059251785 330
1747417754017 0.12280745059251785 330
1747417758423 0.00586847634986043 340
1747417758422 0.00586847634986043 340
1747417762835 0.011003518477082253 350
1747417762834 0.011003518477082253 350
1747417768860 0.0006282315589487553 360
1747417768861 0.0006282315589487553 360
1747417773182 0.0022545265965163708 370
1747417773183 0.0022545265965163708 370
1747417782196 0.0004766001948155463 380
1747417782196 0.0004766001948155463 380
1747417786734 0.0007388992235064507 390
1747417786735 0.0007388992235064507 390
1747417791142 0.027987346053123474 400
1747417791143 0.027987346053123474 400
1747417795536 0.004446838982403278 410
1747417795537 0.004446838982403278 410
1747417801615 0.0004754897381644696 420
1747417801616 0.0004754897381644696 420
1747417806018 0.014110282994806767 430
1747417806018 0.014110282994806767 430
1747417812100 0.000251425604801625 440
1747417812101 0.000251425604801625 440
1747417816485 0.006960571743547916 450
1747417816486 0.006960571743547916 450
1747417820889 0.0027896356768906116 460
1747417820890 0.0027896356768906116 460
1747417825054 0.0008961095591075718 470
1747417825053 0.0008961095591075718 470
