1747417597453 4.946808510638298e-05 10
1747417597453 4.946808510638298e-05 10
1747417601744 4.893617021276596e-05 20
1747417601745 4.893617021276596e-05 20
1747417606259 4.840425531914894e-05 30
1747417606260 4.840425531914894e-05 30
1747417610586 4.787234042553192e-05 40
1747417610587 4.787234042553192e-05 40
1747417614955 4.734042553191489e-05 50
1747417614956 4.734042553191489e-05 50
1747417619348 4.680851063829788e-05 60
1747417619349 4.680851063829788e-05 60
1747417623734 4.627659574468085e-05 70
1747417623735 4.627659574468085e-05 70
1747417628032 4.574468085106383e-05 80
1747417628032 4.574468085106383e-05 80
1747417632362 4.5212765957446815e-05 90
1747417632363 4.5212765957446815e-05 90
1747417641696 4.468085106382979e-05 100
1747417641695 4.468085106382979e-05 100
1747417646112 4.414893617021277e-05 110
1747417646113 4.414893617021277e-05 110
1747417650486 4.3617021276595746e-05 120
1747417650512 4.3617021276595746e-05 120
1747417655021 4.3085106382978725e-05 130
1747417655019 4.3085106382978725e-05 130
1747417659452 4.2553191489361704e-05 140
1747417659453 4.2553191489361704e-05 140
1747417663796 4.2021276595744684e-05 150
1747417663800 4.2021276595744684e-05 150
1747417668190 4.148936170212766e-05 160
1747417668187 4.148936170212766e-05 160
1747417672561 4.095744680851064e-05 170
1747417672562 4.095744680851064e-05 170
1747417676907 4.0425531914893614e-05 180
1747417676908 4.0425531914893614e-05 180
1747417685756 3.9893617021276594e-05 190
1747417685757 3.9893617021276594e-05 190
1747417690093 3.936170212765958e-05 200
1747417690093 3.936170212765958e-05 200
1747417694443 3.882978723404255e-05 210
1747417694444 3.882978723404255e-05 210
1747417700774 3.829787234042553e-05 220
1747417700777 3.829787234042553e-05 220
1747417705243 3.776595744680852e-05 230
1747417705244 3.776595744680852e-05 230
1747417709638 3.723404255319149e-05 240
1747417709639 3.723404255319149e-05 240
1747417713973 3.670212765957447e-05 250
1747417713973 3.670212765957447e-05 250
1747417718375 3.617021276595745e-05 260
1747417718375 3.617021276595745e-05 260
1747417722811 3.563829787234043e-05 270
1747417722813 3.563829787234043e-05 270
1747417727212 3.5106382978723407e-05 280
1747417727214 3.5106382978723407e-05 280
1747417736182 3.4574468085106386e-05 290
1747417736183 3.4574468085106386e-05 290
1747417740730 3.4042553191489365e-05 300
1747417740715 3.4042553191489365e-05 300
1747417745231 3.3510638297872344e-05 310
1747417745232 3.3510638297872344e-05 310
1747417749612 3.2978723404255317e-05 320
1747417749613 3.2978723404255317e-05 320
1747417754017 3.2446808510638296e-05 330
1747417754017 3.2446808510638296e-05 330
1747417758423 3.191489361702128e-05 340
1747417758422 3.191489361702128e-05 340
1747417762835 3.1382978723404254e-05 350
1747417762834 3.1382978723404254e-05 350
1747417768860 3.085106382978723e-05 360
1747417768861 3.085106382978723e-05 360
1747417773182 3.0319148936170216e-05 370
1747417773183 3.0319148936170216e-05 370
1747417782196 2.9787234042553192e-05 380
1747417782196 2.9787234042553192e-05 380
1747417786734 2.925531914893617e-05 390
1747417786735 2.925531914893617e-05 390
1747417791142 2.8723404255319154e-05 400
1747417791143 2.8723404255319154e-05 400
1747417795536 2.819148936170213e-05 410
1747417795537 2.819148936170213e-05 410
1747417801615 2.765957446808511e-05 420
1747417801616 2.765957446808511e-05 420
1747417806018 2.7127659574468084e-05 430
1747417806018 2.7127659574468084e-05 430
1747417812100 2.6595744680851064e-05 440
1747417812101 2.6595744680851064e-05 440
1747417816485 2.6063829787234046e-05 450
1747417816486 2.6063829787234046e-05 450
1747417820889 2.5531914893617022e-05 460
1747417820890 2.5531914893617022e-05 460
1747417825054 2.5e-05 470
1747417825053 2.5e-05 470
