1747417597453 0.5446 10
1747417597453 0.5446 10
1747417601744 0.1772 20
1747417601745 0.1772 20
1747417606259 0.0753 30
1747417606260 0.0753 30
1747417610586 0.0754 40
1747417610587 0.0754 40
1747417614955 0.0429 50
1747417614956 0.0429 50
1747417619348 0.0796 60
1747417619349 0.0796 60
1747417623734 0.0761 70
1747417623735 0.0761 70
1747417628032 0.0621 80
1747417628032 0.0621 80
1747417632362 0.1168 90
1747417632363 0.1168 90
1747417641695 0.0135 100
1747417641696 0.0135 100
1747417646112 0.0008 110
1747417646113 0.0008 110
1747417650486 0.092 120
1747417650512 0.092 120
1747417655021 0.0637 130
1747417655019 0.0637 130
1747417659452 0.0006 140
1747417659453 0.0006 140
1747417663796 0.006 150
1747417663800 0.006 150
1747417668190 0.068 160
1747417668187 0.068 160
1747417672561 0.0313 170
1747417672562 0.0313 170
1747417676907 0.0023 180
1747417676908 0.0023 180
1747417685756 0.0237 190
1747417685757 0.0237 190
1747417690093 0.0007 200
1747417690093 0.0007 200
1747417694443 0.0218 210
1747417694444 0.0218 210
1747417700774 0.0002 220
1747417700777 0.0002 220
1747417705243 0.0002 230
1747417705244 0.0002 230
1747417709638 0.0122 240
1747417709639 0.0122 240
1747417713973 0.0044 250
1747417713973 0.0044 250
1747417718375 0.054 260
1747417718375 0.054 260
1747417722811 0.0 270
1747417722813 0.0 270
1747417727212 0.0001 280
1747417727214 0.0001 280
1747417736182 0.012 290
1747417736183 0.012 290
1747417740730 0.0008 300
1747417740715 0.0008 300
1747417745231 0.0001 310
1747417745232 0.0001 310
1747417749612 0.0001 320
1747417749613 0.0001 320
1747417754017 0.0001 330
1747417754017 0.0001 330
1747417758423 0.0001 340
1747417758422 0.0001 340
1747417762835 0.0004 350
1747417762834 0.0004 350
1747417768860 0.0 360
1747417768861 0.0 360
1747417773182 0.0 370
1747417773183 0.0 370
1747417782196 0.0003 380
1747417782196 0.0003 380
1747417786734 0.0005 390
1747417786735 0.0005 390
1747417791142 0.0 400
1747417791143 0.0 400
1747417795536 0.0 410
1747417795537 0.0 410
1747417801615 0.0 420
1747417801616 0.0 420
1747417806018 0.0 430
1747417806018 0.0 430
1747417812100 0.0 440
1747417812101 0.0 440
1747417816485 0.0 450
1747417816486 0.0 450
1747417820889 0.0 460
1747417820890 0.0 460
1747417825054 0.0 470
1747417825053 0.0 470
