1747374468438 0.11235955056179775 10
1747374468438 0.11235955056179775 10
1747374472153 0.2247191011235955 20
1747374472153 0.2247191011235955 20
1747374475873 0.33707865168539325 30
1747374475873 0.33707865168539325 30
1747374479603 0.449438202247191 40
1747374479603 0.449438202247191 40
1747374485108 0.5617977528089888 50
1747374485109 0.5617977528089888 50
1747374488919 0.6741573033707865 60
1747374488919 0.6741573033707865 60
1747374494446 0.7865168539325843 70
1747374494447 0.7865168539325843 70
1747374500037 0.898876404494382 80
1747374500038 0.898876404494382 80
1747374505786 1.0 89
1747374505787 1.0 89
1747374507717 1.0112359550561798 90
1747374507716 1.0112359550561798 90
1747374511570 1.1235955056179776 100
1747374511570 1.1235955056179776 100
1747374517096 1.2359550561797752 110
1747374517097 1.2359550561797752 110
1747374520971 1.348314606741573 120
1747374520972 1.348314606741573 120
1747374524890 1.4606741573033708 130
1747374524891 1.4606741573033708 130
1747374530435 1.5730337078651684 140
1747374530434 1.5730337078651684 140
1747374535918 1.6853932584269664 150
1747374535919 1.6853932584269664 150
1747374539768 1.797752808988764 160
1747374539769 1.797752808988764 160
1747374545280 1.9101123595505618 170
1747374545281 1.9101123595505618 170
1747374550611 2.0 178
1747374550609 2.0 178
1747374552829 2.0224719101123596 180
1747374552830 2.0224719101123596 180
1747374558400 2.134831460674157 190
1747374558401 2.134831460674157 190
1747374562309 2.247191011235955 200
1747374562310 2.247191011235955 200
1747374566205 2.359550561797753 210
1747374566206 2.359550561797753 210
1747374570195 2.4719101123595504 220
1747374570194 2.4719101123595504 220
1747374575820 2.5842696629213484 230
1747374575821 2.5842696629213484 230
1747374582908 2.696629213483146 240
1747374582909 2.696629213483146 240
1747374586816 2.808988764044944 250
1747374586817 2.808988764044944 250
1747374590808 2.9213483146067416 260
1747374590809 2.9213483146067416 260
1747374597539 3.0 267
1747374597540 3.0 267
1747374600455 3.033707865168539 270
1747374600457 3.033707865168539 270
1747374605871 3.146067415730337 280
1747374605874 3.146067415730337 280
1747374611604 3.258426966292135 290
1747374611605 3.258426966292135 290
1747374615562 3.370786516853933 300
1747374615563 3.370786516853933 300
1747374619613 3.4831460674157304 310
1747374619619 3.4831460674157304 310
1747374626696 3.595505617977528 320
1747374626697 3.595505617977528 320
1747374630688 3.7078651685393256 330
1747374630689 3.7078651685393256 330
1747374636392 3.8202247191011236 340
1747374636393 3.8202247191011236 340
1747374640418 3.932584269662921 350
1747374640419 3.932584269662921 350
1747374645070 4.0 356
1747374645070 4.0 356
1747374646675 4.0 356
1747374646675 4.0 356
