1747374468438 3.1667394638061523 10
1747374468438 3.1667394638061523 10
1747374472153 2.8810625076293945 20
1747374472153 2.8810625076293945 20
1747374475873 2.839381694793701 30
1747374475873 2.839381694793701 30
1747374479603 4.569025039672852 40
1747374479603 4.569025039672852 40
1747374485108 9.756397247314453 50
1747374485109 9.756397247314453 50
1747374488919 6.226698398590088 60
1747374488919 6.226698398590088 60
1747374494446 6.078107833862305 70
1747374494447 6.078107833862305 70
1747374500037 8.614874839782715 80
1747374500038 8.614874839782715 80
1747374507716 7.4032416343688965 90
1747374507717 7.4032416343688965 90
1747374511570 4.124495029449463 100
1747374511570 4.124495029449463 100
1747374517096 8.48951244354248 110
1747374517097 8.48951244354248 110
1747374520971 9.665976524353027 120
1747374520972 9.665976524353027 120
1747374524890 3.9603707790374756 130
1747374524891 3.9603707790374756 130
1747374530435 3.3582663536071777 140
1747374530434 3.3582663536071777 140
1747374535918 17.602249145507812 150
1747374535919 17.602249145507812 150
1747374539768 6.077616214752197 160
1747374539769 6.077616214752197 160
1747374545280 2.0520455837249756 170
1747374545281 2.0520455837249756 170
1747374552829 4.7482380867004395 180
1747374552830 4.7482380867004395 180
1747374558400 23.04972267150879 190
1747374558401 23.04972267150879 190
1747374562309 5.19923734664917 200
1747374562310 5.19923734664917 200
1747374566205 11.92605972290039 210
1747374566206 11.92605972290039 210
1747374570195 7.4962968826293945 220
1747374570194 7.4962968826293945 220
1747374575820 1.684203863143921 230
1747374575821 1.684203863143921 230
1747374582908 9.2767972946167 240
1747374582909 9.2767972946167 240
1747374586816 0.8441755175590515 250
1747374586817 0.8441755175590515 250
1747374590808 0.7412264943122864 260
1747374590809 0.7412264943122864 260
1747374600455 0.23004426062107086 270
1747374600457 0.23004426062107086 270
1747374605871 9.57217788696289 280
1747374605874 9.57217788696289 280
1747374611604 0.031442198902368546 290
1747374611605 0.031442198902368546 290
1747374615562 0.04797249659895897 300
1747374615563 0.04797249659895897 300
1747374619613 33.39083480834961 310
1747374619619 33.39083480834961 310
1747374626696 0.838965892791748 320
1747374626697 0.838965892791748 320
1747374630688 0.011464430019259453 330
1747374630689 0.011464430019259453 330
1747374636392 0.09089075028896332 340
1747374636393 0.09089075028896332 340
1747374640418 0.009950073435902596 350
1747374640419 0.009950073435902596 350
