1747374468438 4.943820224719101e-05 10
1747374468438 4.943820224719101e-05 10
1747374472153 4.8876404494382024e-05 20
1747374472153 4.8876404494382024e-05 20
1747374475873 4.831460674157304e-05 30
1747374475873 4.831460674157304e-05 30
1747374479603 4.7752808988764046e-05 40
1747374479603 4.7752808988764046e-05 40
1747374485108 4.719101123595506e-05 50
1747374485109 4.719101123595506e-05 50
1747374488919 4.662921348314607e-05 60
1747374488919 4.662921348314607e-05 60
1747374494446 4.606741573033708e-05 70
1747374494447 4.606741573033708e-05 70
1747374500037 4.550561797752809e-05 80
1747374500038 4.550561797752809e-05 80
1747374507716 4.4943820224719104e-05 90
1747374507717 4.4943820224719104e-05 90
1747374511570 4.438202247191011e-05 100
1747374511570 4.438202247191011e-05 100
1747374517096 4.3820224719101126e-05 110
1747374517097 4.3820224719101126e-05 110
1747374520971 4.3258426966292134e-05 120
1747374520972 4.3258426966292134e-05 120
1747374524890 4.269662921348315e-05 130
1747374524891 4.269662921348315e-05 130
1747374530435 4.2134831460674156e-05 140
1747374530434 4.2134831460674156e-05 140
1747374535918 4.157303370786517e-05 150
1747374535919 4.157303370786517e-05 150
1747374539768 4.1011235955056184e-05 160
1747374539769 4.1011235955056184e-05 160
1747374545280 4.044943820224719e-05 170
1747374545281 4.044943820224719e-05 170
1747374552829 3.98876404494382e-05 180
1747374552830 3.98876404494382e-05 180
1747374558400 3.9325842696629214e-05 190
1747374558401 3.9325842696629214e-05 190
1747374562309 3.876404494382023e-05 200
1747374562310 3.876404494382023e-05 200
1747374566205 3.8202247191011236e-05 210
1747374566206 3.8202247191011236e-05 210
1747374570195 3.764044943820225e-05 220
1747374570194 3.764044943820225e-05 220
1747374575820 3.7078651685393264e-05 230
1747374575821 3.7078651685393264e-05 230
1747374582908 3.651685393258427e-05 240
1747374582909 3.651685393258427e-05 240
1747374586816 3.595505617977528e-05 250
1747374586817 3.595505617977528e-05 250
1747374590808 3.5393258426966294e-05 260
1747374590809 3.5393258426966294e-05 260
1747374600455 3.483146067415731e-05 270
1747374600457 3.483146067415731e-05 270
1747374605871 3.4269662921348316e-05 280
1747374605874 3.4269662921348316e-05 280
1747374611604 3.370786516853933e-05 290
1747374611605 3.370786516853933e-05 290
1747374615562 3.314606741573034e-05 300
1747374615563 3.314606741573034e-05 300
1747374619613 3.258426966292135e-05 310
1747374619619 3.258426966292135e-05 310
1747374626696 3.202247191011236e-05 320
1747374626697 3.202247191011236e-05 320
1747374630688 3.1460674157303374e-05 330
1747374630689 3.1460674157303374e-05 330
1747374636392 3.089887640449438e-05 340
1747374636393 3.089887640449438e-05 340
1747374640418 3.0337078651685396e-05 350
1747374640419 3.0337078651685396e-05 350
