1747374468438 0.6554 10
1747374468438 0.6554 10
1747374472153 0.6138 20
1747374472153 0.6138 20
1747374475873 0.6172 30
1747374475873 0.6172 30
1747374479603 0.5436 40
1747374479603 0.5436 40
1747374485108 0.4435 50
1747374485109 0.4435 50
1747374488919 0.4155 60
1747374488919 0.4155 60
1747374494446 0.3456 70
1747374494447 0.3456 70
1747374500037 0.4848 80
1747374500038 0.4848 80
1747374507716 0.353 90
1747374507717 0.353 90
1747374511570 0.2316 100
1747374511570 0.2316 100
1747374517096 0.2563 110
1747374517097 0.2563 110
1747374520971 0.2201 120
1747374520972 0.2201 120
1747374524890 0.2499 130
1747374524891 0.2499 130
1747374530435 0.2253 140
1747374530434 0.2253 140
1747374535918 0.2989 150
1747374535919 0.2989 150
1747374539768 0.2216 160
1747374539769 0.2216 160
1747374545280 0.277 170
1747374545281 0.277 170
1747374552829 0.2361 180
1747374552830 0.2361 180
1747374558400 0.2138 190
1747374558401 0.2138 190
1747374562309 0.1364 200
1747374562310 0.1364 200
1747374566205 0.1176 210
1747374566206 0.1176 210
1747374570194 0.2095 220
1747374570195 0.2095 220
1747374575820 0.0665 230
1747374575821 0.0665 230
1747374582908 0.1601 240
1747374582909 0.1601 240
1747374586816 0.1043 250
1747374586817 0.1043 250
1747374590808 0.0739 260
1747374590809 0.0739 260
1747374600455 0.0514 270
1747374600457 0.0514 270
1747374605871 0.0656 280
1747374605874 0.0656 280
1747374611604 0.0022 290
1747374611605 0.0022 290
1747374615562 0.0146 300
1747374615563 0.0146 300
1747374619613 0.0306 310
1747374619619 0.0306 310
1747374626696 0.001 320
1747374626697 0.001 320
1747374630688 0.027 330
1747374630689 0.027 330
1747374636392 0.0675 340
1747374636393 0.0675 340
1747374640418 0.0576 350
1747374640419 0.0576 350
