1747354025377 1.0 7
1747354025378 1.0 7
1747354029066 1.4285714285714286 10
1747354029066 1.4285714285714286 10
1747354032268 2.0 14
1747354032270 2.0 14
1747354036822 2.857142857142857 20
1747354036823 2.857142857142857 20
1747354037235 3.0 21
1747354037236 3.0 21
1747354042871 4.0 28
1747354042872 4.0 28
1747354045813 4.285714285714286 30
1747354045814 4.285714285714286 30
1747354047836 5.0 35
1747354047837 5.0 35
1747354052028 5.714285714285714 40
1747354052028 5.714285714285714 40
1747354053011 6.0 42
1747354053017 6.0 42
1747354056648 6.0 42
1747354056648 6.0 42
