1746820045746 0.056179775280898875 10
1746820045747 0.056179775280898875 10
1746820115952 0.11235955056179775 20
1746820115952 0.11235955056179775 20
1746820179720 0.16853932584269662 30
1746820179720 0.16853932584269662 30
1746820229801 0.2247191011235955 40
1746820229802 0.2247191011235955 40
1746820276477 0.2808988764044944 50
1746820276478 0.2808988764044944 50
1746820325620 0.33707865168539325 60
1746820325621 0.33707865168539325 60
1746820373415 0.39325842696629215 70
1746820373414 0.39325842696629215 70
1746820426207 0.449438202247191 80
1746820426208 0.449438202247191 80
1746820475180 0.5056179775280899 90
1746820475180 0.5056179775280899 90
1746820527400 0.5617977528089888 100
1746820527401 0.5617977528089888 100
1746820583900 0.6179775280898876 110
1746820583901 0.6179775280898876 110
1746820642668 0.6741573033707865 120
1746820642668 0.6741573033707865 120
1746820698744 0.7303370786516854 130
1746820698744 0.7303370786516854 130
1746820750964 0.7865168539325843 140
1746820750964 0.7865168539325843 140
1746820802435 0.8426966292134831 150
1746820802435 0.8426966292134831 150
1746820854576 0.898876404494382 160
1746820854576 0.898876404494382 160
1746820907990 0.9550561797752809 170
1746820908006 0.9550561797752809 170
1746820995776 1.0 178
1746820995775 1.0 178
1746820997485 1.0 178
1746820997487 1.0 178
