1746820045746 3.695354700088501 10
1746820045747 3.695354700088501 10
1746820115952 4.406838893890381 20
1746820115952 4.406838893890381 20
1746820179720 2.96445894241333 30
1746820179720 2.96445894241333 30
1746820229801 6.920647144317627 40
1746820229802 6.920647144317627 40
1746820276477 4.507360935211182 50
1746820276478 4.507360935211182 50
1746820325620 3.2918269634246826 60
1746820325621 3.2918269634246826 60
1746820373415 5.443010330200195 70
1746820373414 5.443010330200195 70
1746820426207 2.1780529022216797 80
1746820426208 2.1780529022216797 80
1746820475180 4.066051959991455 90
1746820475180 4.066051959991455 90
1746820527400 1.3487646579742432 100
1746820527401 1.3487646579742432 100
1746820583900 1.7061400413513184 110
1746820583901 1.7061400413513184 110
1746820642668 19.62126922607422 120
1746820642668 19.62126922607422 120
1746820698744 5.823633670806885 130
1746820698744 5.823633670806885 130
1746820750964 12.91541576385498 140
1746820750964 12.91541576385498 140
1746820802435 2.7285261154174805 150
1746820802435 2.7285261154174805 150
1746820854576 9.865462303161621 160
1746820854576 9.865462303161621 160
1746820907990 2.728884220123291 170
1746820908006 2.728884220123291 170
