1746820045746 4.719101123595506e-05 10
1746820045747 4.719101123595506e-05 10
1746820115952 4.438202247191011e-05 20
1746820115952 4.438202247191011e-05 20
1746820179720 4.157303370786517e-05 30
1746820179720 4.157303370786517e-05 30
1746820229801 3.876404494382023e-05 40
1746820229802 3.876404494382023e-05 40
1746820276477 3.595505617977528e-05 50
1746820276478 3.595505617977528e-05 50
1746820325620 3.314606741573034e-05 60
1746820325621 3.314606741573034e-05 60
1746820373415 3.0337078651685396e-05 70
1746820373414 3.0337078651685396e-05 70
1746820426207 2.752808988764045e-05 80
1746820426208 2.752808988764045e-05 80
1746820475180 2.4719101123595505e-05 90
1746820475180 2.4719101123595505e-05 90
1746820527400 2.1910112359550563e-05 100
1746820527401 2.1910112359550563e-05 100
1746820583900 1.9101123595505618e-05 110
1746820583901 1.9101123595505618e-05 110
1746820642668 1.6292134831460676e-05 120
1746820642668 1.6292134831460676e-05 120
1746820698744 1.348314606741573e-05 130
1746820698744 1.348314606741573e-05 130
1746820750964 1.0674157303370787e-05 140
1746820750964 1.0674157303370787e-05 140
1746820802435 7.865168539325843e-06 150
1746820802435 7.865168539325843e-06 150
1746820854576 5.056179775280899e-06 160
1746820854576 5.056179775280899e-06 160
1746820907990 2.247191011235955e-06 170
1746820908006 2.247191011235955e-06 170
