1746820045746 0.6536 10
1746820045747 0.6536 10
1746820115952 0.6346 20
1746820115952 0.6346 20
1746820179720 0.6533 30
1746820179720 0.6533 30
1746820229801 0.6 40
1746820229802 0.6 40
1746820276477 0.6507 50
1746820276478 0.6507 50
1746820325620 0.673 60
1746820325621 0.673 60
1746820373415 0.6607 70
1746820373414 0.6607 70
1746820426207 0.6557 80
1746820426208 0.6557 80
1746820475180 0.5855 90
1746820475180 0.5855 90
1746820527400 0.5665 100
1746820527401 0.5665 100
1746820583900 0.5456 110
1746820583901 0.5456 110
1746820642668 0.7347 120
1746820642668 0.7347 120
1746820698744 0.6886 130
1746820698744 0.6886 130
1746820750964 0.6992 140
1746820750964 0.6992 140
1746820802435 0.6488 150
1746820802435 0.6488 150
1746820854576 0.6545 160
1746820854576 0.6545 160
1746820907990 0.6365 170
1746820908006 0.6365 170
