1746729316086 0.056179775280898875 10
1746729316080 0.056179775280898875 10
1746729324852 0.11235955056179775 20
1746729324851 0.11235955056179775 20
1746729333173 0.16853932584269662 30
1746729333173 0.16853932584269662 30
1746729341923 0.2247191011235955 40
1746729341924 0.2247191011235955 40
1746729351957 0.2808988764044944 50
1746729351959 0.2808988764044944 50
1746729361177 0.33707865168539325 60
1746729361179 0.33707865168539325 60
1746729372011 0.39325842696629215 70
1746729372011 0.39325842696629215 70
1746729380924 0.449438202247191 80
1746729380925 0.449438202247191 80
1746729390599 0.5056179775280899 90
1746729390597 0.5056179775280899 90
1746729400066 0.5617977528089888 100
1746729400064 0.5617977528089888 100
1746729409674 0.6179775280898876 110
1746729409674 0.6179775280898876 110
1746729419830 0.6741573033707865 120
1746729419832 0.6741573033707865 120
1746729429759 0.7303370786516854 130
1746729429761 0.7303370786516854 130
1746729439214 0.7865168539325843 140
1746729439216 0.7865168539325843 140
1746729448954 0.8426966292134831 150
1746729448956 0.8426966292134831 150
1746729458699 0.898876404494382 160
1746729458701 0.898876404494382 160
1746729468341 0.9550561797752809 170
1746729468339 0.9550561797752809 170
1746729524264 1.0 178
1746729524265 1.0 178
1746729529469 1.0112359550561798 180
1746729529471 1.0112359550561798 180
1746729538784 1.0674157303370786 190
1746729538785 1.0674157303370786 190
1746729548150 1.1235955056179776 200
1746729548152 1.1235955056179776 200
1746729558465 1.1797752808988764 210
1746729558463 1.1797752808988764 210
1746729569265 1.2359550561797752 220
1746729569267 1.2359550561797752 220
1746729579011 1.2921348314606742 230
1746729579012 1.2921348314606742 230
1746729589780 1.348314606741573 240
1746729589782 1.348314606741573 240
1746729601167 1.404494382022472 250
1746729601169 1.404494382022472 250
1746729614342 1.4606741573033708 260
1746729614350 1.4606741573033708 260
1746729626905 1.5168539325842696 270
1746729626912 1.5168539325842696 270
1746729639041 1.5730337078651684 280
1746729639043 1.5730337078651684 280
1746729651786 1.6292134831460674 290
1746729651782 1.6292134831460674 290
1746729661420 1.6853932584269664 300
1746729661421 1.6853932584269664 300
1746729672029 1.7415730337078652 310
1746729672032 1.7415730337078652 310
1746729682076 1.797752808988764 320
1746729682077 1.797752808988764 320
1746729692508 1.8539325842696628 330
1746729692506 1.8539325842696628 330
1746729702505 1.9101123595505618 340
1746729702507 1.9101123595505618 340
1746729712508 1.9662921348314608 350
1746729712511 1.9662921348314608 350
1746729765988 2.0 356
1746729765989 2.0 356
1746729775460 2.0224719101123596 360
1746729775462 2.0224719101123596 360
1746729787050 2.0786516853932584 370
1746729787052 2.0786516853932584 370
1746729797324 2.134831460674157 380
1746729797326 2.134831460674157 380
1746729808586 2.191011235955056 390
1746729808587 2.191011235955056 390
1746729817693 2.247191011235955 400
1746729817695 2.247191011235955 400
1746729827715 2.303370786516854 410
1746729827716 2.303370786516854 410
1746729837078 2.359550561797753 420
1746729837080 2.359550561797753 420
1746729846613 2.4157303370786516 430
1746729846614 2.4157303370786516 430
1746729857627 2.4719101123595504 440
1746729857629 2.4719101123595504 440
1746729867424 2.5280898876404496 450
1746729867422 2.5280898876404496 450
1746729877726 2.5842696629213484 460
1746729877727 2.5842696629213484 460
1746729887504 2.640449438202247 470
1746729887502 2.640449438202247 470
1746729896627 2.696629213483146 480
1746729896627 2.696629213483146 480
1746729905808 2.752808988764045 490
1746729905808 2.752808988764045 490
1746729915132 2.808988764044944 500
1746729915140 2.808988764044944 500
1746729925873 2.865168539325843 510
1746729925873 2.865168539325843 510
1746729934534 2.9213483146067416 520
1746729934534 2.9213483146067416 520
1746729943246 2.9775280898876404 530
1746729943246 2.9775280898876404 530
1746729995167 3.0 534
1746729995168 3.0 534
1746729998804 3.0 534
1746729998804 3.0 534
1746731097816 3.0 534
1746731097816 3.0 534
