1746729316080 3.868375778198242 10
1746729324851 3.2334682941436768 20
1746729324852 3.2334682941436768 20
1746729333173 2.0250301361083984 30
1746729333173 2.0250301361083984 30
1746729341923 1.1381111145019531 40
1746729341924 1.1381111145019531 40
1746729351957 6.955305099487305 50
1746729351959 6.955305099487305 50
1746729361177 4.397507667541504 60
1746729361179 4.397507667541504 60
1746729372011 4.859978675842285 70
1746729372011 4.859978675842285 70
1746729380924 2.5829501152038574 80
1746729380925 2.5829501152038574 80
1746729390599 1.5282695293426514 90
1746729390597 1.5282695293426514 90
1746729400066 1.5551202297210693 100
1746729400064 1.5551202297210693 100
1746729409674 1.4412164688110352 110
1746729409674 1.4412164688110352 110
1746729419830 7.14471960067749 120
1746729419832 7.14471960067749 120
1746729429761 2.381930112838745 130
1746729429759 2.381930112838745 130
1746729439214 1.6123887300491333 140
1746729439216 1.6123887300491333 140
1746729448954 7.763208866119385 150
1746729448956 7.763208866119385 150
1746729458699 4.114903926849365 160
1746729458701 4.114903926849365 160
1746729468341 2.7663185596466064 170
1746729468339 2.7663185596466064 170
1746729529469 3.684358596801758 180
1746729529471 3.684358596801758 180
1746729538784 2.2911007404327393 190
1746729538785 2.2911007404327393 190
1746729548150 1.2984825372695923 200
1746729548152 1.2984825372695923 200
1746729558463 1.491851806640625 210
1746729558465 1.491851806640625 210
1746729569265 2.0052413940429688 220
1746729569267 2.0052413940429688 220
1746729579011 1.631582260131836 230
1746729579012 1.631582260131836 230
1746729589780 1.3715410232543945 240
1746729589782 1.3715410232543945 240
1746729601167 5.492899417877197 250
1746729601169 5.492899417877197 250
1746729614342 2.135277271270752 260
1746729614350 2.135277271270752 260
1746729626905 2.991765022277832 270
1746729626912 2.991765022277832 270
1746729639041 4.024705410003662 280
1746729639043 4.024705410003662 280
1746729651786 2.1070327758789062 290
1746729651782 2.1070327758789062 290
1746729661420 2.8954110145568848 300
1746729661421 2.8954110145568848 300
1746729672029 2.3894214630126953 310
1746729672032 2.3894214630126953 310
1746729682076 3.588916301727295 320
1746729682077 3.588916301727295 320
1746729692506 2.3577067852020264 330
1746729692508 2.3577067852020264 330
1746729702505 1.5291537046432495 340
1746729702507 1.5291537046432495 340
1746729712508 4.790812015533447 350
1746729712511 4.790812015533447 350
1746729775460 63.96131134033203 360
1746729775462 63.96131134033203 360
1746729787050 1.6998631954193115 370
1746729787052 1.6998631954193115 370
1746729797324 2.6906521320343018 380
1746729797326 2.6906521320343018 380
1746729808586 6.9709792137146 390
1746729808587 6.9709792137146 390
1746729817693 6.4099202156066895 400
1746729817695 6.4099202156066895 400
1746729827715 5.898136615753174 410
1746729827716 5.898136615753174 410
1746729837078 1.7521389722824097 420
1746729837080 1.7521389722824097 420
1746729846613 5.175550937652588 430
1746729846614 5.175550937652588 430
1746729857627 1.824249505996704 440
1746729857629 1.824249505996704 440
1746729867424 1.5895577669143677 450
1746729867422 1.5895577669143677 450
1746729877726 1.6167696714401245 460
1746729877727 1.6167696714401245 460
1746729887504 3.5285587310791016 470
1746729887502 3.5285587310791016 470
1746729896627 3.3381094932556152 480
1746729896627 3.3381094932556152 480
1746729905808 1.847843885421753 490
1746729905808 1.847843885421753 490
1746729915132 1.3216110467910767 500
1746729915140 1.3216110467910767 500
1746729925873 1.971713900566101 510
1746729925873 1.971713900566101 510
1746729934534 2.1312997341156006 520
1746729934534 2.1312997341156006 520
1746729943246 3.0975534915924072 530
1746729943246 3.0975534915924072 530
