1746729316080 4.906367041198502e-05 10
1746729316086 4.906367041198502e-05 10
1746729324852 4.812734082397004e-05 20
1746729324851 4.812734082397004e-05 20
1746729333173 4.719101123595506e-05 30
1746729333173 4.719101123595506e-05 30
1746729341923 4.625468164794008e-05 40
1746729341924 4.625468164794008e-05 40
1746729351957 4.531835205992509e-05 50
1746729351959 4.531835205992509e-05 50
1746729361177 4.438202247191011e-05 60
1746729361179 4.438202247191011e-05 60
1746729372011 4.344569288389513e-05 70
1746729372011 4.344569288389513e-05 70
1746729380924 4.250936329588015e-05 80
1746729380925 4.250936329588015e-05 80
1746729390599 4.157303370786517e-05 90
1746729390597 4.157303370786517e-05 90
1746729400066 4.063670411985019e-05 100
1746729400064 4.063670411985019e-05 100
1746729409674 3.970037453183521e-05 110
1746729409674 3.970037453183521e-05 110
1746729419830 3.876404494382023e-05 120
1746729419832 3.876404494382023e-05 120
1746729429759 3.782771535580524e-05 130
1746729429761 3.782771535580524e-05 130
1746729439214 3.689138576779027e-05 140
1746729439216 3.689138576779027e-05 140
1746729448954 3.595505617977528e-05 150
1746729448956 3.595505617977528e-05 150
1746729458699 3.5018726591760305e-05 160
1746729458701 3.5018726591760305e-05 160
1746729468341 3.408239700374532e-05 170
1746729468339 3.408239700374532e-05 170
1746729529469 3.314606741573034e-05 180
1746729529471 3.314606741573034e-05 180
1746729538784 3.220973782771536e-05 190
1746729538785 3.220973782771536e-05 190
1746729548150 3.1273408239700376e-05 200
1746729548152 3.1273408239700376e-05 200
1746729558465 3.0337078651685396e-05 210
1746729558463 3.0337078651685396e-05 210
1746729569265 2.940074906367041e-05 220
1746729569267 2.940074906367041e-05 220
1746729579011 2.846441947565543e-05 230
1746729579012 2.846441947565543e-05 230
1746729589780 2.752808988764045e-05 240
1746729589782 2.752808988764045e-05 240
1746729601167 2.6591760299625466e-05 250
1746729601169 2.6591760299625466e-05 250
1746729614342 2.565543071161049e-05 260
1746729614350 2.565543071161049e-05 260
1746729626905 2.4719101123595505e-05 270
1746729626912 2.4719101123595505e-05 270
1746729639041 2.3782771535580524e-05 280
1746729639043 2.3782771535580524e-05 280
1746729651786 2.2846441947565544e-05 290
1746729651782 2.2846441947565544e-05 290
1746729661420 2.1910112359550563e-05 300
1746729661421 2.1910112359550563e-05 300
1746729672029 2.0973782771535582e-05 310
1746729672032 2.0973782771535582e-05 310
1746729682076 2.00374531835206e-05 320
1746729682077 2.00374531835206e-05 320
1746729692506 1.9101123595505618e-05 330
1746729692508 1.9101123595505618e-05 330
1746729702505 1.8164794007490637e-05 340
1746729702507 1.8164794007490637e-05 340
1746729712508 1.7228464419475657e-05 350
1746729712511 1.7228464419475657e-05 350
1746729775460 1.6292134831460676e-05 360
1746729775462 1.6292134831460676e-05 360
1746729787050 1.5355805243445692e-05 370
1746729787052 1.5355805243445692e-05 370
1746729797324 1.4419475655430711e-05 380
1746729797326 1.4419475655430711e-05 380
1746729808586 1.348314606741573e-05 390
1746729808587 1.348314606741573e-05 390
1746729817693 1.254681647940075e-05 400
1746729817695 1.254681647940075e-05 400
1746729827715 1.161048689138577e-05 410
1746729827716 1.161048689138577e-05 410
1746729837080 1.0674157303370787e-05 420
1746729837078 1.0674157303370787e-05 420
1746729846613 9.737827715355806e-06 430
1746729846614 9.737827715355806e-06 430
1746729857627 8.801498127340826e-06 440
1746729857629 8.801498127340826e-06 440
1746729867424 7.865168539325843e-06 450
1746729867422 7.865168539325843e-06 450
1746729877726 6.928838951310862e-06 460
1746729877727 6.928838951310862e-06 460
1746729887504 5.9925093632958805e-06 470
1746729887502 5.9925093632958805e-06 470
1746729896627 5.056179775280899e-06 480
1746729896627 5.056179775280899e-06 480
1746729905808 4.1198501872659175e-06 490
1746729905808 4.1198501872659175e-06 490
1746729915132 3.1835205992509364e-06 500
1746729915140 3.1835205992509364e-06 500
1746729925873 2.247191011235955e-06 510
1746729925873 2.247191011235955e-06 510
1746729934534 1.310861423220974e-06 520
1746729934534 1.310861423220974e-06 520
1746729943246 3.7453183520599253e-07 530
1746729943246 3.7453183520599253e-07 530
