1746729316086 0.5735 10
1746729316080 0.5735 10
1746729324851 0.5801 20
1746729324852 0.5801 20
1746729333173 0.6602 30
1746729333173 0.6602 30
1746729341923 0.5323 40
1746729341924 0.5323 40
1746729351957 0.6633 50
1746729351959 0.6633 50
1746729361177 0.6825 60
1746729361179 0.6825 60
1746729372011 0.6185 70
1746729372011 0.6185 70
1746729380924 0.6237 80
1746729380925 0.6237 80
1746729390597 0.7011 90
1746729390599 0.7011 90
1746729400066 0.6583 100
1746729400064 0.6583 100
1746729409674 0.6473 110
1746729409674 0.6473 110
1746729419830 0.6499 120
1746729419832 0.6499 120
1746729429761 0.63 130
1746729429759 0.63 130
1746729439214 0.5758 140
1746729439216 0.5758 140
1746729448954 0.6792 150
1746729448956 0.6792 150
1746729458699 0.7179 160
1746729458701 0.7179 160
1746729468339 0.6689 170
1746729468341 0.6689 170
1746729529469 0.7071 180
1746729529471 0.7071 180
1746729538784 0.6694 190
1746729538785 0.6694 190
1746729548150 0.6656 200
1746729548152 0.6656 200
1746729558463 0.6532 210
1746729558465 0.6532 210
1746729569265 0.6088 220
1746729569267 0.6088 220
1746729579011 0.6921 230
1746729579012 0.6921 230
1746729589780 0.6562 240
1746729589782 0.6562 240
1746729601167 0.6363 250
1746729601169 0.6363 250
1746729614342 0.6234 260
1746729614350 0.6234 260
1746729626905 0.6126 270
1746729626912 0.6126 270
1746729639041 0.6006 280
1746729639043 0.6006 280
1746729651786 0.7089 290
1746729651782 0.7089 290
1746729661420 0.6598 300
1746729661421 0.6598 300
1746729672029 0.6194 310
1746729672032 0.6194 310
1746729682076 0.5829 320
1746729682077 0.5829 320
1746729692508 0.545 330
1746729692506 0.545 330
1746729702505 0.6776 340
1746729702507 0.6776 340
1746729712508 0.6699 350
1746729712511 0.6699 350
1746729775460 0.6034 360
1746729775462 0.6034 360
1746729787050 0.644 370
1746729787052 0.644 370
1746729797324 0.5284 380
1746729797326 0.5284 380
1746729808586 0.694 390
1746729808587 0.694 390
1746729817693 0.6985 400
1746729817695 0.6985 400
1746729827715 0.6111 410
1746729827716 0.6111 410
1746729837080 0.6369 420
1746729837078 0.6369 420
1746729846613 0.6149 430
1746729846614 0.6149 430
1746729857627 0.6599 440
1746729857629 0.6599 440
1746729867424 0.593 450
1746729867422 0.593 450
1746729877726 0.6251 460
1746729877727 0.6251 460
1746729887504 0.6841 470
1746729887502 0.6841 470
1746729896627 0.6083 480
1746729896627 0.6083 480
1746729905808 0.6662 490
1746729905808 0.6662 490
1746729915132 0.6774 500
1746729915140 0.6774 500
1746729925873 0.6471 510
1746729925873 0.6471 510
1746729934534 0.6196 520
1746729934534 0.6196 520
1746729943246 0.6087 530
1746729943246 0.6087 530
