1747421037529 0.0228310502283105 10
1747421037530 0.0228310502283105 10
1747421041781 0.045662100456621 20
1747421041782 0.045662100456621 20
1747421046021 0.0684931506849315 30
1747421046022 0.0684931506849315 30
1747421050302 0.091324200913242 40
1747421050303 0.091324200913242 40
1747421054695 0.1141552511415525 50
1747421054696 0.1141552511415525 50
1747421059101 0.136986301369863 60
1747421059102 0.136986301369863 60
1747421063470 0.1598173515981735 70
1747421063471 0.1598173515981735 70
1747421067815 0.182648401826484 80
1747421067816 0.182648401826484 80
1747421072101 0.2054794520547945 90
1747421072102 0.2054794520547945 90
1747421076442 0.228310502283105 100
1747421076440 0.228310502283105 100
1747421080731 0.2511415525114155 110
1747421080731 0.2511415525114155 110
1747421085012 0.273972602739726 120
1747421085013 0.273972602739726 120
1747421089401 0.2968036529680365 130
1747421089401 0.2968036529680365 130
1747421095341 0.319634703196347 140
1747421095341 0.319634703196347 140
1747421099674 0.3424657534246575 150
1747421099674 0.3424657534246575 150
1747421104054 0.365296803652968 160
1747421104055 0.365296803652968 160
1747421108518 0.3881278538812785 170
1747421108518 0.3881278538812785 170
1747421112914 0.410958904109589 180
1747421112915 0.410958904109589 180
1747421117338 0.4337899543378995 190
1747421117337 0.4337899543378995 190
1747421121751 0.45662100456621 200
1747421121752 0.45662100456621 200
1747421126210 0.4794520547945205 210
1747421126210 0.4794520547945205 210
1747421130690 0.502283105022831 220
1747421130690 0.502283105022831 220
1747421135151 0.5251141552511416 230
1747421135152 0.5251141552511416 230
1747421139585 0.547945205479452 240
1747421139586 0.547945205479452 240
1747421145718 0.5707762557077626 250
1747421145719 0.5707762557077626 250
1747421150186 0.593607305936073 260
1747421150187 0.593607305936073 260
1747421154686 0.6164383561643836 270
1747421154687 0.6164383561643836 270
1747421159136 0.639269406392694 280
1747421159137 0.639269406392694 280
1747421163568 0.6621004566210046 290
1747421163569 0.6621004566210046 290
1747421167987 0.684931506849315 300
1747421167987 0.684931506849315 300
1747421172405 0.7077625570776256 310
1747421172405 0.7077625570776256 310
1747421176834 0.730593607305936 320
1747421176835 0.730593607305936 320
1747421181281 0.7534246575342466 330
1747421181282 0.7534246575342466 330
1747421185708 0.776255707762557 340
1747421185709 0.776255707762557 340
1747421190133 0.7990867579908676 350
1747421190134 0.7990867579908676 350
1747421194510 0.821917808219178 360
1747421194510 0.821917808219178 360
1747421198905 0.8447488584474886 370
1747421198905 0.8447488584474886 370
1747421203304 0.867579908675799 380
1747421203304 0.867579908675799 380
1747421207773 0.8904109589041096 390
1747421207773 0.8904109589041096 390
1747421212252 0.91324200913242 400
1747421212252 0.91324200913242 400
1747421216647 0.9360730593607306 410
1747421216647 0.9360730593607306 410
1747421221154 0.958904109589041 420
1747421221154 0.958904109589041 420
1747421225669 0.9817351598173516 430
1747421225670 0.9817351598173516 430
1747421241501 1.0 438
1747421241502 1.0 438
1747421244886 1.004566210045662 440
1747421244886 1.004566210045662 440
1747421249666 1.0273972602739727 450
1747421249668 1.0273972602739727 450
1747421255982 1.0502283105022832 460
1747421255982 1.0502283105022832 460
1747421260531 1.0730593607305936 470
1747421260531 1.0730593607305936 470
1747421264897 1.095890410958904 480
1747421264897 1.095890410958904 480
1747421269316 1.1187214611872145 490
1747421269316 1.1187214611872145 490
1747421273750 1.1415525114155252 500
1747421273751 1.1415525114155252 500
1747421278147 1.1643835616438356 510
1747421278148 1.1643835616438356 510
1747421282555 1.187214611872146 520
1747421282556 1.187214611872146 520
1747421286996 1.2100456621004567 530
1747421286996 1.2100456621004567 530
1747421291450 1.2328767123287672 540
1747421291450 1.2328767123287672 540
1747421295873 1.2557077625570776 550
1747421295872 1.2557077625570776 550
1747421300303 1.278538812785388 560
1747421300304 1.278538812785388 560
1747421304734 1.3013698630136985 570
1747421304735 1.3013698630136985 570
1747421309146 1.3242009132420092 580
1747421309147 1.3242009132420092 580
1747421313597 1.3470319634703196 590
1747421313598 1.3470319634703196 590
1747421318048 1.36986301369863 600
1747421318049 1.36986301369863 600
1747421322478 1.3926940639269407 610
1747421322479 1.3926940639269407 610
1747421326884 1.4155251141552512 620
1747421326885 1.4155251141552512 620
1747421331311 1.4383561643835616 630
1747421331312 1.4383561643835616 630
1747421335749 1.461187214611872 640
1747421335750 1.461187214611872 640
1747421340200 1.4840182648401825 650
1747421340200 1.4840182648401825 650
1747421344608 1.5068493150684932 660
1747421344609 1.5068493150684932 660
1747421349086 1.5296803652968036 670
1747421349086 1.5296803652968036 670
1747421353503 1.5525114155251143 680
1747421353505 1.5525114155251143 680
1747421357982 1.5753424657534247 690
1747421357983 1.5753424657534247 690
1747421362433 1.5981735159817352 700
1747421362435 1.5981735159817352 700
1747421366853 1.6210045662100456 710
1747421366854 1.6210045662100456 710
1747421371300 1.643835616438356 720
1747421371301 1.643835616438356 720
1747421375656 1.6666666666666665 730
1747421375656 1.6666666666666665 730
1747421380065 1.6894977168949772 740
1747421380066 1.6894977168949772 740
1747421384431 1.7123287671232876 750
1747421384432 1.7123287671232876 750
1747421388773 1.7351598173515983 760
1747421388773 1.7351598173515983 760
1747421393200 1.7579908675799087 770
1747421393201 1.7579908675799087 770
1747421397667 1.7808219178082192 780
1747421397668 1.7808219178082192 780
1747421402040 1.8036529680365296 790
1747421402040 1.8036529680365296 790
1747421406442 1.82648401826484 800
1747421406442 1.82648401826484 800
1747421410892 1.8493150684931505 810
1747421410893 1.8493150684931505 810
1747421415316 1.8721461187214612 820
1747421415316 1.8721461187214612 820
1747421419763 1.8949771689497716 830
1747421419764 1.8949771689497716 830
1747421424240 1.9178082191780823 840
1747421424240 1.9178082191780823 840
1747421428701 1.9406392694063928 850
1747421428702 1.9406392694063928 850
1747421433183 1.9634703196347032 860
1747421433184 1.9634703196347032 860
1747421437624 1.9863013698630136 870
1747421437625 1.9863013698630136 870
1747421452662 2.0 876
1747421452663 2.0 876
1747421456924 2.009132420091324 880
1747421456925 2.009132420091324 880
1747421461404 2.0319634703196345 890
1747421461405 2.0319634703196345 890
1747421465856 2.0547945205479454 900
1747421465857 2.0547945205479454 900
1747421470257 2.077625570776256 910
1747421470258 2.077625570776256 910
1747421474692 2.1004566210045663 920
1747421474693 2.1004566210045663 920
1747421479142 2.1232876712328768 930
1747421479143 2.1232876712328768 930
1747421483629 2.146118721461187 940
1747421483630 2.146118721461187 940
1747421488062 2.1689497716894977 950
1747421488062 2.1689497716894977 950
1747421492496 2.191780821917808 960
1747421492497 2.191780821917808 960
1747421496994 2.2146118721461185 970
1747421496994 2.2146118721461185 970
1747421501423 2.237442922374429 980
1747421501424 2.237442922374429 980
1747421505911 2.26027397260274 990
1747421505911 2.26027397260274 990
1747421510390 2.2831050228310503 1000
1747421510391 2.2831050228310503 1000
1747421514818 2.3059360730593608 1010
1747421514818 2.3059360730593608 1010
1747421519279 2.328767123287671 1020
1747421519280 2.328767123287671 1020
1747421523739 2.3515981735159817 1030
1747421523740 2.3515981735159817 1030
1747421528187 2.374429223744292 1040
1747421528188 2.374429223744292 1040
1747421532613 2.3972602739726026 1050
1747421532613 2.3972602739726026 1050
1747421537044 2.4200913242009134 1060
1747421537044 2.4200913242009134 1060
1747421541450 2.442922374429224 1070
1747421541452 2.442922374429224 1070
1747421545924 2.4657534246575343 1080
1747421545925 2.4657534246575343 1080
1747421550314 2.4885844748858448 1090
1747421550314 2.4885844748858448 1090
1747421554660 2.5114155251141552 1100
1747421554661 2.5114155251141552 1100
1747421559044 2.5342465753424657 1110
1747421559043 2.5342465753424657 1110
1747421563519 2.557077625570776 1120
1747421563520 2.557077625570776 1120
1747421567996 2.5799086757990866 1130
1747421567997 2.5799086757990866 1130
1747421572436 2.602739726027397 1140
1747421572437 2.602739726027397 1140
1747421576919 2.625570776255708 1150
1747421576920 2.625570776255708 1150
1747421581419 2.6484018264840183 1160
1747421581420 2.6484018264840183 1160
1747421585884 2.671232876712329 1170
1747421585884 2.671232876712329 1170
1747421590349 2.6940639269406392 1180
1747421590350 2.6940639269406392 1180
1747421594818 2.7168949771689497 1190
1747421594819 2.7168949771689497 1190
1747421599284 2.73972602739726 1200
1747421599285 2.73972602739726 1200
1747421603740 2.762557077625571 1210
1747421603739 2.762557077625571 1210
1747421608205 2.7853881278538815 1220
1747421608206 2.7853881278538815 1220
1747421612681 2.808219178082192 1230
1747421612682 2.808219178082192 1230
1747421617180 2.8310502283105023 1240
1747421617181 2.8310502283105023 1240
1747421621676 2.853881278538813 1250
1747421621677 2.853881278538813 1250
1747421626139 2.8767123287671232 1260
1747421626140 2.8767123287671232 1260
1747421630705 2.8995433789954337 1270
1747421630706 2.8995433789954337 1270
1747421635189 2.922374429223744 1280
1747421635189 2.922374429223744 1280
1747421639651 2.9452054794520546 1290
1747421639652 2.9452054794520546 1290
1747421644170 2.968036529680365 1300
1747421644171 2.968036529680365 1300
1747421648622 2.990867579908676 1310
1747421648634 2.990867579908676 1310
1747421662925 3.0 1314
1747421662926 3.0 1314
1747421668146 3.0136986301369864 1320
1747421668147 3.0136986301369864 1320
1747421672622 3.036529680365297 1330
1747421672623 3.036529680365297 1330
1747421677114 3.0593607305936072 1340
1747421677115 3.0593607305936072 1340
1747421681595 3.0821917808219177 1350
1747421681597 3.0821917808219177 1350
1747421686092 3.105022831050228 1360
1747421686093 3.105022831050228 1360
1747421690559 3.127853881278539 1370
1747421690560 3.127853881278539 1370
1747421695014 3.1506849315068495 1380
1747421695015 3.1506849315068495 1380
1747421699534 3.17351598173516 1390
1747421699533 3.17351598173516 1390
1747421704010 3.1963470319634704 1400
1747421704011 3.1963470319634704 1400
1747421708503 3.219178082191781 1410
1747421708502 3.219178082191781 1410
1747421712941 3.2420091324200913 1420
1747421712942 3.2420091324200913 1420
1747421717393 3.2648401826484017 1430
1747421717394 3.2648401826484017 1430
1747421721876 3.287671232876712 1440
1747421721877 3.287671232876712 1440
1747421726368 3.3105022831050226 1450
1747421726369 3.3105022831050226 1450
1747421730877 3.3333333333333335 1460
1747421730878 3.3333333333333335 1460
1747421735360 3.356164383561644 1470
1747421735361 3.356164383561644 1470
1747421739828 3.3789954337899544 1480
1747421739829 3.3789954337899544 1480
1747421744316 3.401826484018265 1490
1747421744316 3.401826484018265 1490
1747421748801 3.4246575342465753 1500
1747421748802 3.4246575342465753 1500
1747421753310 3.4474885844748857 1510
1747421753311 3.4474885844748857 1510
1747421757813 3.470319634703196 1520
1747421757814 3.470319634703196 1520
1747421762370 3.493150684931507 1530
1747421762371 3.493150684931507 1530
1747421766976 3.5159817351598175 1540
1747421766976 3.5159817351598175 1540
1747421771429 3.538812785388128 1550
1747421771429 3.538812785388128 1550
1747421776016 3.5616438356164384 1560
1747421776016 3.5616438356164384 1560
1747421780512 3.584474885844749 1570
1747421780513 3.584474885844749 1570
1747421784994 3.6073059360730593 1580
1747421784994 3.6073059360730593 1580
1747421789587 3.6301369863013697 1590
1747421789588 3.6301369863013697 1590
1747421794153 3.65296803652968 1600
1747421794154 3.65296803652968 1600
1747421798750 3.6757990867579906 1610
1747421798751 3.6757990867579906 1610
1747421803339 3.6986301369863015 1620
1747421803340 3.6986301369863015 1620
1747421807946 3.721461187214612 1630
1747421807947 3.721461187214612 1630
1747421812558 3.7442922374429224 1640
1747421812559 3.7442922374429224 1640
1747421817115 3.767123287671233 1650
1747421817115 3.767123287671233 1650
1747421821644 3.7899543378995433 1660
1747421821644 3.7899543378995433 1660
1747421826271 3.8127853881278537 1670
1747421826272 3.8127853881278537 1670
1747421830992 3.8356164383561646 1680
1747421830991 3.8356164383561646 1680
1747421835850 3.858447488584475 1690
1747421835852 3.858447488584475 1690
1747421840664 3.8812785388127855 1700
1747421840662 3.8812785388127855 1700
1747421845333 3.904109589041096 1710
1747421845334 3.904109589041096 1710
1747421849881 3.9269406392694064 1720
1747421849882 3.9269406392694064 1720
1747421854428 3.949771689497717 1730
1747421854430 3.949771689497717 1730
1747421859000 3.9726027397260273 1740
1747421858999 3.9726027397260273 1740
1747421863616 3.9954337899543377 1750
1747421863617 3.9954337899543377 1750
1747421877658 4.0 1752
1747421877659 4.0 1752
1747421881303 4.0 1752
1747421881304 4.0 1752
