1747421037529 61.27124786376953 10
1747421037530 61.27124786376953 10
1747421041781 9.767818450927734 20
1747421041782 9.767818450927734 20
1747421046021 14.756929397583008 30
1747421046022 14.756929397583008 30
1747421050302 1.0822184085845947 40
1747421050303 1.0822184085845947 40
1747421054695 20.309520721435547 50
1747421054696 20.309520721435547 50
1747421059101 5.724333763122559 60
1747421059102 5.724333763122559 60
1747421063470 28.168643951416016 70
1747421063471 28.168643951416016 70
1747421067815 1.597762107849121 80
1747421067816 1.597762107849121 80
1747421072101 38.753108978271484 90
1747421072102 38.753108978271484 90
1747421076442 0.8295247554779053 100
1747421076440 0.8295247554779053 100
1747421080731 0.9299971461296082 110
1747421080731 0.9299971461296082 110
1747421085012 10.268868446350098 120
1747421085013 10.268868446350098 120
1747421089401 1.1548019647598267 130
1747421089401 1.1548019647598267 130
1747421095341 10.380133628845215 140
1747421095341 10.380133628845215 140
1747421099674 4.53156852722168 150
1747421099674 4.53156852722168 150
1747421104054 24.90532684326172 160
1747421104055 24.90532684326172 160
1747421108518 0.482962042093277 170
1747421108518 0.482962042093277 170
1747421112914 6.17657995223999 180
1747421112915 6.17657995223999 180
1747421117338 0.04583655297756195 190
1747421117337 0.04583655297756195 190
1747421121751 0.05103478953242302 200
1747421121752 0.05103478953242302 200
1747421126210 0.8605560064315796 210
1747421126210 0.8605560064315796 210
1747421130690 3.004535675048828 220
1747421130690 3.004535675048828 220
1747421135151 0.05913606286048889 230
1747421135152 0.05913606286048889 230
1747421139585 14.746256828308105 240
1747421139586 14.746256828308105 240
1747421145718 0.2586667239665985 250
1747421145719 0.2586667239665985 250
1747421150186 0.06965813785791397 260
1747421150187 0.06965813785791397 260
1747421154686 18.029470443725586 270
1747421154687 18.029470443725586 270
1747421159136 0.4365050494670868 280
1747421159137 0.4365050494670868 280
1747421163568 8.831436157226562 290
1747421163569 8.831436157226562 290
1747421167987 3.070556879043579 300
1747421167987 3.070556879043579 300
1747421172405 0.036989547312259674 310
1747421172405 0.036989547312259674 310
1747421176834 0.0072836787439882755 320
1747421176835 0.0072836787439882755 320
1747421181281 0.19357694685459137 330
1747421181282 0.19357694685459137 330
1747421185708 0.4405870735645294 340
1747421185709 0.4405870735645294 340
1747421190133 0.18434561789035797 350
1747421190134 0.18434561789035797 350
1747421194510 0.1149110496044159 360
1747421194510 0.1149110496044159 360
1747421198905 0.010217784903943539 370
1747421198905 0.010217784903943539 370
1747421203304 1.3436998128890991 380
1747421203304 1.3436998128890991 380
1747421207773 9.376601219177246 390
1747421207773 9.376601219177246 390
1747421212252 0.0006740722456015646 400
1747421212252 0.0006740722456015646 400
1747421216647 2.474604606628418 410
1747421216647 2.474604606628418 410
1747421221154 0.009254182688891888 420
1747421221154 0.009254182688891888 420
1747421225669 9.2269868850708 430
1747421225670 9.2269868850708 430
1747421244886 0.0021899156272411346 440
1747421244886 0.0021899156272411346 440
1747421249666 0.015402612276375294 450
1747421249668 0.015402612276375294 450
1747421255982 0.06169451028108597 460
1747421255982 0.06169451028108597 460
1747421260531 0.20079444348812103 470
1747421260531 0.20079444348812103 470
1747421264897 0.0020057079382240772 480
1747421264897 0.0020057079382240772 480
1747421269316 0.0037522066850215197 490
1747421269316 0.0037522066850215197 490
1747421273750 0.19114413857460022 500
1747421273751 0.19114413857460022 500
1747421278147 0.04768417775630951 510
1747421278148 0.04768417775630951 510
1747421282555 0.03362114727497101 520
1747421282556 0.03362114727497101 520
1747421286996 0.0044501484371721745 530
1747421286996 0.0044501484371721745 530
1747421291450 0.09172449260950089 540
1747421291450 0.09172449260950089 540
1747421295873 0.05771994963288307 550
1747421295872 0.05771994963288307 550
1747421300303 0.01736069843173027 560
1747421300304 0.01736069843173027 560
1747421304734 0.25311896204948425 570
1747421304735 0.25311896204948425 570
1747421309146 21.012548446655273 580
1747421309147 21.012548446655273 580
1747421313597 0.03851979225873947 590
1747421313598 0.03851979225873947 590
1747421318048 0.07851571589708328 600
1747421318049 0.07851571589708328 600
1747421322478 0.03236640989780426 610
1747421322479 0.03236640989780426 610
1747421326884 17.36079978942871 620
1747421326885 17.36079978942871 620
1747421331311 0.02740038000047207 630
1747421331312 0.02740038000047207 630
1747421335749 0.04614340886473656 640
1747421335750 0.04614340886473656 640
1747421340200 0.08369946479797363 650
1747421340200 0.08369946479797363 650
1747421344608 1.799090027809143 660
1747421344609 1.799090027809143 660
1747421349086 0.024352064356207848 670
1747421349086 0.024352064356207848 670
1747421353503 0.022777721285820007 680
1747421353505 0.022777721285820007 680
1747421357982 0.002369940746575594 690
1747421357983 0.002369940746575594 690
1747421362433 0.013908511027693748 700
1747421362435 0.013908511027693748 700
1747421366853 0.030271239578723907 710
1747421366854 0.030271239578723907 710
1747421371300 0.05061618238687515 720
1747421371301 0.05061618238687515 720
1747421375656 0.01899167150259018 730
1747421375656 0.01899167150259018 730
1747421380065 0.008195183239877224 740
1747421380066 0.008195183239877224 740
1747421384431 0.07749328017234802 750
1747421384432 0.07749328017234802 750
1747421388773 0.010400054045021534 760
1747421388773 0.010400054045021534 760
1747421393200 0.007155635394155979 770
1747421393201 0.007155635394155979 770
1747421397667 0.004455235321074724 780
1747421397668 0.004455235321074724 780
1747421402040 7.656651020050049 790
1747421402040 7.656651020050049 790
1747421406442 0.015527772717177868 800
1747421406442 0.015527772717177868 800
1747421410892 12.592557907104492 810
1747421410893 12.592557907104492 810
1747421415316 5.140970706939697 820
1747421415316 5.140970706939697 820
1747421419763 15.76523208618164 830
1747421419764 15.76523208618164 830
1747421424240 1.49105966091156 840
1747421424240 1.49105966091156 840
1747421428701 0.02524079568684101 850
1747421428702 0.02524079568684101 850
1747421433183 12.42420768737793 860
1747421433184 12.42420768737793 860
1747421437624 22.19560432434082 870
1747421437625 22.19560432434082 870
1747421456924 0.003974106162786484 880
1747421456925 0.003974106162786484 880
1747421461404 0.049053825438022614 890
1747421461405 0.049053825438022614 890
1747421465856 0.008107487112283707 900
1747421465857 0.008107487112283707 900
1747421470257 0.008381687104701996 910
1747421470258 0.008381687104701996 910
1747421474692 0.0010173472110182047 920
1747421474693 0.0010173472110182047 920
1747421479142 0.002523347968235612 930
1747421479143 0.002523347968235612 930
1747421483629 0.007861662656068802 940
1747421483630 0.007861662656068802 940
1747421488062 24.490320205688477 950
1747421488062 24.490320205688477 950
1747421492496 0.003975220024585724 960
1747421492497 0.003975220024585724 960
1747421496994 0.0047256662510335445 970
1747421496994 0.0047256662510335445 970
1747421501423 0.05274583771824837 980
1747421501424 0.05274583771824837 980
1747421505911 26.892282485961914 990
1747421505911 26.892282485961914 990
1747421510390 0.0927908644080162 1000
1747421510391 0.0927908644080162 1000
1747421514818 0.011525062844157219 1010
1747421514818 0.011525062844157219 1010
1747421519279 21.63291358947754 1020
1747421519280 21.63291358947754 1020
1747421523739 0.03130305930972099 1030
1747421523740 0.03130305930972099 1030
1747421528187 0.015094950795173645 1040
1747421528188 0.015094950795173645 1040
1747421532613 18.15528678894043 1050
1747421532613 18.15528678894043 1050
1747421537044 0.858979344367981 1060
1747421537044 0.858979344367981 1060
1747421541450 14.31798267364502 1070
1747421541452 14.31798267364502 1070
1747421545924 11.323609352111816 1080
1747421545925 11.323609352111816 1080
1747421550314 0.01415285561233759 1090
1747421550314 0.01415285561233759 1090
1747421554660 0.05123619735240936 1100
1747421554661 0.05123619735240936 1100
1747421559044 0.010841523297131062 1110
1747421559043 0.010841523297131062 1110
1747421563519 0.09569893032312393 1120
1747421563520 0.09569893032312393 1120
1747421567996 0.030059605836868286 1130
1747421567997 0.030059605836868286 1130
1747421572436 0.024728674441576004 1140
1747421572437 0.024728674441576004 1140
1747421576919 0.007351392414420843 1150
1747421576920 0.007351392414420843 1150
1747421581419 0.009629704989492893 1160
1747421581420 0.009629704989492893 1160
1747421585884 0.13701963424682617 1170
1747421585884 0.13701963424682617 1170
1747421590349 0.011873369105160236 1180
1747421590350 0.011873369105160236 1180
1747421594818 0.0024557262659072876 1190
1747421594819 0.0024557262659072876 1190
1747421599284 0.002187601989135146 1200
1747421599285 0.002187601989135146 1200
1747421603739 0.0038995929062366486 1210
1747421603740 0.0038995929062366486 1210
1747421608205 0.0032190787605941296 1220
1747421608206 0.0032190787605941296 1220
1747421612681 0.01763276383280754 1230
1747421612682 0.01763276383280754 1230
1747421617180 0.0015413566725328565 1240
1747421617181 0.0015413566725328565 1240
1747421621676 0.0008644936606287956 1250
1747421621677 0.0008644936606287956 1250
1747421626139 17.75112533569336 1260
1747421626140 17.75112533569336 1260
1747421630705 0.00822322629392147 1270
1747421630706 0.00822322629392147 1270
1747421635189 0.011535342782735825 1280
1747421635189 0.011535342782735825 1280
1747421639651 0.008449727669358253 1290
1747421639652 0.008449727669358253 1290
1747421644170 1.6153556108474731 1300
1747421644171 1.6153556108474731 1300
1747421648622 0.16359473764896393 1310
1747421648634 0.16359473764896393 1310
1747421668146 0.005987490992993116 1320
1747421668147 0.005987490992993116 1320
1747421672622 0.017988260835409164 1330
1747421672623 0.017988260835409164 1330
1747421677114 0.002879465464502573 1340
1747421677115 0.002879465464502573 1340
1747421681595 0.015367995016276836 1350
1747421681597 0.015367995016276836 1350
1747421686092 0.6378695964813232 1360
1747421686093 0.6378695964813232 1360
1747421690559 0.8492929935455322 1370
1747421690560 0.8492929935455322 1370
1747421695014 0.008902398869395256 1380
1747421695015 0.008902398869395256 1380
1747421699534 4.105236530303955 1390
1747421699533 4.105236530303955 1390
1747421704010 0.01810450665652752 1400
1747421704011 0.01810450665652752 1400
1747421708503 0.0016405117930844426 1410
1747421708502 0.0016405117930844426 1410
1747421712941 0.004519535228610039 1420
1747421712942 0.004519535228610039 1420
1747421717393 0.00013848303933627903 1430
1747421717394 0.00013848303933627903 1430
1747421721876 0.0019033956341445446 1440
1747421721877 0.0019033956341445446 1440
1747421726368 0.005538600031286478 1450
1747421726369 0.005538600031286478 1450
1747421730877 0.0012047820491716266 1460
1747421730878 0.0012047820491716266 1460
1747421735360 0.3120979070663452 1470
1747421735361 0.3120979070663452 1470
1747421739828 0.01543590147048235 1480
1747421739829 0.01543590147048235 1480
1747421744316 0.0007865219959057868 1490
1747421744316 0.0007865219959057868 1490
1747421748801 0.00035273339017294347 1500
1747421748802 0.00035273339017294347 1500
1747421753310 0.0003800641861744225 1510
1747421753311 0.0003800641861744225 1510
1747421757813 0.00033326397533528507 1520
1747421757814 0.00033326397533528507 1520
1747421762370 0.0006154684233479202 1530
1747421762371 0.0006154684233479202 1530
1747421766976 15.076783180236816 1540
1747421766976 15.076783180236816 1540
1747421771429 0.0012695718323811889 1550
1747421771429 0.0012695718323811889 1550
1747421776016 0.0001775678392732516 1560
1747421776016 0.0001775678392732516 1560
1747421780512 0.008493403904139996 1570
1747421780513 0.008493403904139996 1570
1747421784994 0.0004381850885692984 1580
1747421784994 0.0004381850885692984 1580
1747421789587 0.013026944361627102 1590
1747421789588 0.013026944361627102 1590
1747421794153 0.11287159472703934 1600
1747421794154 0.11287159472703934 1600
1747421798750 17.976015090942383 1610
1747421798751 17.976015090942383 1610
1747421803339 0.00039910810301080346 1620
1747421803340 0.00039910810301080346 1620
1747421807946 0.0005571398651227355 1630
1747421807947 0.0005571398651227355 1630
1747421812558 0.0003567392413970083 1640
1747421812559 0.0003567392413970083 1640
1747421817115 0.0028154265601187944 1650
1747421817115 0.0028154265601187944 1650
1747421821644 0.00048100814456120133 1660
1747421821644 0.00048100814456120133 1660
1747421826271 0.0005156851257197559 1670
1747421826272 0.0005156851257197559 1670
1747421830992 0.0007033933070488274 1680
1747421830991 0.0007033933070488274 1680
1747421835850 0.13776475191116333 1690
1747421835852 0.13776475191116333 1690
1747421840664 0.007713565602898598 1700
1747421840662 0.007713565602898598 1700
1747421845333 0.030280476436018944 1710
1747421845334 0.030280476436018944 1710
1747421849881 0.004883600398898125 1720
1747421849882 0.004883600398898125 1720
1747421854428 0.0011350598651915789 1730
1747421854430 0.0011350598651915789 1730
1747421859000 0.0005323481163941324 1740
1747421858999 0.0005323481163941324 1740
1747421863616 0.0015341818798333406 1750
1747421863617 0.0015341818798333406 1750
