1747421037529 4.988584474885845e-05 10
1747421037530 4.988584474885845e-05 10
1747421041781 4.977168949771689e-05 20
1747421041782 4.977168949771689e-05 20
1747421046021 4.9657534246575346e-05 30
1747421046022 4.9657534246575346e-05 30
1747421050302 4.9543378995433794e-05 40
1747421050303 4.9543378995433794e-05 40
1747421054695 4.942922374429224e-05 50
1747421054696 4.942922374429224e-05 50
1747421059101 4.9315068493150684e-05 60
1747421059102 4.9315068493150684e-05 60
1747421063470 4.920091324200913e-05 70
1747421063471 4.920091324200913e-05 70
1747421067815 4.908675799086758e-05 80
1747421067816 4.908675799086758e-05 80
1747421072101 4.8972602739726034e-05 90
1747421072102 4.8972602739726034e-05 90
1747421076442 4.8858447488584476e-05 100
1747421076440 4.8858447488584476e-05 100
1747421080731 4.8744292237442924e-05 110
1747421080731 4.8744292237442924e-05 110
1747421085012 4.863013698630137e-05 120
1747421085013 4.863013698630137e-05 120
1747421089401 4.851598173515982e-05 130
1747421089401 4.851598173515982e-05 130
1747421095341 4.840182648401827e-05 140
1747421095341 4.840182648401827e-05 140
1747421099674 4.8287671232876716e-05 150
1747421099674 4.8287671232876716e-05 150
1747421104054 4.8173515981735164e-05 160
1747421104055 4.8173515981735164e-05 160
1747421108518 4.805936073059361e-05 170
1747421108518 4.805936073059361e-05 170
1747421112914 4.794520547945205e-05 180
1747421112915 4.794520547945205e-05 180
1747421117338 4.78310502283105e-05 190
1747421117337 4.78310502283105e-05 190
1747421121751 4.7716894977168955e-05 200
1747421121752 4.7716894977168955e-05 200
1747421126210 4.7602739726027403e-05 210
1747421126210 4.7602739726027403e-05 210
1747421130690 4.7488584474885845e-05 220
1747421130690 4.7488584474885845e-05 220
1747421135151 4.737442922374429e-05 230
1747421135152 4.737442922374429e-05 230
1747421139585 4.726027397260274e-05 240
1747421139586 4.726027397260274e-05 240
1747421145718 4.714611872146119e-05 250
1747421145719 4.714611872146119e-05 250
1747421150186 4.703196347031964e-05 260
1747421150187 4.703196347031964e-05 260
1747421154686 4.6917808219178085e-05 270
1747421154687 4.6917808219178085e-05 270
1747421159136 4.680365296803653e-05 280
1747421159137 4.680365296803653e-05 280
1747421163568 4.668949771689498e-05 290
1747421163569 4.668949771689498e-05 290
1747421167987 4.657534246575342e-05 300
1747421167987 4.657534246575342e-05 300
1747421172405 4.646118721461187e-05 310
1747421172405 4.646118721461187e-05 310
1747421176834 4.6347031963470325e-05 320
1747421176835 4.6347031963470325e-05 320
1747421181281 4.623287671232877e-05 330
1747421181282 4.623287671232877e-05 330
1747421185708 4.6118721461187214e-05 340
1747421185709 4.6118721461187214e-05 340
1747421190133 4.600456621004566e-05 350
1747421190134 4.600456621004566e-05 350
1747421194510 4.589041095890411e-05 360
1747421194510 4.589041095890411e-05 360
1747421198905 4.577625570776256e-05 370
1747421198905 4.577625570776256e-05 370
1747421203304 4.5662100456621006e-05 380
1747421203304 4.5662100456621006e-05 380
1747421207773 4.5547945205479454e-05 390
1747421207773 4.5547945205479454e-05 390
1747421212252 4.54337899543379e-05 400
1747421212252 4.54337899543379e-05 400
1747421216647 4.531963470319635e-05 410
1747421216647 4.531963470319635e-05 410
1747421221154 4.520547945205479e-05 420
1747421221154 4.520547945205479e-05 420
1747421225669 4.5091324200913246e-05 430
1747421225670 4.5091324200913246e-05 430
1747421244886 4.4977168949771694e-05 440
1747421244886 4.4977168949771694e-05 440
1747421249666 4.486301369863014e-05 450
1747421249668 4.486301369863014e-05 450
1747421255982 4.474885844748858e-05 460
1747421255982 4.474885844748858e-05 460
1747421260531 4.463470319634703e-05 470
1747421260531 4.463470319634703e-05 470
1747421264897 4.452054794520548e-05 480
1747421264897 4.452054794520548e-05 480
1747421269316 4.4406392694063934e-05 490
1747421269316 4.4406392694063934e-05 490
1747421273750 4.4292237442922375e-05 500
1747421273751 4.4292237442922375e-05 500
1747421278147 4.417808219178082e-05 510
1747421278148 4.417808219178082e-05 510
1747421282555 4.406392694063927e-05 520
1747421282556 4.406392694063927e-05 520
1747421286996 4.394977168949772e-05 530
1747421286996 4.394977168949772e-05 530
1747421291450 4.383561643835617e-05 540
1747421291450 4.383561643835617e-05 540
1747421295873 4.3721461187214615e-05 550
1747421295872 4.3721461187214615e-05 550
1747421300303 4.360730593607306e-05 560
1747421300304 4.360730593607306e-05 560
1747421304734 4.349315068493151e-05 570
1747421304735 4.349315068493151e-05 570
1747421309146 4.337899543378995e-05 580
1747421309147 4.337899543378995e-05 580
1747421313597 4.32648401826484e-05 590
1747421313598 4.32648401826484e-05 590
1747421318048 4.3150684931506855e-05 600
1747421318049 4.3150684931506855e-05 600
1747421322478 4.30365296803653e-05 610
1747421322479 4.30365296803653e-05 610
1747421326884 4.2922374429223744e-05 620
1747421326885 4.2922374429223744e-05 620
1747421331311 4.280821917808219e-05 630
1747421331312 4.280821917808219e-05 630
1747421335749 4.269406392694064e-05 640
1747421335750 4.269406392694064e-05 640
1747421340200 4.257990867579909e-05 650
1747421340200 4.257990867579909e-05 650
1747421344608 4.2465753424657536e-05 660
1747421344609 4.2465753424657536e-05 660
1747421349086 4.2351598173515984e-05 670
1747421349086 4.2351598173515984e-05 670
1747421353503 4.223744292237443e-05 680
1747421353505 4.223744292237443e-05 680
1747421357982 4.212328767123288e-05 690
1747421357983 4.212328767123288e-05 690
1747421362433 4.200913242009132e-05 700
1747421362435 4.200913242009132e-05 700
1747421366853 4.1894977168949776e-05 710
1747421366854 4.1894977168949776e-05 710
1747421371300 4.1780821917808224e-05 720
1747421371301 4.1780821917808224e-05 720
1747421375656 4.166666666666667e-05 730
1747421375656 4.166666666666667e-05 730
1747421380065 4.155251141552511e-05 740
1747421380066 4.155251141552511e-05 740
1747421384431 4.143835616438356e-05 750
1747421384432 4.143835616438356e-05 750
1747421388773 4.132420091324201e-05 760
1747421388773 4.132420091324201e-05 760
1747421393200 4.121004566210046e-05 770
1747421393201 4.121004566210046e-05 770
1747421397667 4.1095890410958905e-05 780
1747421397668 4.1095890410958905e-05 780
1747421402040 4.098173515981735e-05 790
1747421402040 4.098173515981735e-05 790
1747421406442 4.08675799086758e-05 800
1747421406442 4.08675799086758e-05 800
1747421410892 4.075342465753425e-05 810
1747421410893 4.075342465753425e-05 810
1747421415316 4.063926940639269e-05 820
1747421415316 4.063926940639269e-05 820
1747421419763 4.0525114155251145e-05 830
1747421419764 4.0525114155251145e-05 830
1747421424240 4.041095890410959e-05 840
1747421424240 4.041095890410959e-05 840
1747421428701 4.029680365296804e-05 850
1747421428702 4.029680365296804e-05 850
1747421433183 4.018264840182648e-05 860
1747421433184 4.018264840182648e-05 860
1747421437624 4.006849315068493e-05 870
1747421437625 4.006849315068493e-05 870
1747421456924 3.995433789954338e-05 880
1747421456925 3.995433789954338e-05 880
1747421461404 3.984018264840183e-05 890
1747421461405 3.984018264840183e-05 890
1747421465856 3.9726027397260274e-05 900
1747421465857 3.9726027397260274e-05 900
1747421470257 3.961187214611872e-05 910
1747421470258 3.961187214611872e-05 910
1747421474692 3.949771689497717e-05 920
1747421474693 3.949771689497717e-05 920
1747421479142 3.938356164383562e-05 930
1747421479143 3.938356164383562e-05 930
1747421483629 3.9269406392694066e-05 940
1747421483630 3.9269406392694066e-05 940
1747421488062 3.9155251141552514e-05 950
1747421488062 3.9155251141552514e-05 950
1747421492496 3.904109589041096e-05 960
1747421492497 3.904109589041096e-05 960
1747421496994 3.892694063926941e-05 970
1747421496994 3.892694063926941e-05 970
1747421501423 3.881278538812785e-05 980
1747421501424 3.881278538812785e-05 980
1747421505911 3.86986301369863e-05 990
1747421505911 3.86986301369863e-05 990
1747421510390 3.8584474885844754e-05 1000
1747421510391 3.8584474885844754e-05 1000
1747421514818 3.84703196347032e-05 1010
1747421514818 3.84703196347032e-05 1010
1747421519279 3.8356164383561644e-05 1020
1747421519280 3.8356164383561644e-05 1020
1747421523739 3.824200913242009e-05 1030
1747421523740 3.824200913242009e-05 1030
1747421528187 3.812785388127854e-05 1040
1747421528188 3.812785388127854e-05 1040
1747421532613 3.801369863013699e-05 1050
1747421532613 3.801369863013699e-05 1050
1747421537044 3.7899543378995436e-05 1060
1747421537044 3.7899543378995436e-05 1060
1747421541450 3.7785388127853884e-05 1070
1747421541452 3.7785388127853884e-05 1070
1747421545924 3.767123287671233e-05 1080
1747421545925 3.767123287671233e-05 1080
1747421550314 3.755707762557078e-05 1090
1747421550314 3.755707762557078e-05 1090
1747421554660 3.744292237442922e-05 1100
1747421554661 3.744292237442922e-05 1100
1747421559044 3.7328767123287675e-05 1110
1747421559043 3.7328767123287675e-05 1110
1747421563519 3.7214611872146123e-05 1120
1747421563520 3.7214611872146123e-05 1120
1747421567996 3.710045662100457e-05 1130
1747421567997 3.710045662100457e-05 1130
1747421572436 3.698630136986301e-05 1140
1747421572437 3.698630136986301e-05 1140
1747421576919 3.687214611872146e-05 1150
1747421576920 3.687214611872146e-05 1150
1747421581419 3.675799086757991e-05 1160
1747421581420 3.675799086757991e-05 1160
1747421585884 3.664383561643836e-05 1170
1747421585884 3.664383561643836e-05 1170
1747421590349 3.6529680365296805e-05 1180
1747421590350 3.6529680365296805e-05 1180
1747421594818 3.641552511415525e-05 1190
1747421594819 3.641552511415525e-05 1190
1747421599284 3.63013698630137e-05 1200
1747421599285 3.63013698630137e-05 1200
1747421603739 3.618721461187215e-05 1210
1747421603740 3.618721461187215e-05 1210
1747421608205 3.60730593607306e-05 1220
1747421608206 3.60730593607306e-05 1220
1747421612681 3.5958904109589045e-05 1230
1747421612682 3.5958904109589045e-05 1230
1747421617180 3.584474885844749e-05 1240
1747421617181 3.584474885844749e-05 1240
1747421621676 3.573059360730594e-05 1250
1747421621677 3.573059360730594e-05 1250
1747421626139 3.561643835616438e-05 1260
1747421626140 3.561643835616438e-05 1260
1747421630705 3.550228310502283e-05 1270
1747421630706 3.550228310502283e-05 1270
1747421635189 3.538812785388128e-05 1280
1747421635189 3.538812785388128e-05 1280
1747421639651 3.527397260273973e-05 1290
1747421639652 3.527397260273973e-05 1290
1747421644170 3.5159817351598174e-05 1300
1747421644171 3.5159817351598174e-05 1300
1747421648622 3.504566210045662e-05 1310
1747421648634 3.504566210045662e-05 1310
1747421668146 3.493150684931507e-05 1320
1747421668147 3.493150684931507e-05 1320
1747421672622 3.481735159817352e-05 1330
1747421672623 3.481735159817352e-05 1330
1747421677114 3.4703196347031966e-05 1340
1747421677115 3.4703196347031966e-05 1340
1747421681595 3.4589041095890414e-05 1350
1747421681597 3.4589041095890414e-05 1350
1747421686092 3.447488584474886e-05 1360
1747421686093 3.447488584474886e-05 1360
1747421690559 3.436073059360731e-05 1370
1747421690560 3.436073059360731e-05 1370
1747421695014 3.424657534246575e-05 1380
1747421695015 3.424657534246575e-05 1380
1747421699534 3.41324200913242e-05 1390
1747421699533 3.41324200913242e-05 1390
1747421704010 3.4018264840182654e-05 1400
1747421704011 3.4018264840182654e-05 1400
1747421708503 3.39041095890411e-05 1410
1747421708502 3.39041095890411e-05 1410
1747421712941 3.378995433789954e-05 1420
1747421712942 3.378995433789954e-05 1420
1747421717393 3.367579908675799e-05 1430
1747421717394 3.367579908675799e-05 1430
1747421721876 3.356164383561644e-05 1440
1747421721877 3.356164383561644e-05 1440
1747421726368 3.344748858447489e-05 1450
1747421726369 3.344748858447489e-05 1450
1747421730877 3.3333333333333335e-05 1460
1747421730878 3.3333333333333335e-05 1460
1747421735360 3.321917808219178e-05 1470
1747421735361 3.321917808219178e-05 1470
1747421739828 3.310502283105023e-05 1480
1747421739829 3.310502283105023e-05 1480
1747421744316 3.299086757990868e-05 1490
1747421744316 3.299086757990868e-05 1490
1747421748801 3.287671232876712e-05 1500
1747421748802 3.287671232876712e-05 1500
1747421753310 3.2762557077625575e-05 1510
1747421753311 3.2762557077625575e-05 1510
1747421757813 3.264840182648402e-05 1520
1747421757814 3.264840182648402e-05 1520
1747421762370 3.253424657534247e-05 1530
1747421762371 3.253424657534247e-05 1530
1747421766976 3.242009132420091e-05 1540
1747421766976 3.242009132420091e-05 1540
1747421771429 3.230593607305936e-05 1550
1747421771429 3.230593607305936e-05 1550
1747421776016 3.219178082191781e-05 1560
1747421776016 3.219178082191781e-05 1560
1747421780512 3.207762557077626e-05 1570
1747421780513 3.207762557077626e-05 1570
1747421784994 3.1963470319634704e-05 1580
1747421784994 3.1963470319634704e-05 1580
1747421789587 3.184931506849315e-05 1590
1747421789588 3.184931506849315e-05 1590
1747421794153 3.17351598173516e-05 1600
1747421794154 3.17351598173516e-05 1600
1747421798750 3.162100456621005e-05 1610
1747421798751 3.162100456621005e-05 1610
1747421803339 3.1506849315068496e-05 1620
1747421803340 3.1506849315068496e-05 1620
1747421807946 3.1392694063926944e-05 1630
1747421807947 3.1392694063926944e-05 1630
1747421812558 3.127853881278539e-05 1640
1747421812559 3.127853881278539e-05 1640
1747421817115 3.116438356164384e-05 1650
1747421817115 3.116438356164384e-05 1650
1747421821644 3.105022831050228e-05 1660
1747421821644 3.105022831050228e-05 1660
1747421826271 3.093607305936073e-05 1670
1747421826272 3.093607305936073e-05 1670
1747421830992 3.082191780821918e-05 1680
1747421830991 3.082191780821918e-05 1680
1747421835850 3.070776255707763e-05 1690
1747421835852 3.070776255707763e-05 1690
1747421840664 3.059360730593607e-05 1700
1747421840662 3.059360730593607e-05 1700
1747421845333 3.047945205479452e-05 1710
1747421845334 3.047945205479452e-05 1710
1747421849881 3.036529680365297e-05 1720
1747421849882 3.036529680365297e-05 1720
1747421854428 3.025114155251142e-05 1730
1747421854430 3.025114155251142e-05 1730
1747421859000 3.0136986301369862e-05 1740
1747421858999 3.0136986301369862e-05 1740
1747421863616 3.0022831050228313e-05 1750
1747421863617 3.0022831050228313e-05 1750
