1747421037529 0.7952 10
1747421037530 0.7952 10
1747421041781 0.3985 20
1747421041782 0.3985 20
1747421046021 0.2664 30
1747421046022 0.2664 30
1747421050302 0.1597 40
1747421050303 0.1597 40
1747421054695 0.2439 50
1747421054696 0.2439 50
1747421059101 0.2075 60
1747421059102 0.2075 60
1747421063470 0.2228 70
1747421063471 0.2228 70
1747421067815 0.173 80
1747421067816 0.173 80
1747421072101 0.2159 90
1747421072102 0.2159 90
1747421076440 0.1638 100
1747421076442 0.1638 100
1747421080731 0.0575 110
1747421080731 0.0575 110
1747421085012 0.0891 120
1747421085013 0.0891 120
1747421089401 0.1739 130
1747421089401 0.1739 130
1747421095341 0.1746 140
1747421095341 0.1746 140
1747421099674 0.1034 150
1747421099674 0.1034 150
1747421104054 0.1653 160
1747421104055 0.1653 160
1747421108518 0.2026 170
1747421108518 0.2026 170
1747421112914 0.0293 180
1747421112915 0.0293 180
1747421117338 0.1203 190
1747421117337 0.1203 190
1747421121751 0.2238 200
1747421121752 0.2238 200
1747421126210 0.0757 210
1747421126210 0.0757 210
1747421130690 0.1597 220
1747421130690 0.1597 220
1747421135151 0.0115 230
1747421135152 0.0115 230
1747421139585 0.132 240
1747421139586 0.132 240
1747421145718 0.0505 250
1747421145719 0.0505 250
1747421150186 0.1032 260
1747421150187 0.1032 260
1747421154686 0.0687 270
1747421154687 0.0687 270
1747421159136 0.1441 280
1747421159137 0.1441 280
1747421163568 0.0822 290
1747421163569 0.0822 290
1747421167987 0.0459 300
1747421167987 0.0459 300
1747421172405 0.0152 310
1747421172405 0.0152 310
1747421176834 0.1461 320
1747421176835 0.1461 320
1747421181281 0.1 330
1747421181282 0.1 330
1747421185708 0.0591 340
1747421185709 0.0591 340
1747421190133 0.1073 350
1747421190134 0.1073 350
1747421194510 0.0161 360
1747421194510 0.0161 360
1747421198905 0.0842 370
1747421198905 0.0842 370
1747421203304 0.0481 380
1747421203304 0.0481 380
1747421207773 0.0058 390
1747421207773 0.0058 390
1747421212252 0.0262 400
1747421212252 0.0262 400
1747421216647 0.0654 410
1747421216647 0.0654 410
1747421221154 0.0159 420
1747421221154 0.0159 420
1747421225669 0.0781 430
1747421225670 0.0781 430
1747421244886 0.0761 440
1747421244886 0.0761 440
1747421249666 0.0 450
1747421249668 0.0 450
1747421255982 0.0017 460
1747421255982 0.0017 460
1747421260531 0.0037 470
1747421260531 0.0037 470
1747421264897 0.0621 480
1747421264897 0.0621 480
1747421269316 0.0256 490
1747421269316 0.0256 490
1747421273750 0.0002 500
1747421273751 0.0002 500
1747421278147 0.0196 510
1747421278148 0.0196 510
1747421282555 0.001 520
1747421282556 0.001 520
1747421286996 0.121 530
1747421286996 0.121 530
1747421291450 0.1043 540
1747421291450 0.1043 540
1747421295873 0.0004 550
1747421295872 0.0004 550
1747421300303 0.0109 560
1747421300304 0.0109 560
1747421304734 0.0199 570
1747421304735 0.0199 570
1747421309146 0.0592 580
1747421309147 0.0592 580
1747421313597 0.0733 590
1747421313598 0.0733 590
1747421318048 0.0003 600
1747421318049 0.0003 600
1747421322478 0.0505 610
1747421322479 0.0505 610
1747421326884 0.0446 620
1747421326885 0.0446 620
1747421331311 0.0001 630
1747421331312 0.0001 630
1747421335749 0.0602 640
1747421335750 0.0602 640
1747421340200 0.0162 650
1747421340200 0.0162 650
1747421344608 0.0217 660
1747421344609 0.0217 660
1747421349086 0.0272 670
1747421353503 0.049 680
1747421353505 0.049 680
1747421357982 0.0914 690
1747421357983 0.0914 690
1747421362433 0.0767 700
1747421362435 0.0767 700
1747421366853 0.1087 710
1747421366854 0.1087 710
1747421371300 0.0134 720
1747421371301 0.0134 720
1747421375656 0.0011 730
1747421375656 0.0011 730
1747421380065 0.0001 740
1747421380066 0.0001 740
1747421384431 0.0015 750
1747421384432 0.0015 750
1747421388773 0.0366 760
1747421388773 0.0366 760
1747421393200 0.0113 770
1747421393201 0.0113 770
1747421397667 0.0 780
1747421397668 0.0 780
1747421402040 0.0409 790
1747421402040 0.0409 790
1747421406442 0.0028 800
1747421406442 0.0028 800
1747421410892 0.072 810
1747421410893 0.072 810
1747421415316 0.0127 820
1747421415316 0.0127 820
1747421419763 0.0733 830
1747421419764 0.0733 830
1747421424240 0.0879 840
1747421424240 0.0879 840
1747421428701 0.084 850
1747421428702 0.084 850
1747421433183 0.04 860
1747421433184 0.04 860
1747421437624 0.0704 870
1747421437625 0.0704 870
1747421456924 0.0004 880
1747421456925 0.0004 880
1747421461404 0.0004 890
1747421461405 0.0004 890
1747421465856 0.0011 900
1747421465857 0.0011 900
1747421470257 0.0 910
1747421470258 0.0 910
1747421474692 0.0003 920
1747421474693 0.0003 920
1747421479142 0.0 930
1747421479143 0.0 930
1747421483629 0.0004 940
1747421483630 0.0004 940
1747421488062 0.0569 950
1747421488062 0.0569 950
1747421492496 0.0171 960
1747421492497 0.0171 960
1747421496994 0.0762 970
1747421496994 0.0762 970
1747421501423 0.0025 980
1747421501424 0.0025 980
1747421505911 0.1304 990
1747421505911 0.1304 990
1747421510390 0.0563 1000
1747421510391 0.0563 1000
1747421514818 0.0003 1010
1747421514818 0.0003 1010
1747421519279 0.018 1020
1747421519280 0.018 1020
1747421523739 0.0172 1030
1747421523740 0.0172 1030
1747421528187 0.0001 1040
1747421528188 0.0001 1040
1747421532613 0.0305 1050
1747421532613 0.0305 1050
1747421537044 0.0013 1060
1747421537044 0.0013 1060
1747421541450 0.0676 1070
1747421541452 0.0676 1070
1747421545924 0.0549 1080
1747421545925 0.0549 1080
1747421550314 0.001 1090
1747421550314 0.001 1090
1747421554660 0.0008 1100
1747421554661 0.0008 1100
1747421559043 0.0478 1110
1747421559044 0.0478 1110
1747421563519 0.0619 1120
1747421563520 0.0619 1120
1747421567996 0.0161 1130
1747421567997 0.0161 1130
1747421572436 0.0167 1140
1747421572437 0.0167 1140
1747421576919 0.0001 1150
1747421576920 0.0001 1150
1747421581419 0.0036 1160
1747421581420 0.0036 1160
1747421585884 0.0011 1170
1747421585884 0.0011 1170
1747421590349 0.0002 1180
1747421590350 0.0002 1180
1747421594818 0.0259 1190
1747421594819 0.0259 1190
1747421599284 0.0002 1200
1747421599285 0.0002 1200
1747421603739 0.0001 1210
1747421603740 0.0001 1210
1747421608205 0.0003 1220
1747421608206 0.0003 1220
1747421612681 0.0001 1230
1747421612682 0.0001 1230
1747421617180 0.0001 1240
1747421617181 0.0001 1240
1747421621676 0.0165 1250
1747421621677 0.0165 1250
1747421626139 0.1196 1260
1747421626140 0.1196 1260
1747421630705 0.0274 1270
1747421630706 0.0274 1270
1747421635189 0.0374 1280
1747421635189 0.0374 1280
1747421639651 0.0041 1290
1747421639652 0.0041 1290
1747421644170 0.001 1300
1747421644171 0.001 1300
1747421648622 0.0133 1310
1747421648634 0.0133 1310
1747421668146 0.0107 1320
1747421668147 0.0107 1320
1747421672622 0.0248 1330
1747421672623 0.0248 1330
1747421677114 0.0324 1340
1747421677115 0.0324 1340
1747421681595 0.0001 1350
1747421681597 0.0001 1350
1747421686092 0.0016 1360
1747421686093 0.0016 1360
1747421690559 0.0272 1370
1747421690560 0.0272 1370
1747421695014 0.0454 1380
1747421695015 0.0454 1380
1747421699534 0.0627 1390
1747421699533 0.0627 1390
1747421704010 0.0001 1400
1747421704011 0.0001 1400
1747421708503 0.0021 1410
1747421708502 0.0021 1410
1747421712941 0.0006 1420
1747421712942 0.0006 1420
1747421717393 0.0544 1430
1747421717394 0.0544 1430
1747421721876 0.0339 1440
1747421721877 0.0339 1440
1747421726368 0.0005 1450
1747421726369 0.0005 1450
1747421730877 0.0048 1460
1747421730878 0.0048 1460
1747421735361 0.0002 1470
1747421735360 0.0002 1470
1747421739828 0.0002 1480
1747421739829 0.0002 1480
1747421744316 0.0002 1490
1747421744316 0.0002 1490
1747421748801 0.0059 1500
1747421748802 0.0059 1500
1747421753310 0.0001 1510
1747421753311 0.0001 1510
1747421757813 0.0 1520
1747421757814 0.0 1520
1747421762370 0.0378 1530
1747421762371 0.0378 1530
1747421766976 0.0236 1540
1747421766976 0.0236 1540
1747421771429 0.0 1550
1747421771429 0.0 1550
1747421776016 0.0 1560
1747421776016 0.0 1560
1747421780512 0.0289 1570
1747421780513 0.0289 1570
1747421784994 0.015 1580
1747421784994 0.015 1580
1747421789587 0.0 1590
1747421789588 0.0 1590
1747421794153 0.0343 1600
1747421794154 0.0343 1600
1747421798750 0.0068 1610
1747421798751 0.0068 1610
1747421803339 0.0002 1620
1747421803340 0.0002 1620
1747421807946 0.0001 1630
1747421807947 0.0001 1630
1747421812558 0.0 1640
1747421812559 0.0 1640
1747421817115 0.044 1650
1747421817115 0.044 1650
1747421821644 0.0023 1660
1747421821644 0.0023 1660
1747421826271 0.0 1670
1747421826272 0.0 1670
1747421830992 0.0551 1680
1747421830991 0.0551 1680
1747421835850 0.0002 1690
1747421835852 0.0002 1690
1747421840664 0.0 1700
1747421840662 0.0 1700
1747421845333 0.0008 1710
1747421845334 0.0008 1710
1747421849881 0.0 1720
1747421849882 0.0 1720
1747421854428 0.0001 1730
1747421854430 0.0001 1730
1747421859000 0.0367 1740
1747421858999 0.0367 1740
1747421863616 0.0052 1750
1747421863617 0.0052 1750
