1747409473124 0.0228310502283105 10
1747409473125 0.0228310502283105 10
1747409476982 0.045662100456621 20
1747409476982 0.045662100456621 20
1747409482477 0.0684931506849315 30
1747409482477 0.0684931506849315 30
1747409486397 0.091324200913242 40
1747409486398 0.091324200913242 40
1747409490377 0.1141552511415525 50
1747409490377 0.1141552511415525 50
1747409494315 0.136986301369863 60
1747409494316 0.136986301369863 60
1747409498335 0.1598173515981735 70
1747409498336 0.1598173515981735 70
1747409502295 0.182648401826484 80
1747409502295 0.182648401826484 80
1747409506244 0.2054794520547945 90
1747409506244 0.2054794520547945 90
1747409510295 0.228310502283105 100
1747409510295 0.228310502283105 100
1747409514361 0.2511415525114155 110
1747409514361 0.2511415525114155 110
1747409518339 0.273972602739726 120
1747409518340 0.273972602739726 120
1747409522295 0.2968036529680365 130
1747409522295 0.2968036529680365 130
1747409527954 0.319634703196347 140
1747409527955 0.319634703196347 140
1747409531954 0.3424657534246575 150
1747409531954 0.3424657534246575 150
1747409537632 0.365296803652968 160
1747409537631 0.365296803652968 160
1747409541596 0.3881278538812785 170
1747409541612 0.3881278538812785 170
1747409545641 0.410958904109589 180
1747409545642 0.410958904109589 180
1747409549636 0.4337899543378995 190
1747409549637 0.4337899543378995 190
1747409555379 0.45662100456621 200
1747409555379 0.45662100456621 200
1747409559364 0.4794520547945205 210
1747409559365 0.4794520547945205 210
1747409563330 0.502283105022831 220
1747409563330 0.502283105022831 220
1747409567316 0.5251141552511416 230
1747409567317 0.5251141552511416 230
1747409571320 0.547945205479452 240
1747409571321 0.547945205479452 240
1747409576980 0.5707762557077626 250
1747409576980 0.5707762557077626 250
1747409582614 0.593607305936073 260
1747409582616 0.593607305936073 260
1747409586564 0.6164383561643836 270
1747409586564 0.6164383561643836 270
1747409590564 0.639269406392694 280
1747409590564 0.639269406392694 280
1747409594562 0.6621004566210046 290
1747409594563 0.6621004566210046 290
1747409598600 0.684931506849315 300
1747409598600 0.684931506849315 300
1747409602582 0.7077625570776256 310
1747409602582 0.7077625570776256 310
1747409606583 0.730593607305936 320
1747409606583 0.730593607305936 320
1747409610621 0.7534246575342466 330
1747409610622 0.7534246575342466 330
1747409614658 0.776255707762557 340
1747409614659 0.776255707762557 340
1747409618694 0.7990867579908676 350
1747409618695 0.7990867579908676 350
1747409622717 0.821917808219178 360
1747409622717 0.821917808219178 360
1747409626701 0.8447488584474886 370
1747409626701 0.8447488584474886 370
1747409630701 0.867579908675799 380
1747409630701 0.867579908675799 380
1747409634717 0.8904109589041096 390
1747409634717 0.8904109589041096 390
1747409638718 0.91324200913242 400
1747409638718 0.91324200913242 400
1747409642752 0.9360730593607306 410
1747409642752 0.9360730593607306 410
1747409646818 0.958904109589041 420
1747409646819 0.958904109589041 420
1747409652494 0.9817351598173516 430
1747409652495 0.9817351598173516 430
1747409667463 1.0 438
1747409667461 1.0 438
1747409670120 1.004566210045662 440
1747409670120 1.004566210045662 440
1747409674120 1.0273972602739727 450
1747409674120 1.0273972602739727 450
1747409678137 1.0502283105022832 460
1747409678137 1.0502283105022832 460
1747409682154 1.0730593607305936 470
1747409682154 1.0730593607305936 470
1747409686170 1.095890410958904 480
1747409686170 1.095890410958904 480
1747409690175 1.1187214611872145 490
1747409690176 1.1187214611872145 490
1747409694278 1.1415525114155252 500
1747409694279 1.1415525114155252 500
1747409698338 1.1643835616438356 510
1747409698338 1.1643835616438356 510
1747409702527 1.187214611872146 520
1747409702527 1.187214611872146 520
1747409706702 1.2100456621004567 530
1747409706703 1.2100456621004567 530
1747409712438 1.2328767123287672 540
1747409712438 1.2328767123287672 540
1747409716455 1.2557077625570776 550
1747409716455 1.2557077625570776 550
1747409720642 1.278538812785388 560
1747409720643 1.278538812785388 560
1747409724672 1.3013698630136985 570
1747409724672 1.3013698630136985 570
1747409728691 1.3242009132420092 580
1747409728692 1.3242009132420092 580
1747409732723 1.3470319634703196 590
1747409732723 1.3470319634703196 590
1747409736741 1.36986301369863 600
1747409736741 1.36986301369863 600
1747409740772 1.3926940639269407 610
1747409740772 1.3926940639269407 610
1747409744840 1.4155251141552512 620
1747409744840 1.4155251141552512 620
1747409748974 1.4383561643835616 630
1747409748974 1.4383561643835616 630
1747409754824 1.461187214611872 640
1747409754827 1.461187214611872 640
1747409758978 1.4840182648401825 650
1747409758979 1.4840182648401825 650
1747409763011 1.5068493150684932 660
1747409763011 1.5068493150684932 660
1747409767025 1.5296803652968036 670
1747409767025 1.5296803652968036 670
1747409771058 1.5525114155251143 680
1747409771058 1.5525114155251143 680
1747409778442 1.5753424657534247 690
1747409778442 1.5753424657534247 690
1747409782797 1.5981735159817352 700
1747409782798 1.5981735159817352 700
1747409786951 1.6210045662100456 710
1747409786952 1.6210045662100456 710
1747409791143 1.643835616438356 720
1747409791143 1.643835616438356 720
1747409795277 1.6666666666666665 730
1747409795277 1.6666666666666665 730
1747409799360 1.6894977168949772 740
1747409799361 1.6894977168949772 740
1747409805168 1.7123287671232876 750
1747409805169 1.7123287671232876 750
1747409809360 1.7351598173515983 760
1747409809360 1.7351598173515983 760
1747409813477 1.7579908675799087 770
1747409813477 1.7579908675799087 770
1747409817524 1.7808219178082192 780
1747409817524 1.7808219178082192 780
1747409821637 1.8036529680365296 790
1747409821637 1.8036529680365296 790
1747409825694 1.82648401826484 800
1747409825694 1.82648401826484 800
1747409829795 1.8493150684931505 810
1747409829795 1.8493150684931505 810
1747409833952 1.8721461187214612 820
1747409833953 1.8721461187214612 820
1747409839837 1.8949771689497716 830
1747409839838 1.8949771689497716 830
1747409843938 1.9178082191780823 840
1747409843938 1.9178082191780823 840
1747409848038 1.9406392694063928 850
1747409848038 1.9406392694063928 850
1747409852179 1.9634703196347032 860
1747409852179 1.9634703196347032 860
1747409856257 1.9863013698630136 870
1747409856258 1.9863013698630136 870
1747409870734 2.0 876
1747409870735 2.0 876
1747409875816 2.009132420091324 880
1747409875833 2.009132420091324 880
1747409882300 2.0319634703196345 890
1747409882300 2.0319634703196345 890
1747409886464 2.0547945205479454 900
1747409886465 2.0547945205479454 900
1747409890676 2.077625570776256 910
1747409890677 2.077625570776256 910
1747409896576 2.1004566210045663 920
1747409896577 2.1004566210045663 920
1747409900754 2.1232876712328768 930
1747409900755 2.1232876712328768 930
1747409904902 2.146118721461187 940
1747409904902 2.146118721461187 940
1747409909012 2.1689497716894977 950
1747409909013 2.1689497716894977 950
1747409913175 2.191780821917808 960
1747409913176 2.191780821917808 960
1747409917258 2.2146118721461185 970
1747409917259 2.2146118721461185 970
1747409921364 2.237442922374429 980
1747409921365 2.237442922374429 980
1747409925490 2.26027397260274 990
1747409925489 2.26027397260274 990
1747409929651 2.2831050228310503 1000
1747409929652 2.2831050228310503 1000
1747409933800 2.3059360730593608 1010
1747409933800 2.3059360730593608 1010
1747409937957 2.328767123287671 1020
1747409937956 2.328767123287671 1020
1747409942151 2.3515981735159817 1030
1747409942151 2.3515981735159817 1030
1747409946403 2.374429223744292 1040
1747409946404 2.374429223744292 1040
1747409950622 2.3972602739726026 1050
1747409950623 2.3972602739726026 1050
1747409954781 2.4200913242009134 1060
1747409954782 2.4200913242009134 1060
1747409958919 2.442922374429224 1070
1747409958919 2.442922374429224 1070
1747409963053 2.4657534246575343 1080
1747409963053 2.4657534246575343 1080
1747409967204 2.4885844748858448 1090
1747409967204 2.4885844748858448 1090
1747409971337 2.5114155251141552 1100
1747409971337 2.5114155251141552 1100
1747409977168 2.5342465753424657 1110
1747409977169 2.5342465753424657 1110
1747409981302 2.557077625570776 1120
1747409981303 2.557077625570776 1120
1747409987125 2.5799086757990866 1130
1747409987125 2.5799086757990866 1130
1747409991277 2.602739726027397 1140
1747409991277 2.602739726027397 1140
1747409995387 2.625570776255708 1150
1747409995387 2.625570776255708 1150
1747409999520 2.6484018264840183 1160
1747409999520 2.6484018264840183 1160
1747410003641 2.671232876712329 1170
1747410003642 2.671232876712329 1170
1747410007754 2.6940639269406392 1180
1747410007754 2.6940639269406392 1180
1747410011890 2.7168949771689497 1190
1747410011891 2.7168949771689497 1190
1747410016012 2.73972602739726 1200
1747410016013 2.73972602739726 1200
1747410020097 2.762557077625571 1210
1747410020098 2.762557077625571 1210
1747410024140 2.7853881278538815 1220
1747410024140 2.7853881278538815 1220
1747410028238 2.808219178082192 1230
1747410028238 2.808219178082192 1230
1747410032298 2.8310502283105023 1240
1747410032298 2.8310502283105023 1240
1747410036372 2.853881278538813 1250
1747410036372 2.853881278538813 1250
1747410040495 2.8767123287671232 1260
1747410040495 2.8767123287671232 1260
1747410044672 2.8995433789954337 1270
1747410044673 2.8995433789954337 1270
1747410048810 2.922374429223744 1280
1747410048811 2.922374429223744 1280
1747410053008 2.9452054794520546 1290
1747410053009 2.9452054794520546 1290
1747410057160 2.968036529680365 1300
1747410057161 2.968036529680365 1300
1747410063023 2.990867579908676 1310
1747410063023 2.990867579908676 1310
1747410076719 3.0 1314
1747410076720 3.0 1314
1747410081112 3.0136986301369864 1320
1747410081113 3.0136986301369864 1320
1747410085267 3.036529680365297 1330
1747410085268 3.036529680365297 1330
1747410089426 3.0593607305936072 1340
1747410089426 3.0593607305936072 1340
1747410093552 3.0821917808219177 1350
1747410093551 3.0821917808219177 1350
1747410097733 3.105022831050228 1360
1747410097734 3.105022831050228 1360
1747410101895 3.127853881278539 1370
1747410101896 3.127853881278539 1370
1747410106064 3.1506849315068495 1380
1747410106064 3.1506849315068495 1380
1747410110205 3.17351598173516 1390
1747410110206 3.17351598173516 1390
1747410114396 3.1963470319634704 1400
1747410114397 3.1963470319634704 1400
1747410118627 3.219178082191781 1410
1747410118627 3.219178082191781 1410
1747410122861 3.2420091324200913 1420
1747410122862 3.2420091324200913 1420
1747410127082 3.2648401826484017 1430
1747410127083 3.2648401826484017 1430
1747410131226 3.287671232876712 1440
1747410131226 3.287671232876712 1440
1747410135395 3.3105022831050226 1450
1747410135396 3.3105022831050226 1450
1747410139523 3.3333333333333335 1460
1747410139524 3.3333333333333335 1460
1747410143577 3.356164383561644 1470
1747410143577 3.356164383561644 1470
1747410147661 3.3789954337899544 1480
1747410147661 3.3789954337899544 1480
1747410151730 3.401826484018265 1490
1747410151731 3.401826484018265 1490
1747410155865 3.4246575342465753 1500
1747410155866 3.4246575342465753 1500
1747410159978 3.4474885844748857 1510
1747410159978 3.4474885844748857 1510
1747410164067 3.470319634703196 1520
1747410164067 3.470319634703196 1520
1747410169887 3.493150684931507 1530
1747410169888 3.493150684931507 1530
1747410173935 3.5159817351598175 1540
1747410173936 3.5159817351598175 1540
1747410177980 3.538812785388128 1550
1747410177981 3.538812785388128 1550
1747410182012 3.5616438356164384 1560
1747410182012 3.5616438356164384 1560
1747410186046 3.584474885844749 1570
1747410186046 3.584474885844749 1570
1747410190096 3.6073059360730593 1580
1747410190096 3.6073059360730593 1580
1747410194145 3.6301369863013697 1590
1747410194145 3.6301369863013697 1590
1747410198183 3.65296803652968 1600
1747410198184 3.65296803652968 1600
1747410202280 3.6757990867579906 1610
1747410202280 3.6757990867579906 1610
1747410206330 3.6986301369863015 1620
1747410206331 3.6986301369863015 1620
1747410210398 3.721461187214612 1630
1747410210399 3.721461187214612 1630
1747410216167 3.7442922374429224 1640
1747410216168 3.7442922374429224 1640
1747410220295 3.767123287671233 1650
1747410220297 3.767123287671233 1650
1747410224416 3.7899543378995433 1660
1747410224417 3.7899543378995433 1660
1747410228595 3.8127853881278537 1670
1747410228596 3.8127853881278537 1670
1747410232787 3.8356164383561646 1680
1747410232787 3.8356164383561646 1680
1747410236894 3.858447488584475 1690
1747410236894 3.858447488584475 1690
1747410240965 3.8812785388127855 1700
1747410240966 3.8812785388127855 1700
1747410245075 3.904109589041096 1710
1747410245076 3.904109589041096 1710
1747410249165 3.9269406392694064 1720
1747410249165 3.9269406392694064 1720
1747410253256 3.949771689497717 1730
1747410253256 3.949771689497717 1730
1747410257425 3.9726027397260273 1740
1747410257426 3.9726027397260273 1740
1747410261569 3.9954337899543377 1750
1747410261569 3.9954337899543377 1750
1747410274552 4.0 1752
1747410274553 4.0 1752
1747410276322 4.0 1752
1747410276323 4.0 1752
