1747409473124 5.696390628814697 10
1747409473125 5.696390628814697 10
1747409476982 78.03622436523438 20
1747409476982 78.03622436523438 20
1747409482477 6.269154071807861 30
1747409482477 6.269154071807861 30
1747409486397 0.16375614702701569 40
1747409486398 0.16375614702701569 40
1747409490377 0.10256442427635193 50
1747409490377 0.10256442427635193 50
1747409494315 0.007095798384398222 60
1747409494316 0.007095798384398222 60
1747409498335 3.577652931213379 70
1747409498336 3.577652931213379 70
1747409502295 0.02033500373363495 80
1747409502295 0.02033500373363495 80
1747409506244 0.009137623012065887 90
1747409506244 0.009137623012065887 90
1747409510295 0.2827141582965851 100
1747409510295 0.2827141582965851 100
1747409514361 0.01516867708414793 110
1747409514361 0.01516867708414793 110
1747409518339 0.012098017148673534 120
1747409518340 0.012098017148673534 120
1747409522295 0.01059540081769228 130
1747409522295 0.01059540081769228 130
1747409527954 0.06233726441860199 140
1747409527955 0.06233726441860199 140
1747409531954 0.024648886173963547 150
1747409531954 0.024648886173963547 150
1747409537632 0.0648544579744339 160
1747409537631 0.0648544579744339 160
1747409541596 0.008318894542753696 170
1747409541612 0.008318894542753696 170
1747409545641 0.0048271664418280125 180
1747409545642 0.0048271664418280125 180
1747409549636 0.003688722848892212 190
1747409549637 0.003688722848892212 190
1747409555379 0.004049073904752731 200
1747409555379 0.004049073904752731 200
1747409559364 21.94503402709961 210
1747409559365 21.94503402709961 210
1747409563330 0.003382612718269229 220
1747409563330 0.003382612718269229 220
1747409567316 0.0031734807416796684 230
1747409567317 0.0031734807416796684 230
1747409571320 77.8644027709961 240
1747409571321 77.8644027709961 240
1747409576980 0.1767636239528656 250
1747409576980 0.1767636239528656 250
1747409582614 27.323020935058594 260
1747409582616 27.323020935058594 260
1747409586564 0.002538972534239292 270
1747409586564 0.002538972534239292 270
1747409590564 0.009356725960969925 280
1747409590564 0.009356725960969925 280
1747409594562 5.8522562980651855 290
1747409594563 5.8522562980651855 290
1747409598600 0.11509659886360168 300
1747409598600 0.11509659886360168 300
1747409602582 0.017191598191857338 310
1747409602582 0.017191598191857338 310
1747409606583 0.015443462878465652 320
1747409606583 0.015443462878465652 320
1747409610621 0.006462736986577511 330
1747409610622 0.006462736986577511 330
1747409614658 0.006923873908817768 340
1747409614659 0.006923873908817768 340
1747409618694 0.0051865647546947 350
1747409618695 0.0051865647546947 350
1747409622717 0.00367366848513484 360
1747409622717 0.00367366848513484 360
1747409626701 0.005272537469863892 370
1747409626701 0.005272537469863892 370
1747409630701 0.011613358743488789 380
1747409630701 0.011613358743488789 380
1747409634717 0.01222351472824812 390
1747409634717 0.01222351472824812 390
1747409638718 0.006722319405525923 400
1747409638718 0.006722319405525923 400
1747409642752 0.005744529888033867 410
1747409642752 0.005744529888033867 410
1747409646818 0.003878286574035883 420
1747409646819 0.003878286574035883 420
1747409652494 0.003152190474793315 430
1747409652495 0.003152190474793315 430
1747409670120 0.0029813775327056646 440
1747409670120 0.0029813775327056646 440
1747409674120 0.26928120851516724 450
1747409674120 0.26928120851516724 450
1747409678137 0.0027815387584269047 460
1747409678137 0.0027815387584269047 460
1747409682154 0.002202285686507821 470
1747409682154 0.002202285686507821 470
1747409686170 0.003704662900418043 480
1747409686170 0.003704662900418043 480
1747409690175 0.002120494144037366 490
1747409690176 0.002120494144037366 490
1747409694278 0.0019310961943119764 500
1747409694279 0.0019310961943119764 500
1747409698338 0.0018658657791092992 510
1747409698338 0.0018658657791092992 510
1747409702527 0.0017262905603274703 520
1747409702527 0.0017262905603274703 520
1747409706702 0.0016015750588849187 530
1747409706703 0.0016015750588849187 530
1747409712438 0.0015371821355074644 540
1747409712438 0.0015371821355074644 540
1747409716455 0.0015240232460200787 550
1747409716455 0.0015240232460200787 550
1747409720642 0.0014853838365525007 560
1747409720643 0.0014853838365525007 560
1747409724672 0.001390848308801651 570
1747409724672 0.001390848308801651 570
1747409728691 0.0015058391727507114 580
1747409728692 0.0015058391727507114 580
1747409732723 0.0014622301096096635 590
1747409732723 0.0014622301096096635 590
1747409736741 0.002948874607682228 600
1747409736741 0.002948874607682228 600
1747409740772 0.0063841878436505795 610
1747409740772 0.0063841878436505795 610
1747409744840 0.0023940573446452618 620
1747409744840 0.0023940573446452618 620
1747409748974 0.0015574878780171275 630
1747409748974 0.0015574878780171275 630
1747409754824 0.0017715154681354761 640
1747409754827 0.0017715154681354761 640
1747409758978 0.001426652423106134 650
1747409758979 0.001426652423106134 650
1747409763011 0.001272544963285327 660
1747409763011 0.001272544963285327 660
1747409767025 0.0013102078810334206 670
1747409767025 0.0013102078810334206 670
1747409771058 0.001664001727476716 680
1747409771058 0.001664001727476716 680
1747409778442 0.0032823868095874786 690
1747409778442 0.0032823868095874786 690
1747409782797 0.003454440040513873 700
1747409782798 0.003454440040513873 700
1747409786951 0.003407046664506197 710
1747409786952 0.003407046664506197 710
1747409791143 0.0022391793318092823 720
1747409791143 0.0022391793318092823 720
1747409795277 0.002676788019016385 730
1747409795277 0.002676788019016385 730
1747409799360 0.0020602683071047068 740
1747409799361 0.0020602683071047068 740
1747409805168 0.0017325248336419463 750
1747409805169 0.0017325248336419463 750
1747409809360 0.001771475886926055 760
1747409809360 0.001771475886926055 760
1747409813477 0.002423986094072461 770
1747409813477 0.002423986094072461 770
1747409817524 0.006328394636511803 780
1747409817524 0.006328394636511803 780
1747409821637 8.899969100952148 790
1747409821637 8.899969100952148 790
1747409825694 0.021537568420171738 800
1747409825694 0.021537568420171738 800
1747409829795 0.0053123063407838345 810
1747409829795 0.0053123063407838345 810
1747409833952 0.003936022520065308 820
1747409833953 0.003936022520065308 820
1747409839837 0.0031687873415648937 830
1747409839838 0.0031687873415648937 830
1747409843938 0.002581555163487792 840
1747409843938 0.002581555163487792 840
1747409848038 0.00218692678026855 850
1747409848038 0.00218692678026855 850
1747409852179 0.002172078238800168 860
1747409852179 0.002172078238800168 860
1747409856257 0.0019529784331098199 870
1747409856258 0.0019529784331098199 870
1747409875816 0.0016009374521672726 880
1747409875833 0.0016009374521672726 880
1747409882300 0.0015574342105537653 890
1747409882300 0.0015574342105537653 890
1747409886464 0.0015163233038038015 900
1747409886465 0.0015163233038038015 900
1747409890676 0.0014722945634275675 910
1747409890677 0.0014722945634275675 910
1747409896576 0.0015567592345178127 920
1747409896577 0.0015567592345178127 920
1747409900754 0.0014163344167172909 930
1747409900755 0.0014163344167172909 930
1747409904902 0.0012517092982307076 940
1747409904902 0.0012517092982307076 940
1747409909012 0.001170477131381631 950
1747409909013 0.001170477131381631 950
1747409913175 0.0012117336736992002 960
1747409913176 0.0012117336736992002 960
1747409917258 0.0010137411300092936 970
1747409917259 0.0010137411300092936 970
1747409921364 0.0009707375429570675 980
1747409921365 0.0009707375429570675 980
1747409925490 0.0009621919016353786 990
1747409925489 0.0009621919016353786 990
1747409929651 0.0009197777253575623 1000
1747409929652 0.0009197777253575623 1000
1747409933800 0.0009416670654900372 1010
1747409933800 0.0009416670654900372 1010
1747409937957 0.0009144080686382949 1020
1747409937956 0.0009144080686382949 1020
1747409942151 0.0008165250765159726 1030
1747409942151 0.0008165250765159726 1030
1747409946403 0.0009300339152105153 1040
1747409946404 0.0009300339152105153 1040
1747409950622 0.0008630082593299448 1050
1747409950623 0.0008630082593299448 1050
1747409954782 0.0007947877747938037 1060
1747409954781 0.0007947877747938037 1060
1747409958919 0.0007863136706873775 1070
1747409958919 0.0007863136706873775 1070
1747409963053 0.0008021335233934224 1080
1747409963053 0.0008021335233934224 1080
1747409967204 0.0007376691210083663 1090
1747409967204 0.0007376691210083663 1090
1747409971337 0.000641634629573673 1100
1747409971337 0.000641634629573673 1100
1747409977168 0.000697361130733043 1110
1747409977169 0.000697361130733043 1110
1747409981302 0.0006561590125784278 1120
1747409981303 0.0006561590125784278 1120
1747409987125 0.0006761917611584067 1130
1747409987125 0.0006761917611584067 1130
1747409991277 0.000665056228172034 1140
1747409991277 0.000665056228172034 1140
1747409995387 0.0005704506766051054 1150
1747409995387 0.0005704506766051054 1150
1747409999520 0.0005413342150859535 1160
1747409999520 0.0005413342150859535 1160
1747410003641 0.0005739314947277308 1170
1747410003642 0.0005739314947277308 1170
1747410007754 36.8993034362793 1180
1747410007754 36.8993034362793 1180
1747410011890 0.00310440338216722 1190
1747410011891 0.00310440338216722 1190
1747410016012 0.014523802325129509 1200
1747410016013 0.014523802325129509 1200
1747410020097 0.005836394149810076 1210
1747410020098 0.005836394149810076 1210
1747410024140 0.004594463389366865 1220
1747410024140 0.004594463389366865 1220
1747410028238 0.023767132312059402 1230
1747410028238 0.023767132312059402 1230
1747410032298 0.014504975639283657 1240
1747410032298 0.014504975639283657 1240
1747410036372 0.00776555435732007 1250
1747410036372 0.00776555435732007 1250
1747410040495 0.006108105648308992 1260
1747410040495 0.006108105648308992 1260
1747410044672 0.004408726934343576 1270
1747410044673 0.004408726934343576 1270
1747410048810 8.611766815185547 1280
1747410048811 8.611766815185547 1280
1747410053008 0.00510420510545373 1290
1747410053009 0.00510420510545373 1290
1747410057160 0.004912637639790773 1300
1747410057161 0.004912637639790773 1300
1747410063023 0.003918763715773821 1310
1747410063023 0.003918763715773821 1310
1747410081112 0.0035395189188420773 1320
1747410081113 0.0035395189188420773 1320
1747410085267 0.0033030554186552763 1330
1747410085268 0.0033030554186552763 1330
1747410089426 0.009441853500902653 1340
1747410089426 0.009441853500902653 1340
1747410093551 0.05418112501502037 1350
1747410093552 0.05418112501502037 1350
1747410097733 0.015999119728803635 1360
1747410097734 0.015999119728803635 1360
1747410101895 0.011228124611079693 1370
1747410101896 0.011228124611079693 1370
1747410106064 0.007376865483820438 1380
1747410106064 0.007376865483820438 1380
1747410110205 0.0049225143156945705 1390
1747410110206 0.0049225143156945705 1390
1747410114396 0.004358959384262562 1400
1747410114397 0.004358959384262562 1400
1747410118627 0.004200974013656378 1410
1747410118627 0.004200974013656378 1410
1747410122861 0.0037363164592534304 1420
1747410122862 0.0037363164592534304 1420
1747410127082 0.0032864389941096306 1430
1747410127083 0.0032864389941096306 1430
1747410131226 0.003120607230812311 1440
1747410131226 0.003120607230812311 1440
1747410135395 0.002598097547888756 1450
1747410135396 0.002598097547888756 1450
1747410139523 0.002829417120665312 1460
1747410139524 0.002829417120665312 1460
1747410143577 0.0025173756293952465 1470
1747410143577 0.0025173756293952465 1470
1747410147661 0.0024014476221054792 1480
1747410147661 0.0024014476221054792 1480
1747410151730 0.0022929420229047537 1490
1747410151731 0.0022929420229047537 1490
1747410155865 0.002015794161707163 1500
1747410155866 0.002015794161707163 1500
1747410159978 0.0021956346463412046 1510
1747410159978 0.0021956346463412046 1510
1747410164067 0.0021390896290540695 1520
1747410164067 0.0021390896290540695 1520
1747410169887 0.0022133763413876295 1530
1747410169888 0.0022133763413876295 1530
1747410173935 0.001890192274004221 1540
1747410173936 0.001890192274004221 1540
1747410177980 0.001972213154658675 1550
1747410177981 0.001972213154658675 1550
1747410182012 0.0018405226292088628 1560
1747410182012 0.0018405226292088628 1560
1747410186046 0.001742290798574686 1570
1747410186046 0.001742290798574686 1570
1747410190096 0.001471971394494176 1580
1747410190096 0.001471971394494176 1580
1747410194145 0.0017149761551991105 1590
1747410194145 0.0017149761551991105 1590
1747410198183 0.0014477107906714082 1600
1747410198184 0.0014477107906714082 1600
1747410202280 0.0016226478619500995 1610
1747410202280 0.0016226478619500995 1610
1747410206330 0.001334494911134243 1620
1747410206331 0.001334494911134243 1620
1747410210398 0.0014247564831748605 1630
1747410210399 0.0014247564831748605 1630
1747410216167 0.0014279483584687114 1640
1747410216168 0.0014279483584687114 1640
1747410220295 0.0013233106583356857 1650
1747410220297 0.0013233106583356857 1650
1747410224416 0.0011539383558556437 1660
1747410224417 0.0011539383558556437 1660
1747410228595 0.0011486673029139638 1670
1747410228596 0.0011486673029139638 1670
1747410232787 0.0010867482051253319 1680
1747410232787 0.0010867482051253319 1680
1747410236894 0.0012709142174571753 1690
1747410236894 0.0012709142174571753 1690
1747410240965 0.0012082080356776714 1700
1747410240966 0.0012082080356776714 1700
1747410245075 0.001037733512930572 1710
1747410245076 0.001037733512930572 1710
1747410249165 0.0009517906582914293 1720
1747410249165 0.0009517906582914293 1720
1747410253256 0.001135798986069858 1730
1747410253256 0.001135798986069858 1730
1747410257425 0.0010944200912490487 1740
1747410257426 0.0010944200912490487 1740
1747410261569 0.0010269603226333857 1750
1747410261569 0.0010269603226333857 1750
