1747409473124 4.988584474885845e-05 10
1747409473125 4.988584474885845e-05 10
1747409476982 4.977168949771689e-05 20
1747409476982 4.977168949771689e-05 20
1747409482477 4.9657534246575346e-05 30
1747409482477 4.9657534246575346e-05 30
1747409486397 4.9543378995433794e-05 40
1747409486398 4.9543378995433794e-05 40
1747409490377 4.942922374429224e-05 50
1747409490377 4.942922374429224e-05 50
1747409494315 4.9315068493150684e-05 60
1747409494316 4.9315068493150684e-05 60
1747409498335 4.920091324200913e-05 70
1747409498336 4.920091324200913e-05 70
1747409502295 4.908675799086758e-05 80
1747409502295 4.908675799086758e-05 80
1747409506244 4.8972602739726034e-05 90
1747409506244 4.8972602739726034e-05 90
1747409510295 4.8858447488584476e-05 100
1747409510295 4.8858447488584476e-05 100
1747409514361 4.8744292237442924e-05 110
1747409514361 4.8744292237442924e-05 110
1747409518339 4.863013698630137e-05 120
1747409518340 4.863013698630137e-05 120
1747409522295 4.851598173515982e-05 130
1747409522295 4.851598173515982e-05 130
1747409527954 4.840182648401827e-05 140
1747409527955 4.840182648401827e-05 140
1747409531954 4.8287671232876716e-05 150
1747409531954 4.8287671232876716e-05 150
1747409537632 4.8173515981735164e-05 160
1747409537631 4.8173515981735164e-05 160
1747409541596 4.805936073059361e-05 170
1747409541612 4.805936073059361e-05 170
1747409545641 4.794520547945205e-05 180
1747409545642 4.794520547945205e-05 180
1747409549636 4.78310502283105e-05 190
1747409549637 4.78310502283105e-05 190
1747409555379 4.7716894977168955e-05 200
1747409555379 4.7716894977168955e-05 200
1747409559364 4.7602739726027403e-05 210
1747409559365 4.7602739726027403e-05 210
1747409563330 4.7488584474885845e-05 220
1747409563330 4.7488584474885845e-05 220
1747409567316 4.737442922374429e-05 230
1747409567317 4.737442922374429e-05 230
1747409571320 4.726027397260274e-05 240
1747409571321 4.726027397260274e-05 240
1747409576980 4.714611872146119e-05 250
1747409576980 4.714611872146119e-05 250
1747409582614 4.703196347031964e-05 260
1747409582616 4.703196347031964e-05 260
1747409586564 4.6917808219178085e-05 270
1747409586564 4.6917808219178085e-05 270
1747409590564 4.680365296803653e-05 280
1747409590564 4.680365296803653e-05 280
1747409594562 4.668949771689498e-05 290
1747409594563 4.668949771689498e-05 290
1747409598600 4.657534246575342e-05 300
1747409598600 4.657534246575342e-05 300
1747409602582 4.646118721461187e-05 310
1747409602582 4.646118721461187e-05 310
1747409606583 4.6347031963470325e-05 320
1747409606583 4.6347031963470325e-05 320
1747409610621 4.623287671232877e-05 330
1747409610622 4.623287671232877e-05 330
1747409614658 4.6118721461187214e-05 340
1747409614659 4.6118721461187214e-05 340
1747409618694 4.600456621004566e-05 350
1747409618695 4.600456621004566e-05 350
1747409622717 4.589041095890411e-05 360
1747409622717 4.589041095890411e-05 360
1747409626701 4.577625570776256e-05 370
1747409626701 4.577625570776256e-05 370
1747409630701 4.5662100456621006e-05 380
1747409630701 4.5662100456621006e-05 380
1747409634717 4.5547945205479454e-05 390
1747409634717 4.5547945205479454e-05 390
1747409638718 4.54337899543379e-05 400
1747409638718 4.54337899543379e-05 400
1747409642752 4.531963470319635e-05 410
1747409642752 4.531963470319635e-05 410
1747409646818 4.520547945205479e-05 420
1747409646819 4.520547945205479e-05 420
1747409652494 4.5091324200913246e-05 430
1747409652495 4.5091324200913246e-05 430
1747409670120 4.4977168949771694e-05 440
1747409670120 4.4977168949771694e-05 440
1747409674120 4.486301369863014e-05 450
1747409674120 4.486301369863014e-05 450
1747409678137 4.474885844748858e-05 460
1747409678137 4.474885844748858e-05 460
1747409682154 4.463470319634703e-05 470
1747409682154 4.463470319634703e-05 470
1747409686170 4.452054794520548e-05 480
1747409686170 4.452054794520548e-05 480
1747409690175 4.4406392694063934e-05 490
1747409690176 4.4406392694063934e-05 490
1747409694278 4.4292237442922375e-05 500
1747409694279 4.4292237442922375e-05 500
1747409698338 4.417808219178082e-05 510
1747409698338 4.417808219178082e-05 510
1747409702527 4.406392694063927e-05 520
1747409702527 4.406392694063927e-05 520
1747409706702 4.394977168949772e-05 530
1747409706703 4.394977168949772e-05 530
1747409712438 4.383561643835617e-05 540
1747409712438 4.383561643835617e-05 540
1747409716455 4.3721461187214615e-05 550
1747409716455 4.3721461187214615e-05 550
1747409720642 4.360730593607306e-05 560
1747409720643 4.360730593607306e-05 560
1747409724672 4.349315068493151e-05 570
1747409724672 4.349315068493151e-05 570
1747409728691 4.337899543378995e-05 580
1747409728692 4.337899543378995e-05 580
1747409732723 4.32648401826484e-05 590
1747409732723 4.32648401826484e-05 590
1747409736741 4.3150684931506855e-05 600
1747409736741 4.3150684931506855e-05 600
1747409740772 4.30365296803653e-05 610
1747409740772 4.30365296803653e-05 610
1747409744840 4.2922374429223744e-05 620
1747409744840 4.2922374429223744e-05 620
1747409748974 4.280821917808219e-05 630
1747409748974 4.280821917808219e-05 630
1747409754824 4.269406392694064e-05 640
1747409754827 4.269406392694064e-05 640
1747409758978 4.257990867579909e-05 650
1747409758979 4.257990867579909e-05 650
1747409763011 4.2465753424657536e-05 660
1747409763011 4.2465753424657536e-05 660
1747409767025 4.2351598173515984e-05 670
1747409767025 4.2351598173515984e-05 670
1747409771058 4.223744292237443e-05 680
1747409771058 4.223744292237443e-05 680
1747409778442 4.212328767123288e-05 690
1747409778442 4.212328767123288e-05 690
1747409782797 4.200913242009132e-05 700
1747409782798 4.200913242009132e-05 700
1747409786951 4.1894977168949776e-05 710
1747409786952 4.1894977168949776e-05 710
1747409791143 4.1780821917808224e-05 720
1747409791143 4.1780821917808224e-05 720
1747409795277 4.166666666666667e-05 730
1747409795277 4.166666666666667e-05 730
1747409799360 4.155251141552511e-05 740
1747409799361 4.155251141552511e-05 740
1747409805168 4.143835616438356e-05 750
1747409805169 4.143835616438356e-05 750
1747409809360 4.132420091324201e-05 760
1747409809360 4.132420091324201e-05 760
1747409813477 4.121004566210046e-05 770
1747409813477 4.121004566210046e-05 770
1747409817524 4.1095890410958905e-05 780
1747409817524 4.1095890410958905e-05 780
1747409821637 4.098173515981735e-05 790
1747409821637 4.098173515981735e-05 790
1747409825694 4.08675799086758e-05 800
1747409825694 4.08675799086758e-05 800
1747409829795 4.075342465753425e-05 810
1747409829795 4.075342465753425e-05 810
1747409833952 4.063926940639269e-05 820
1747409833953 4.063926940639269e-05 820
1747409839837 4.0525114155251145e-05 830
1747409839838 4.0525114155251145e-05 830
1747409843938 4.041095890410959e-05 840
1747409843938 4.041095890410959e-05 840
1747409848038 4.029680365296804e-05 850
1747409848038 4.029680365296804e-05 850
1747409852179 4.018264840182648e-05 860
1747409852179 4.018264840182648e-05 860
1747409856257 4.006849315068493e-05 870
1747409856258 4.006849315068493e-05 870
1747409875816 3.995433789954338e-05 880
1747409875833 3.995433789954338e-05 880
1747409882300 3.984018264840183e-05 890
1747409882300 3.984018264840183e-05 890
1747409886464 3.9726027397260274e-05 900
1747409886465 3.9726027397260274e-05 900
1747409890676 3.961187214611872e-05 910
1747409890677 3.961187214611872e-05 910
1747409896576 3.949771689497717e-05 920
1747409896577 3.949771689497717e-05 920
1747409900754 3.938356164383562e-05 930
1747409900755 3.938356164383562e-05 930
1747409904902 3.9269406392694066e-05 940
1747409904902 3.9269406392694066e-05 940
1747409909012 3.9155251141552514e-05 950
1747409909013 3.9155251141552514e-05 950
1747409913175 3.904109589041096e-05 960
1747409913176 3.904109589041096e-05 960
1747409917258 3.892694063926941e-05 970
1747409917259 3.892694063926941e-05 970
1747409921364 3.881278538812785e-05 980
1747409921365 3.881278538812785e-05 980
1747409925490 3.86986301369863e-05 990
1747409925489 3.86986301369863e-05 990
1747409929651 3.8584474885844754e-05 1000
1747409929652 3.8584474885844754e-05 1000
1747409933800 3.84703196347032e-05 1010
1747409933800 3.84703196347032e-05 1010
1747409937957 3.8356164383561644e-05 1020
1747409937956 3.8356164383561644e-05 1020
1747409942151 3.824200913242009e-05 1030
1747409942151 3.824200913242009e-05 1030
1747409946403 3.812785388127854e-05 1040
1747409946404 3.812785388127854e-05 1040
1747409950622 3.801369863013699e-05 1050
1747409950623 3.801369863013699e-05 1050
1747409954781 3.7899543378995436e-05 1060
1747409954782 3.7899543378995436e-05 1060
1747409958919 3.7785388127853884e-05 1070
1747409958919 3.7785388127853884e-05 1070
1747409963053 3.767123287671233e-05 1080
1747409963053 3.767123287671233e-05 1080
1747409967204 3.755707762557078e-05 1090
1747409967204 3.755707762557078e-05 1090
1747409971337 3.744292237442922e-05 1100
1747409971337 3.744292237442922e-05 1100
1747409977168 3.7328767123287675e-05 1110
1747409977169 3.7328767123287675e-05 1110
1747409981302 3.7214611872146123e-05 1120
1747409981303 3.7214611872146123e-05 1120
1747409987125 3.710045662100457e-05 1130
1747409987125 3.710045662100457e-05 1130
1747409991277 3.698630136986301e-05 1140
1747409991277 3.698630136986301e-05 1140
1747409995387 3.687214611872146e-05 1150
1747409995387 3.687214611872146e-05 1150
1747409999520 3.675799086757991e-05 1160
1747409999520 3.675799086757991e-05 1160
1747410003641 3.664383561643836e-05 1170
1747410003642 3.664383561643836e-05 1170
1747410007754 3.6529680365296805e-05 1180
1747410007754 3.6529680365296805e-05 1180
1747410011890 3.641552511415525e-05 1190
1747410011891 3.641552511415525e-05 1190
1747410016012 3.63013698630137e-05 1200
1747410016013 3.63013698630137e-05 1200
1747410020097 3.618721461187215e-05 1210
1747410020098 3.618721461187215e-05 1210
1747410024140 3.60730593607306e-05 1220
1747410024140 3.60730593607306e-05 1220
1747410028238 3.5958904109589045e-05 1230
1747410028238 3.5958904109589045e-05 1230
1747410032298 3.584474885844749e-05 1240
1747410032298 3.584474885844749e-05 1240
1747410036372 3.573059360730594e-05 1250
1747410036372 3.573059360730594e-05 1250
1747410040495 3.561643835616438e-05 1260
1747410040495 3.561643835616438e-05 1260
1747410044672 3.550228310502283e-05 1270
1747410044673 3.550228310502283e-05 1270
1747410048810 3.538812785388128e-05 1280
1747410048811 3.538812785388128e-05 1280
1747410053008 3.527397260273973e-05 1290
1747410053009 3.527397260273973e-05 1290
1747410057160 3.5159817351598174e-05 1300
1747410057161 3.5159817351598174e-05 1300
1747410063023 3.504566210045662e-05 1310
1747410063023 3.504566210045662e-05 1310
1747410081112 3.493150684931507e-05 1320
1747410081113 3.493150684931507e-05 1320
1747410085267 3.481735159817352e-05 1330
1747410085268 3.481735159817352e-05 1330
1747410089426 3.4703196347031966e-05 1340
1747410089426 3.4703196347031966e-05 1340
1747410093552 3.4589041095890414e-05 1350
1747410093551 3.4589041095890414e-05 1350
1747410097733 3.447488584474886e-05 1360
1747410097734 3.447488584474886e-05 1360
1747410101895 3.436073059360731e-05 1370
1747410101896 3.436073059360731e-05 1370
1747410106064 3.424657534246575e-05 1380
1747410106064 3.424657534246575e-05 1380
1747410110205 3.41324200913242e-05 1390
1747410110206 3.41324200913242e-05 1390
1747410114396 3.4018264840182654e-05 1400
1747410114397 3.4018264840182654e-05 1400
1747410118627 3.39041095890411e-05 1410
1747410118627 3.39041095890411e-05 1410
1747410122861 3.378995433789954e-05 1420
1747410122862 3.378995433789954e-05 1420
1747410127082 3.367579908675799e-05 1430
1747410127083 3.367579908675799e-05 1430
1747410131226 3.356164383561644e-05 1440
1747410131226 3.356164383561644e-05 1440
1747410135395 3.344748858447489e-05 1450
1747410135396 3.344748858447489e-05 1450
1747410139523 3.3333333333333335e-05 1460
1747410139524 3.3333333333333335e-05 1460
1747410143577 3.321917808219178e-05 1470
1747410143577 3.321917808219178e-05 1470
1747410147661 3.310502283105023e-05 1480
1747410147661 3.310502283105023e-05 1480
1747410151730 3.299086757990868e-05 1490
1747410151731 3.299086757990868e-05 1490
1747410155865 3.287671232876712e-05 1500
1747410155866 3.287671232876712e-05 1500
1747410159978 3.2762557077625575e-05 1510
1747410159978 3.2762557077625575e-05 1510
1747410164067 3.264840182648402e-05 1520
1747410164067 3.264840182648402e-05 1520
1747410169887 3.253424657534247e-05 1530
1747410169888 3.253424657534247e-05 1530
1747410173935 3.242009132420091e-05 1540
1747410173936 3.242009132420091e-05 1540
1747410177980 3.230593607305936e-05 1550
1747410177981 3.230593607305936e-05 1550
1747410182012 3.219178082191781e-05 1560
1747410182012 3.219178082191781e-05 1560
1747410186046 3.207762557077626e-05 1570
1747410186046 3.207762557077626e-05 1570
1747410190096 3.1963470319634704e-05 1580
1747410190096 3.1963470319634704e-05 1580
1747410194145 3.184931506849315e-05 1590
1747410194145 3.184931506849315e-05 1590
1747410198183 3.17351598173516e-05 1600
1747410198184 3.17351598173516e-05 1600
1747410202280 3.162100456621005e-05 1610
1747410202280 3.162100456621005e-05 1610
1747410206330 3.1506849315068496e-05 1620
1747410206331 3.1506849315068496e-05 1620
1747410210398 3.1392694063926944e-05 1630
1747410210399 3.1392694063926944e-05 1630
1747410216167 3.127853881278539e-05 1640
1747410216168 3.127853881278539e-05 1640
1747410220295 3.116438356164384e-05 1650
1747410220297 3.116438356164384e-05 1650
1747410224416 3.105022831050228e-05 1660
1747410224417 3.105022831050228e-05 1660
1747410228595 3.093607305936073e-05 1670
1747410228596 3.093607305936073e-05 1670
1747410232787 3.082191780821918e-05 1680
1747410232787 3.082191780821918e-05 1680
1747410236894 3.070776255707763e-05 1690
1747410236894 3.070776255707763e-05 1690
1747410240965 3.059360730593607e-05 1700
1747410240966 3.059360730593607e-05 1700
1747410245075 3.047945205479452e-05 1710
1747410245076 3.047945205479452e-05 1710
1747410249165 3.036529680365297e-05 1720
1747410249165 3.036529680365297e-05 1720
1747410253256 3.025114155251142e-05 1730
1747410253256 3.025114155251142e-05 1730
1747410257425 3.0136986301369862e-05 1740
1747410257426 3.0136986301369862e-05 1740
1747410261569 3.0022831050228313e-05 1750
1747410261569 3.0022831050228313e-05 1750
