1747409473124 0.5319 10
1747409473125 0.5319 10
1747409476982 0.1265 20
1747409476982 0.1265 20
1747409482477 0.2226 30
1747409482477 0.2226 30
1747409486397 0.0484 40
1747409486398 0.0484 40
1747409490377 0.0097 50
1747409490377 0.0097 50
1747409494315 0.0015 60
1747409494316 0.0015 60
1747409498335 0.1336 70
1747409498336 0.1336 70
1747409502295 0.0162 80
1747409502295 0.0162 80
1747409506244 0.0004 90
1747409506244 0.0004 90
1747409510295 0.0572 100
1747409510295 0.0572 100
1747409514361 0.0101 110
1747409514361 0.0101 110
1747409518339 0.0006 120
1747409518340 0.0006 120
1747409522295 0.0452 130
1747409522295 0.0452 130
1747409527954 0.0382 140
1747409527955 0.0382 140
1747409531954 0.0425 150
1747409531954 0.0425 150
1747409537631 0.001 160
1747409537632 0.001 160
1747409541596 0.0009 170
1747409541612 0.0009 170
1747409545641 0.0206 180
1747409545642 0.0206 180
1747409549636 0.0002 190
1747409549637 0.0002 190
1747409555379 0.0002 200
1747409555379 0.0002 200
1747409559364 0.0135 210
1747409559365 0.0135 210
1747409563330 0.0001 220
1747409563330 0.0001 220
1747409567316 0.0001 230
1747409567317 0.0001 230
1747409571320 0.0482 240
1747409571321 0.0482 240
1747409576980 0.0001 250
1747409576980 0.0001 250
1747409582614 0.0271 260
1747409582616 0.0271 260
1747409586564 0.0001 270
1747409586564 0.0001 270
1747409590564 0.0995 280
1747409590564 0.0995 280
1747409594562 0.048 290
1747409594563 0.048 290
1747409598600 0.0279 300
1747409598600 0.0279 300
1747409602582 0.0455 310
1747409602582 0.0455 310
1747409606583 0.0008 320
1747409606583 0.0008 320
1747409610621 0.0004 330
1747409610622 0.0004 330
1747409614658 0.0003 340
1747409614659 0.0003 340
1747409618694 0.0002 350
1747409618695 0.0002 350
1747409622717 0.0002 360
1747409622717 0.0002 360
1747409626701 0.0575 370
1747409626701 0.0575 370
1747409630701 0.0385 380
1747409630701 0.0385 380
1747409634717 0.0006 390
1747409634717 0.0006 390
1747409638718 0.0004 400
1747409638718 0.0004 400
1747409642752 0.0002 410
1747409642752 0.0002 410
1747409646818 0.0002 420
1747409646819 0.0002 420
1747409652494 0.0002 430
1747409652495 0.0002 430
1747409670120 0.0001 440
1747409670120 0.0001 440
1747409674120 0.0002 450
1747409674120 0.0002 450
1747409678137 0.0001 460
1747409678137 0.0001 460
1747409682154 0.0352 470
1747409682154 0.0352 470
1747409686170 0.0178 480
1747409686170 0.0178 480
1747409690175 0.0001 490
1747409690176 0.0001 490
1747409694278 0.0001 500
1747409694279 0.0001 500
1747409698338 0.0001 510
1747409698338 0.0001 510
1747409702527 0.0001 520
1747409702527 0.0001 520
1747409706702 0.0001 530
1747409706703 0.0001 530
1747409712438 0.0001 540
1747409712438 0.0001 540
1747409716455 0.0001 550
1747409716455 0.0001 550
1747409720642 0.0001 560
1747409720643 0.0001 560
1747409724672 0.0372 570
1747409724672 0.0372 570
1747409728691 0.0493 580
1747409728692 0.0493 580
1747409732723 0.0002 590
1747409732723 0.0002 590
1747409736741 0.0521 600
1747409736741 0.0521 600
1747409740772 0.0232 610
1747409740772 0.0232 610
1747409744840 0.0001 620
1747409744840 0.0001 620
1747409748974 0.0004 630
1747409748974 0.0004 630
1747409754824 0.0011 640
1747409754827 0.0011 640
1747409758978 0.0001 650
1747409758979 0.0001 650
1747409763011 0.001 660
1747409763011 0.001 660
1747409767025 0.0 670
1747409767025 0.0 670
1747409771058 0.0648 680
1747409771058 0.0648 680
1747409778442 0.0001 690
1747409778442 0.0001 690
1747409782797 0.0002 700
1747409782798 0.0002 700
1747409786951 0.0002 710
1747409786952 0.0002 710
1747409791143 0.0001 720
1747409791143 0.0001 720
1747409795277 0.0001 730
1747409795277 0.0001 730
1747409799360 0.0001 740
1747409799361 0.0001 740
1747409805168 0.0001 750
1747409805169 0.0001 750
1747409809360 0.0001 760
1747409809360 0.0001 760
1747409813477 0.0735 770
1747409813477 0.0735 770
1747409817524 0.0001 780
1747409817524 0.0001 780
1747409821637 0.1196 790
1747409821637 0.1196 790
1747409825694 0.0011 800
1747409825694 0.0011 800
1747409829795 0.0004 810
1747409833952 0.0002 820
1747409833953 0.0002 820
1747409839837 0.0001 830
1747409839838 0.0001 830
1747409843938 0.0001 840
1747409843938 0.0001 840
1747409848038 0.0001 850
1747409848038 0.0001 850
1747409852179 0.0001 860
1747409852179 0.0001 860
1747409856257 0.0001 870
1747409856258 0.0001 870
1747409875816 0.0001 880
1747409875833 0.0001 880
1747409882300 0.0001 890
1747409882300 0.0001 890
1747409886464 0.0001 900
1747409886465 0.0001 900
1747409890676 0.0001 910
1747409890677 0.0001 910
1747409896576 0.0001 920
1747409896577 0.0001 920
1747409900754 0.0001 930
1747409900755 0.0001 930
1747409904902 0.0 940
1747409904902 0.0 940
1747409909012 0.0001 950
1747409909013 0.0001 950
1747409913175 0.0 960
1747409913176 0.0 960
1747409917258 0.0 970
1747409917259 0.0 970
1747409921364 0.0 980
1747409921365 0.0 980
1747409925490 0.0 990
1747409925489 0.0 990
1747409929651 0.0 1000
1747409929652 0.0 1000
1747409933800 0.0 1010
1747409933800 0.0 1010
1747409937957 0.0 1020
1747409937956 0.0 1020
1747409942151 0.0 1030
1747409942151 0.0 1030
1747409946403 0.0 1040
1747409946404 0.0 1040
1747409950622 0.0 1050
1747409950623 0.0 1050
1747409954782 0.0 1060
1747409954781 0.0 1060
1747409958919 0.0 1070
1747409958919 0.0 1070
1747409963053 0.0 1080
1747409963053 0.0 1080
1747409967204 0.0 1090
1747409967204 0.0 1090
1747409971337 0.0 1100
1747409971337 0.0 1100
1747409977168 0.0 1110
1747409977169 0.0 1110
1747409981302 0.0 1120
1747409981303 0.0 1120
1747409987125 0.0 1130
1747409991277 0.0 1140
1747409991277 0.0 1140
1747409995387 0.0 1150
1747409995387 0.0 1150
1747409999520 0.0 1160
1747409999520 0.0 1160
1747410003641 0.0 1170
1747410003642 0.0 1170
1747410007754 0.0022 1180
1747410007754 0.0022 1180
1747410011890 0.0681 1190
1747410011891 0.0681 1190
1747410016012 0.0011 1200
1747410016013 0.0011 1200
1747410020097 0.0003 1210
1747410020098 0.0003 1210
1747410024140 0.0002 1220
1747410024140 0.0002 1220
1747410028238 0.0632 1230
1747410028238 0.0632 1230
1747410032298 0.0008 1240
1747410032298 0.0008 1240
1747410036372 0.0004 1250
1747410036372 0.0004 1250
1747410040495 0.0003 1260
1747410040495 0.0003 1260
1747410044672 0.021 1270
1747410044673 0.021 1270
1747410048810 0.0541 1280
1747410048811 0.0541 1280
1747410053008 0.0002 1290
1747410053009 0.0002 1290
1747410057160 0.0002 1300
1747410057161 0.0002 1300
1747410063023 0.0002 1310
1747410063023 0.0002 1310
1747410081112 0.0002 1320
1747410081113 0.0002 1320
1747410085267 0.0002 1330
1747410085268 0.0002 1330
1747410089426 0.1128 1340
1747410089426 0.1128 1340
1747410093551 0.0051 1350
1747410093552 0.0051 1350
1747410097733 0.001 1360
1747410097734 0.001 1360
1747410101895 0.0007 1370
1747410101896 0.0007 1370
1747410106064 0.0004 1380
1747410106064 0.0004 1380
1747410110205 0.0002 1390
1747410110206 0.0002 1390
1747410114396 0.0002 1400
1747410114397 0.0002 1400
1747410118627 0.0002 1410
1747410118627 0.0002 1410
1747410122861 0.0002 1420
1747410122862 0.0002 1420
1747410127082 0.0001 1430
1747410127083 0.0001 1430
1747410131226 0.0001 1440
1747410131226 0.0001 1440
1747410135395 0.0001 1450
1747410135396 0.0001 1450
1747410139523 0.0002 1460
1747410139524 0.0002 1460
1747410143577 0.0001 1470
1747410143577 0.0001 1470
1747410147661 0.0001 1480
1747410147661 0.0001 1480
1747410151730 0.0001 1490
1747410151731 0.0001 1490
1747410155865 0.0537 1500
1747410155866 0.0537 1500
1747410159978 0.0001 1510
1747410159978 0.0001 1510
1747410164067 0.0001 1520
1747410164067 0.0001 1520
1747410169887 0.0001 1530
1747410169888 0.0001 1530
1747410173935 0.0001 1540
1747410173936 0.0001 1540
1747410177980 0.0001 1550
1747410177981 0.0001 1550
1747410182012 0.0001 1560
1747410182012 0.0001 1560
1747410186046 0.0001 1570
1747410186046 0.0001 1570
1747410190096 0.0001 1580
1747410190096 0.0001 1580
1747410194145 0.0001 1590
1747410194145 0.0001 1590
1747410198183 0.0001 1600
1747410198184 0.0001 1600
1747410202280 0.0001 1610
1747410202280 0.0001 1610
1747410206330 0.0001 1620
1747410206331 0.0001 1620
1747410210398 0.0001 1630
1747410210399 0.0001 1630
1747410216167 0.0001 1640
1747410216168 0.0001 1640
1747410220295 0.0001 1650
1747410220297 0.0001 1650
1747410224416 0.0001 1660
1747410224417 0.0001 1660
1747410228595 0.0001 1670
1747410228596 0.0001 1670
1747410232787 0.0 1680
1747410232787 0.0 1680
1747410236894 0.0 1690
1747410236894 0.0 1690
1747410240965 0.0 1700
1747410240966 0.0 1700
1747410245075 0.0 1710
1747410245076 0.0 1710
1747410249165 0.0 1720
1747410249165 0.0 1720
1747410253256 0.0 1730
1747410253256 0.0 1730
1747410257425 0.0 1740
1747410257426 0.0 1740
1747410261569 0.0 1750
1747410261569 0.0 1750
